type,name
xmodelsurfs,#hash_37881bed85fe1744
xmodelsurfs,#hash_285659a3185fde48
xmodeldetailcollision,#hash_3dfb6123414f6dd9
material,#hash_d59aaad90164ecba
xmodelsurfs,#hash_f538e2ea80a5ca8b
xmodelsurfs,#hash_d7dbf50459e01763
xmodel,#wm_jup_cp08_br_xmike5_pgrip_ass_000
image,#hash_9f6cb5371a9e81c9
image,#hash_ba36f728f8875f28
image,#hash_f51a28cd459f55c7
streaminginfo,#cp_aw_jup_cp08_br_xmike5_pgrip_ass_000_lod0_tr