type,name
image,#ee_foliage_tree_grass_lm_tall_tint_512~16462428613366715008
image,#ee_foliage_tree_grass_lm_tint_512~17626920598846209864
gfx_map_trzone,#mp_port2_gw_00093_tr
fx_map_trzone,#mp_port2_gw_00093_tr
xmodel,#com_trafficcone_01_dyn
dynentitylist,#dynentitylist93
image,#*reflection_probe_octahedron_190
image,#cp_disco_chainlink_fence_01_sdf~12356222318589127201
image,#signage_ee_industrial_poster_sheet_01_a~4672170035426746226
image,#uk_siding_metal_corrugated_01_bolt_r~242486528683456594
image,#vfx_noise_smoke_06
image,#vfx_postfx_bokeh_sharp_sheet_1_c~12152473381305564999
image,#vfx_postfx_bokeh_sharp_sheet_1_c~2982143633814753353
image,#vfx_vol_dust_ground_snake_anim_2_c~7114797570519502128
image,#vfx_vol_smoke_card_4_c~11516498417703660628
xmodelsurfs,#barrier_traffic_concrete_block_01_lod0_auto1_auto2_auto3_auto410v40
xmodelsurfs,#barrier_traffic_concrete_block_01_painted_lod0_auto1_auto2_auto3_auto410v40
xmodelsurfs,#conduit_metal_outlet_switch_lod010v41
xmodelsurfs,#construction_container_crane_arm_01_lod5_auto510v40
xmodelsurfs,#construction_container_crane_beam_grp_01_lod0_auto1_auto2_auto3_auto410v40
xmodelsurfs,#construction_container_crane_beam_grp_02_lod0_auto1_auto2_auto3_auto410v40
xmodelsurfs,#construction_container_crane_cabin_01_lod510v40
xmodelsurfs,#construction_container_crane_catwalk_01_lod0_auto1_auto2_auto3_auto4_auto510v040
xmodelsurfs,#construction_container_crane_catwalk_02_lod510v040
xmodelsurfs,#construction_container_crane_catwalk_03_lod0_auto1_auto2_auto3_auto4_auto510v010
xmodelsurfs,#construction_container_crane_catwalk_04_lod0_auto1_auto2_auto3_auto4_auto510-1-v010
xmodelsurfs,#construction_container_crane_catwalk_05_lod0_auto1_auto2_auto3_auto4_auto510-1-v010
xmodelsurfs,#construction_container_crane_counterweight_01_lod510v40
xmodelsurfs,#construction_container_crane_foot_01_lod510v40
xmodelsurfs,#construction_container_crane_foot_02_lod510v40
xmodelsurfs,#construction_container_crane_hook_01_lod510v40
xmodelsurfs,#construction_container_crane_leg_01_lod510v40
xmodelsurfs,#construction_container_crane_leg_bed_01_lod0_auto1_auto2_auto3_auto4_auto510-2-v40
xmodelsurfs,#construction_container_crane_leg_pipes_01_lod510v40
xmodelsurfs,#construction_container_crane_seat_01_lod0_auto1_auto2_auto310v010
xmodelsurfs,#construction_window_frames_metal_single_01_white_lod0_auto110v40
xmodelsurfs,#construction_wood_log_pile_long_lodx10v40
xmodelsurfs,#container_crane_02_cabin_holder_lodx10v40
xmodelsurfs,#container_crane_02_cabin_lodx10v040
xmodelsurfs,#container_crane_02_catwalk_01a_lodx10v010
xmodelsurfs,#container_crane_02_catwalk_02a_lodx10v010
xmodelsurfs,#container_crane_02_foot_01a_lodx10v40
xmodelsurfs,#container_crane_02_legs_01a_lodx10v40
xmodelsurfs,#container_crane_02_machinery_lodx10v040
xmodelsurfs,#container_crane_02_moving_parts_lodx10v040
xmodelsurfs,#container_crane_02_top_rails_lodx10v40
xmodelsurfs,#container_crane_02_wheel_grp_02a_lodx10v40
xmodelsurfs,#cp_disco_street_barricade_lod0_auto1_auto210v40
xmodelsurfs,#decor_drying_rack_01_cup_01_lod0_auto110v40
xmodelsurfs,#door_wooden_hollow_mp_01_lod0_auto1_auto210v60
xmodelsurfs,#ee_disco_tarp_01_lod0_auto1_auto2_auto310v40
xmodelsurfs,#ee_furniture_damaged_desk_chair_lod0_auto1_auto2_auto3_auto400v40
xmodelsurfs,#ee_pipe_05_64_lod0_auto110v40
xmodelsurfs,#ee_road_asphalt_4lane_01_fork_lod210v40
xmodelsurfs,#ee_road_asphalt_4lane_01_nrml_b_lod210v40
xmodelsurfs,#ee_road_asphalt_4lane_01_nrml_c_lod210v40
xmodelsurfs,#ee_road_asphalt_4lane_01_nrml_lod210v40
xmodelsurfs,#ee_rock_cliff_02_lod0_auto1_auto2_auto3_auto410v40
xmodelsurfs,#ee_rock_cliff_05_lod0_auto1_auto2_auto3_auto410v40
xmodelsurfs,#ee_rock_cliff_iceland_01_lod0_auto1_auto2_auto3_auto4_auto510v40
xmodelsurfs,#ee_rock_outcrop_02_lod0_auto1_auto2_auto310v40
xmodelsurfs,#ee_utility_high_mast_lighting_lodx10v010
xmodelsurfs,#ee_wall_riverbank_03_lod210v40
xmodelsurfs,#ee_wall_riverbank_ramp_sewer_01_lod0_auto1_auto210v010
xmodelsurfs,#electrical_box_medium_02_lod0_auto1_auto2_auto310v40
xmodelsurfs,#lm_window_corner_48x72_lod010v41
xmodelsurfs,#machinery_railroad_track_buffer_lod0_auto1_auto2_auto310v40
xmodelsurfs,#machinery_railroad_track_in_concrete_256_02_lod0_auto1_auto2_auto310v40
xmodelsurfs,#me_curb_trash_02_lod0_auto1_auto2_auto310v40
xmodelsurfs,#me_foliage_shrub_dry_01_lrg_lod0_auto1_auto2_auto310v60
xmodelsurfs,#mout_catwalk_railing_64_lod1_auto210v40
xmodelsurfs,#speaker_public_iw6_lod0_auto1_auto210v40
xmodelsurfs,#stationary_train_car_cargo_01_lodx10v40
xmodelsurfs,#stationary_train_car_cargo_door_left_01_lod0_auto1_auto2_auto310-2-v410
xmodelsurfs,#stationary_train_car_cargo_door_right_01_lod0_auto1_auto2_auto310-2-v410
xmodelsurfs,#stationary_train_car_chassis_01_lod0_auto1_auto2_auto3_auto4_auto510-109-v40
xmodelsurfs,#stationary_train_car_wheels_01_lod0_auto1_auto2_auto3_auto4_auto510v40
xmodelsurfs,#storage_shipping_container_20ft_closed_lm_lodx10v40
xmodelsurfs,#uk_kitchen_cabinet_01_island_b_end_lod0_auto1_auto2_auto310v010
xmodelsurfs,#uk_kitchen_cabinet_01_island_b_lodx10v40
xmodelsurfs,#uk_shipping_crate_wood_closed_01_lodx10v40
xmodelsurfs,#uk_siding_metal_corrugated_01_88_corner_lod010v011
xmodelsurfs,#un_building_tarp_construction_128_06_lod0_auto100v60
xmodelsurfs,#un_office_computer_monitor_01_169_lod0_auto1_auto2_auto300v010
xmodelsurfs,#un_office_desk_phone_cordless_rig_lod0_auto1_auto2_auto310v40
xmodelsurfs,#un_office_steel_book_rack_01_large_lodx10v40
xmodelsurfs,#un_office_storage_box_01_lod0_auto110v40
xmodelsurfs,#veh8_ind_lnd_talfa_base_lm_lod1_auto2_auto3_auto4_auto510-18e-v0010
xmodelsurfs,#veh8_ind_lnd_talfa_base_wheel_lft_frt_lm_lod0_auto1_auto2_auto3_auto410v40
xmodelsurfs,#watertank1_ladder_216_lod0_auto1_auto210v40
xmodelsurfs,#watertank1_ladder_288_lodx10v40
xmodelsurfs,#watertank1_ladder_36_lodx10v40
xmodelsurfs,#watertank1_ladder_72_lodx10v40
xmodelsurfs,#window_blinds_office_closed_01_long_lod210hccv40
xmodelsurfs,#wires_hanging_clustered_02_lod0_auto1_auto2_auto310v40
streaminginfo,#mp_port2_gw_00093_tr