type,name
xmodelsurfs,#att_vm_p01_dm_stango25_guardhvy_v0_9b26c3541606c0ba04197f616_mp_av_att_vm_p01_dm_stango25_guardhvy_v0_tr
material,#hash_c606c85a4fa8f62b
material,#hash_ccbc08442f5894bb
material,#i/sticker_1_blank
material,#i/sticker_2_blank
material,#i/sticker_3_blank
material,#i/sticker_4_blank
material,#i/sticker_5_blank
xmodel,#att_vm_p01_dm_stango25_guardhvy_v0
material,#hash_a67907755c17180b
material,#hash_bc1391dc738229db
xmodel,#att_vm_p01_dm_stango25_guardhvy_v11::att_vm_p01_dm_stango25_guardhvy_v0
image,#hash_822542d77e1a3e94
image,#hash_8382a39a89a4f204
image,#hash_8628e2c79d71810f
image,#hash_9f3b27d443708f16
image,#hash_b2ad884e1ba391b2
image,#hash_b9de53e2730f5a29
image,#hash_cc0b599023ede907
image,#hash_ccb4f9fe4b63199c
image,#hash_cfac981da151ba0d
image,#hash_d9d38f67025bfefe
image,#hash_e599b7824b0ea40c
image,#hash_e9cbfe183d91773b
image,#hash_eac171b26605f111
streaminginfo,#mp_av_att_vm_p01_dm_stango25_guardhvy_v0_tr