type,name
xmodelsurfs,#jup_jp13_dm_svictork_pgrip_ass_lod0_2b6d61313c239c9a040becabf_mp_av_jup_jp13_dm_svictork_pgrip_ass_lod0_tr
material,#hash_8133d9c176e44e5a
xmodel,#vm_jup_jp13_dm_svictork_pgrip_ass
material,#hash_ae4c47a5e4f3ed46
xmodel,#vm_jup_jp13_sn_svictor_pgrip_ass_3032::vm_jup_jp13_dm_svictork_pgrip_ass
image,#hash_a1be398efc5905c1
image,#hash_a495d657d243b580
image,#hash_b79967d57977498c
image,#hash_dbfe13bb3986e6ee
image,#hash_f25bc9102da85e07
streaminginfo,#mp_av_jup_jp13_dm_svictork_pgrip_ass_lod0_tr