type,name
xmodelsurfs,#vm_jup_silencer_ar_jp34_000_2d5f01caec3e20a20415d19ee_mp_av_vm_jup_silencer_ar_jp34_000_tr
material,#hash_e91d539bb50978b4
xmodel,#jup_att_vm_silencer_ar_jp34_mike16_v5003::vm_jup_silencer_ar_jp34_000
material,#hash_df9a9930581e512f
xmodel,#vm_jup_jp25_ar_talpha95_silencer_5508::vm_jup_silencer_ar_jp34_000
material,#hash_ac0f1a75863cc53a
xmodel,#vm_jup_jp34_ar_balpha27_silencer_4020::vm_jup_silencer_ar_jp34_000
material,#hash_8c08027c0510ad71
materialanimation,#blueprint_octopus_01
xmodel,#vm_jup_jp34_ar_balpha27_silencer_5008::vm_jup_silencer_ar_jp34_000
material,#hash_98098d5e9deba728
xmodel,#vm_jup_silencer_ar_jp34_000
image,#hash_90bba36839e8694a
image,#hash_95d6dbac974eb386
image,#hash_a0a1b7f4f5862081
image,#hash_a11e6e57378ed986
image,#hash_a3911312e3b642c1
image,#hash_a446eaa52cdab833
image,#hash_a4b99b536f8df5c2
image,#hash_a968f9d6e759ecca
image,#hash_b3ac855549f7cac4
image,#hash_b62949c416e16d39
image,#hash_bb63dfe0ca4a86b8
image,#hash_bcb55e6cebca0837
image,#hash_bf45527af48656c5
image,#hash_c1895e3c5d966372
image,#hash_d28c96b6dfb00658
image,#hash_e178a5ccaa7e1db6
image,#hash_e5a4e4831e05c7d4
image,#hash_e5c92199f911cbee
image,#hash_efd3eb5f73f3e095
image,#hash_f178de03caf9efc0
image,#hash_fac106f02d7ee629
streaminginfo,#mp_av_vm_jup_silencer_ar_jp34_000_tr