type,name
xmodelsurfs,#att_wm_p42_ar_ngsierra_gripskel_v0_07f90fe771009ca0040eac2b4_mp_aw_att_wm_p42_ar_ngsierra_gripskel_v0_tr
xmodelsurfs,#att_wm_p42_ar_ngsierra_gripskel_v0_b9651dd10f6b8428040eac2b4_mp_aw_att_wm_p42_ar_ngsierra_gripskel_v0_tr
xmodeldetailcollision,#att_wm_p42_ar_ngsierra_gripass_v0
material,#wpn_p01_ar_mike4_gripskel_v0
xmodelsurfs,#hash_80774d743d4a95bb
xmodelsurfs,#hash_a83da09cebc88ac1
material,#i/sticker_1_blank
material,#i/sticker_2_blank
material,#i/sticker_3_blank
material,#i/sticker_4_blank
material,#i/sticker_5_blank
xmodel,#att_wm_p42_ar_ngsierra_gripskel_v0
material,#hash_a7f24a9510cca80b
xmodel,#att_wm_p42_br_ngsierra_gripskel_v3::att_wm_p42_ar_ngsierra_gripskel_v0
image,#hash_8bd1e23e2937fd50
image,#hash_c86b75718fd9fd48
image,#hash_d54e1eb3db264a94
image,#hash_efed3ef99655ead9
image,#hash_f8bb55035a8ccebc
streaminginfo,#mp_aw_att_wm_p42_ar_ngsierra_gripskel_v0_tr