type,name
xmodelsurfs,#att_wm_p44_sh_tsierra12_barhvy_v0_3470390359fbdd34041cb5734_mp_aw_att_wm_p44_sh_tsierra12_barhvy_v0_tr
xmodeldetailcollision,#att_wm_p44_sh_tsierra12_barhvy_v0
material,#hash_a4f9bf9e82c16b9c
material,#hash_96a31e3f6e294b69
material,#hash_8e86d1845bde61a8
xmodelsurfs,#hash_e823ac97ac764749
xmodelsurfs,#hash_8e5428603feee8d0
xmodelsurfs,#hash_9ce24392eda98543
material,#i/sticker_1_blank
material,#i/sticker_2_blank
material,#i/sticker_3_blank
material,#i/sticker_4_blank
material,#i/sticker_5_blank
xmodel,#att_wm_p44_sh_tsierra12_barhvy_v0
material,#hash_95cfc9582ead09b4
material,#hash_a07437c83027ecff
material,#hash_d09a70b6af584df6
xmodel,#att_wm_p44_sh_tsierra12_barhvy_v13::att_wm_p44_sh_tsierra12_barhvy_v0
material,#hash_a4f9c19e82c16f02
material,#hash_96a31c3f6e294803
material,#hash_a0bbb394b9319de8
xmodel,#att_wm_p44_sh_tsierra12_barhvy_v2::att_wm_p44_sh_tsierra12_barhvy_v0
material,#hash_a4f9bc9e82c16683
material,#hash_96a3213f6e295082
material,#hash_a0bbba94b931a9cd
xmodel,#att_wm_p44_sh_tsierra12_barhvy_v5::att_wm_p44_sh_tsierra12_barhvy_v0
material,#hash_a4f9bd9e82c16836
material,#hash_96a3203f6e294ecf
material,#hash_a0bbb794b931a4b4
materialanimation,#iw9_season5_weapon_tsierra12_v6
xmodel,#att_wm_p44_sh_tsierra12_barhvy_v6::att_wm_p44_sh_tsierra12_barhvy_v0
material,#hash_a4f9c79e82c17934
material,#hash_96a3263f6e295901
material,#hash_a0bbad94b93193b6
xmodel,#att_wm_p44_sh_tsierra12_barhvy_v8::att_wm_p44_sh_tsierra12_barhvy_v0
image,#hash_80571cd68b2a89f5
image,#hash_85b7a11304c5fddf
image,#hash_87eae827958d0068
image,#hash_89ab0c5401a018fa
image,#hash_8df04bdbec10d084
image,#hash_8e6cbc489ffc9eac
image,#hash_8e9d22c50c33e28f
image,#hash_8f5119b71913bb1b
image,#hash_90c29eb87297deaa
image,#hash_92e576ce8c901f87
image,#hash_93d4d58512410786
image,#hash_9ce8336ff0fcd4c9
image,#hash_9d3ec574cf3a7e6d
image,#hash_a00cd80c79208609
image,#hash_a146812b71e285d6
image,#hash_a3f308d8adae4137
image,#hash_a5f2526d4838b24b
image,#hash_a793d02db6a8701c
image,#hash_a887ff3219252237
image,#hash_ac473218d73f01be
image,#hash_ac74d43f645216ee
image,#hash_afa1ac8de84777bc
image,#hash_afe32b6abd2cc516
image,#hash_b3dc0f29354203e8
image,#hash_b61cea4ba053cab0
image,#hash_b8012c022e8ca63f
image,#hash_b810bd8e6b27439b
image,#hash_b82f95210118ed89
image,#hash_b8bea19a7f0fc26f
image,#hash_b93053d419c57281
image,#hash_b93d33d419cfc67d
image,#hash_bb5f3d845921817e
image,#hash_c49d6292007d378a
image,#hash_c52d01645da26663
image,#hash_c651a9d884ecf6d5
image,#hash_c72e705e0985834d
image,#hash_cab6390b13bc00de
image,#hash_cbdd60dc9cc88b2c
image,#hash_ce6ec3734f04f8c8
image,#hash_ceeee599627b4ed1
image,#hash_d0f9b2b09ecf52c3
image,#hash_d1e9b2e9538c608f
image,#hash_d3bef0a9ad38e598
image,#hash_dcd0946944100ea3
image,#hash_dd845baa6cc35bde
image,#hash_deb3c45a9e70c8a1
image,#hash_df434a2f1e5d0ab7
image,#hash_e3367bf5cff22024
image,#hash_e61ae1fa4f5dd202
image,#hash_e673306e7928fae2
image,#hash_e89905c1e44ace9f
image,#hash_eb9aa2afbfed5e76
image,#hash_ee403aec5e384291
image,#hash_ef5e38830ddc3c71
image,#hash_efd2f4c1ce959b8b
image,#hash_f1b2835e8bdbe038
image,#hash_f447b6b938f1c47a
image,#hash_f7f5a96afb9f705f
image,#hash_f81fe58e17f7bdd2
image,#hash_f982b015a9fe05bf
image,#hash_fc6c11378761f7fe
image,#hash_fdf1507b6dd94099
streaminginfo,#mp_aw_att_wm_p44_sh_tsierra12_barhvy_v0_tr