type,name
xmodelsurfs,#cos_jup_1946_influencer_relations_stream_event_01_lod0_bc8ac000d42f8cf604065b48e_mp_av_cos_jup_1946_influencer_relations_stream_event_0_tr
dynamicbones,#hash_c59e37a14623b226
material,#hash_d19f3de21c6ab6fa
material,#cos_iw9_chain
xmodel,#cos_jup_1946_influencer_stream_event_01
image,#hash_810953294fa2afd8
image,#hash_825cf05a2378c87f
image,#hash_fa1f1c12d4e4a60d
streaminginfo,#mp_av_cos_jup_1946_influencer_relations_stream_event_0_tr