type,name
image,#hash_a97dd1d7cde55e7f
image,#hash_b2bd49b42f5b5566
image,#hash_b86e8f4da8bb1e41
image,#hash_b9865bb6743b6db8
image,#hash_cd1b7ab74d2bed56
gfxumbratome,#hash_9f34e9170d897b63
gfxumbratome,#hash_9f34ea170d897d16
gfxumbratome,#hash_9f3ef2170d91df33
gfxumbratome,#hash_9f3eff170d91f54a
gfxumbratome,#hash_9f496e170d9b066c
gfxumbratome,#hash_9f4971170d9b0b85
streaminginfo,#mp_jup_gw_fallout_58_-98_0_0_tr