type,name
xmodelsurfs,#hash_75475cb0044847f8
proceduralbones,#hash_e6bb9985eec6910f
dynamicbones,#hash_affcd2696787fe4e
material,#hash_ea072a819b782445
material,#hash_bd0dab2b3ec9777d
material,#hash_cab05672902b2440
xmodel,#vm_c_jup_mp_papa_18
image,#hash_8aaa7c7006afda86
image,#hash_9102dbaba366851d
image,#hash_a36a5a90b8b4ef04
image,#hash_b53b55e8a549818d
image,#hash_ebe94538f2f7caf6
image,#hash_edf524f8325b070a
image,#hash_ef857e80a071d72b
image,#hash_ff5111cc35864d88
streaminginfo,#mp_vh_vm_c_jup_mp_papa_18_lod0_tr