type,name
rawfile,#ww_mp_oilfield_gw
keyvaluepairs,#ww_mp_oilfield_gw
image,#hash_5853d8fa3447afab
image,#al_qatala_desert_svd_pouch_tan_w_logo_thermalmap
image,#hash_7b21893e0338e974
image,#hash_4b21210c643375ef
image,#hash_5aed8c78ebb3a57b
image,#hash_4b4c8685b9f3d580
image,#hash_2571f652fab22aa1
image,#hash_2d1c2d514d7d889e
image,#hash_74582c883a7ce972
image,#hash_5547965d34a03a6a
image,#hash_4d546e4bb83efcd
image,#hash_2f3e8ece04f1300d
image,#hash_185b33944918c4a8
image,#hash_5a058aee11179180
image,#hash_46104e15387d9eba
image,#hash_3997159ea0ecbe59
image,#hash_294795370a62848d
image,#hash_1a8a4cbb4d69f3b0
image,#hash_39c542f6fbd21820
image,#hash_6421d41d175239a5
image,#hash_494ed5427d10af80
image,#hash_765036d1a6a828dc
image,#hash_7cd4ad36f65eff69
image,#hash_16b6352dc01be1dc
image,#hash_7b41ab991728b8b7
image,#hash_3f7d5a677c83349e
image,#hash_2f2e105ee9211362
image,#hash_d3d2c6abb721f4f
image,#hash_6806a88455df80f3
image,#hash_7194b3495d9834ca
image,#hash_2f990a0d6faa57b9
image,#hash_60c067a7a4314f33
image,#hash_36311b888caf15d1
image,#hash_31fae396f94cf179
image,#hash_66005d39c65fa698
image,#hash_14d6f400693e83a9
image,#hash_2684303143ab8532
image,#hash_174a350b4ba947e7
image,#hash_12434b7dad5cb35
image,#hash_5fbf64cd0a7bbde0
image,#hash_cdbd6c3e9c48d7f
image,#hash_239a5246007ad773
image,#hash_65906f68648a724c
image,#hash_308094ca1863db4
image,#hash_75e22cef4b5e7c9d
image,#hash_592a49b000b8d703
image,#hash_b6f5898ad004ea6
image,#hash_6a6401e04dde81ab
image,#hash_124ce0ed916c6614
image,#hash_24abc0ad659db92
image,#hash_b87c58268250433
image,#hash_51a97078aa58cab0
image,#hash_ad6409b0ef40ea9
image,#hash_169cabd057bcb8cb
image,#hash_1b9caeabc9680122
image,#hash_7c6e5becb39fdb5f
image,#hash_3507893fd5b87a2f
image,#hash_31ca17cd1af8f93b
image,#hash_5ac59d6947fb33d9
image,#hash_5bb0926b4608a0b4
image,#hash_1f2c6baae4805b10
image,#hash_5b6b713251d2405e
image,#hash_74a27223762944fa
image,#hash_3c566c928c961388
image,#hash_7358a217cd515c25
image,#hash_5c5534bf4bc22205
image,#hash_13c7e7965d1a3316
image,#hash_58124e1c6bfe1268
image,#hash_7b6ca64412cf8b13
image,#hash_48a8d046f1eb5119
image,#hash_53a9f195d132cb5f
image,#hash_57cab2643b0ade4
image,#hash_4081dcc7c03ed349
image,#hash_c1816b715056cf7a
image,#hash_85db17645efa89f6
image,#hash_c9e7298de65aa3b5
image,#$black
image,#$white
decalvolumematerial,#decal_blood_droplet_01
image,#hash_da8be06b72d2544a
decalvolumematerial,#hash_12817b26ca4e62ff
image,#hash_b7f789773b71c730
decalvolumematerial,#decal_blood_smear_01
image,#hash_9c10a66207187b45
image,#hash_ec2c72cb19e06e23
image,#hash_dbad8f34a222c953
decalvolumematerial,#hash_6a44ae4d1b7b4354
decalvolumematerial,#decal_graffiti_tag_arabic_03_red
image,#hash_8d121a34a8437a55
image,#hash_f54b6ff28cc580e5
image,#hash_b41d0702ad172ae3
decalvolumematerial,#hash_41286bda2ab25563
image,#hash_fc4129ab711be5ed
image,#hash_8c8075be27a1ff8f
image,#hash_918989ec71ba71a2
decalvolumematerial,#hash_66de97113086925c
material,#decal_blood_droplet_01
material,#hash_12817b26ca4e62ff
material,#decal_blood_smear_01
material,#hash_6a44ae4d1b7b4354
material,#decal_graffiti_tag_arabic_03_red
material,#hash_41286bda2ab25563
material,#hash_66de97113086925c
techset,#hash_881dda91de5f9d36
image,#hash_9bfdecc2d4f52d35
image,#$identitypackednog
material,#hash_35669d9956fd0832
techset,#hash_bf47380b3273d95e
material,#hash_74ce1213a72a102c
material,#hash_c9802bf707b3539
techset,#hash_84b33176ae6d37f6
material,#food_beer_can_01
material,#hash_3175a3228418ba17
material,#hash_17070197aad3018e
techset,#hash_9decf8ec87ee8bb7
image,#hash_aa2305ee0be837c8
image,#ads_scope_lens_reflection_1_thermalmap
material,#hash_700692a064893920
material,#mtl_paint_can
techset,#hash_99a79c6df493a19c
image,#hash_940dbaf3f477a858
image,#hash_9753a6fbb3ddf712
image,#hash_ce96e682bb308249
material,#hash_40c2a9423ee47dc2
techset,#hash_e582fd6fb23db72e
material,#decor_hanged_clothes_01_green
techset,#hash_f3c17592223bedbf
material,#decor_hanged_clothes_01_green_transmission
material,#decor_hanged_clothes_01_ping
material,#decor_hanged_clothes_01_ping_transmission
techset,#hash_e6b721cc665ea486
material,#ee_door_electric_utility_01
material,#ee_military_chemical_canister_01
techset,#hash_93ea0ea77b27bf47
material,#ee_sign_industrial_poster_03
material,#food_beer_can_01
material,#hash_2e3d06fc5b400f1e
material,#furniture_mattresses_01_white
image,#hash_fd42ba75065ed837
image,#hash_89f4bdc9335dff97
material,#light_street_lamp_post_01_off
image,#hash_df709f38642138f2
image,#hash_803dcae19b410a95
material,#me_appliance_vending_machine
techset,#hash_8ec800af8ea98bb7
material,#me_appliance_vending_machine_on
techset,#hash_f5d545226e265946
image,#hash_88c2286b4143dbdf
image,#hash_9a749f2e3f9c8987
image,#hash_cf795fe8f32b8436
material,#medical_bedding
material,#tm/medical_bloody_cloth_01
material,#misc_trike_cart_01_no_thermal
techset,#hash_bbc9e258724a12cc
material,#hash_db99e2073475032
techset,#hash_e7b8fc4737414149
material,#signage_embassy_wf_01_falloff
image,#hash_a3c39bee885427e0
image,#hash_8999b624b7a7799c
material,#signage_embassy_wf_02_falloff
material,#signage_hospital_a
techset,#hash_a015561c77065c75
image,#hash_9c5bf8760455110e
image,#hash_cc508917f933abd0
material,#hash_3ece77877175fbff
image,#hash_e0fb77918d0e5e78
image,#hash_98a73ba2e8c45902
image,#hash_90a585381661c7d3
image,#hash_c18c31d0c3970fac
material,#hash_9b73ae9d68c3484
material,#tm/uk_sign_container_radioactive_01
material,#veh8_civ_lnd_techo_rebel_armor_02_no_thermal
techset,#hash_bae212df81e57e2b
material,#hash_19b50061077f9f5f
techset,#hash_cc60f7528b319813
material,#hash_623a7ac162136852
techset,#hash_d09bb10e8b4decdf
material,#hash_5e30d1ff7632d3af
techset,#hash_9144331d40ec42b2
material,#hash_3a5884215aeb2733
techset,#hash_a2eac64058dcad0b
image,#hash_db2d872e0b1d0dfd
image,#hash_b2539f15e7ffd47b
image,#hash_d4eb8459a0b4c92b
image,#hash_96f115b7f3f0a9d5
image,#hash_c95935eb3b9b0d0c
image,#hash_fde8bc1b0d3ff405
image,#hash_d966ca9f8e0f81c6
image,#hash_f2cc2f54db133a35
image,#hash_e6378c38451fb714
material,#hash_2935436eb3aa7e3b
image,#hash_fdd52abaaab96fff
image,#hash_b4b9b1ed88bb670e
image,#hash_8be576b6c71c4c1a
material,#hash_6819721ae0489e50
image,#hash_f50f1eee50efb980
image,#hash_b1443050ef3f8ee5
image,#hash_885f4f7d7d14ac24
image,#hash_df885d2599511b53
image,#hash_d66c2c99ff1aab59
image,#hash_c4f336befe794c49
image,#hash_c6f97fd354561575
image,#hash_8f8a210c00235249
image,#hash_c195ab306387c24e
material,#hash_234335a53b8d05bc
image,#hash_f584c3bc59c49765
image,#hash_acee7c3ed8ede277
image,#hash_f1012be4fc49b035
image,#hash_f81cdf76996e0996
image,#hash_b4f588e842f3c12e
material,#hash_1e4a45a6a7dd20d
decalvolumemask,#hash_7a351e30943245d4
decalvolumemask,#hash_2ad7953066d84d09
decalvolumemask,#hash_3a9367279a8c0770
decalvolumemask,#hash_4c969927a4f15666
decalvolumemask,#hash_10df5b4ae68ecb6e