   1	3069 303 104
   2	1448 -984 48
   3	87070377-F572-F7F6-E2EC-E99F8D98B3C2
   4	45A79F91-B702-11ED-8E1D-6C6A77E3CEAB
   5	pf606c4c11c209349f_auto2108
   6	-1683 911 67
   7	F44E1BDC-907C-11ED-8E13-6C6A77E3CEA8
   8	2452 1455.01 40
   9	2000 -328 128
  10	2791.03 232.54 98
  11	scriptable_ee_food_bread_basket_02_convoy
  12	-2968 192 72
  13	scriptable_ee_food_bread_beer
  14	D7B8D148-9760-11ED-8E62-68545AAC0192
  15	F4F39685-A9DD-6B2B-C749-6BCAD9962083
  16	4B438667-C8F4-11ED-8E21-6C6A77E3CEAB
  17	C15AA3F7-250C-36C0-F36B-BE2BBBE8C121
  18	F65585B5-E72B-5506-C5F3-DF002B97145F
  19	27A260B9-9856-FA4B-A7A6-19CED280B569
  20	2827.58 809.99 40
  21	mp_escort_spawn_attacker_start
  22	2804 318.998 96
  23	64D86909-9A51-BBC5-1034-F332E99D6196
  24	5A19062C-9769-11ED-8E62-68545AAC0192
  25	tag_window_back_left
  26	5A190672-9769-11ED-8E62-68545AAC0192
  27	ee_food_bread_beer
  28	E87C5B42-9760-11ED-8E62-68545AAC0192
  29	2792 284 96
  30	full
  31	951BE525-27BD-11ED-B6EC-085BD649B43D
  32	ee_food_bar_cutting_board_01
  33	ee_food_bread_basket_01
  34	62482BC2-EC64-11EE-9025-68545ACDFBC3
  35	F16D0672-BD4A-8F43-1655-4693D8D90DE8
  36	2520 1456 40
  37	3C1D6058-EC5F-11EE-9025-68545ACDFBC3
  38	C6092390-1A8D-2024-3E57-0D27E5A5EA8D
  39	-2772 361 80
  40	vfx/jup/level/mp_jup_greece/vfx_greece_water_fountain_01
  41	ik_out_start_right_hand
  42	6231DD5F-EC62-11EE-9025-68545ACDFBC3
  43	-1716 -467 90
  44	-2936 -72 80
  45	0 285 0
  46	tag_wheel_center_back_right_flat
  47	57906EE6-EC53-11EE-9025-68545ACDFBC3
  48	-2695.5 240 76
  49	-2972 -71 76
  50	tag_origin
  51	infil_mbravo_alt_exit_3
  52	-2816 112 72
  53	pf4b986933f957488a_auto2108
  54	36AB18BD-11BA-11ED-B6DE-085BD649B43D
  55	05571A8D-4E6E-1E28-1F28-5D0E10D144C0
  56	invisible
  57	B301790A-2351-11ED-B6EB-085BD649B43D
  58	8F7B2390-160B-B41A-D7E0-3AD9A352B522
  59	vfx/jup/level/mp_jup_greece/vfx_greece_ks_emp_sparks
  60	pf3ba1d7e3be516a31_auto2108
  61	-1928 -1192 40
  62	977A4967-4CEB-886A-6997-8C6A86EAC727
  63	916E3407-EC57-11EE-9025-68545ACDFBC3
  64	439D8FE7-EC67-11EE-9025-68545ACDFBC3
  65	70EC5665-2351-11ED-B6EB-085BD649B43D
  66	D440D588-EC48-11EE-9025-68545ACDFBC3
  67	354 1577.5 24
  68	-1920 1392 32
  69	-1504 -480 96
  70	1114 209.5 112
  71	F755287A-EC4F-11EE-9025-68545ACDFBC3
  72	8137ACCF-0AEF-2AD3-55BF-F67F5CDA981E
  73	vfx_greece_birds_circling
  74	pf947decac6c336202_auto716
  75	2288.53 -195.002 96
  76	0 298.865 -2.39712
  77	B21BF940-B232-A5B8-26F2-1EC9C0B89BA1
  78	2776 240 104
  79	2887 292 104
  80	F1F6CC46-D49F-F9C6-F347-81785273BCA4
  81	-1728 -472 88
  82	mp_dd_spawn_attacker_start
  83	293809BE-A0C4-C204-0C06-64DC41022EBF
  84	-1060.74 431.258 184
  85	3D45B58E-1C3A-11ED-B6E3-085BD649B43A
  86	89E1D818-27B8-11ED-B6EC-085BD649B43D
  87	infil_mbravo_luxury_intro_5
  88	25C28D83-6156-9AC4-2E62-391EEFBB9C0E
  89	mp_dd_spawn_defender_b
  90	cp_disco_bottle_glass_liquor_01
  91	2396FE76-BFDB-691C-37C9-49A1100BC241
  92	833864FD-27B8-11ED-B6EC-085BD649B43D
  93	pf419313f8b6a01315_auto13016268843364173766
  94	-2317 -135.996 72
  95	D27B5250-EA6C-9657-34E0-FB0F5E919447
  96	infil_mbravo_exit_1
  97	883A924F-9761-11ED-8E62-68545AAC0192
  98	2864 264 96
  99	-2760 216 75
 100	BA332372-BFF3-063B-470F-72A7F1D4ABE5
 101	mp_control_spawn_attacker
 102	4BA5F12A-E912-7676-C72F-AC19D3E02D3A
 103	3544EBE6-E391-11ED-8E26-6C6A77E3CEAB
 104	2801.31 1001.2 40
 105	anim_explosion
 106	C6330D6D-C5EE-151F-4164-6C1DE2602452
 107	5F591429-D25F-A16D-E817-E98D140D786B
 108	7F3EDD42-C89E-33F8-877E-AC91AD0A30AB
 109	1744 544 152
 110	-2826.5 193 80
 111	58758B9F-6139-D00F-9B46-A2CCC3A331AA
 112	F79D7CF2-2350-11ED-B6EB-085BD649B43D
 113	B20FC3F3-C8F5-11ED-8E21-6C6A77E3CEAB
 114	0 90 0
 115	-2819.44 124.571 82
 116	-2138.55 -612.759 48.0489
 117	flower_vase_porcelain_02_b
 118	2960 168 96
 119	05C5B301-61D0-324E-06EF-D80F13F0566A
 120	CDF95D9A-6539-11ED-B70F-085BD649B43D
 121	vfx/jup/level/mp_jup_greece/vfx_greece_clouds_01
 122	B5498072-11B7-11ED-B6DE-085BD649B43D
 123	mp_dd_spawn_attacker_b
 124	2181.37 1318.68 40
 125	DC8FC6B6-EBD1-02DC-9F6C-570EB7793997
 126	0 45 0
 127	scriptable_kitchen_knife_chef_01
 128	jup_infil_blima_rope_kick_right
 129	0193A010-C8F5-11ED-8E21-6C6A77E3CEAB
 130	tag_windshield_front_web
 131	vfx/jup/level/mp_jup_greece/vfx_greece_floating_petals_01
 132	scn_infil_mbravo_heli_npc3
 133	5A19060E-9769-11ED-8E62-68545AAC0192
 134	2600 384 88
 135	4B58EF3B-F0DD-75C7-E3AA-8891CE23A38A
 136	infil_blima_4
 137	F346219D-B701-11ED-8E1D-6C6A77E3CEAB
 138	-2136 1088 32
 139	F6ED1E49-AED0-2615-BB49-7B541710280A
 140	2892 308 100
 141	tag_light_back_left
 142	1608 -984 48
 143	833864EB-27B8-11ED-B6EC-085BD649B43D
 144	0C49982C-2745-4B62-E011-583DD441B695
 145	2880 160 96
 146	D91E2009-ADC5-0737-B05C-FE829D3FADFB
 147	2797 1479 39
 148	01D40499-EC5F-11EE-9025-68545ACDFBC3
 149	scriptable_decor_pot_plant_fancy_01_sml_with_flowers
 150	3D45B591-1C3A-11ED-B6E3-085BD649B43A
 151	E2C9709C-EC60-11EE-9025-68545ACDFBC3
 152	4442A730-61AB-FCC7-36CC-5FA3A6992C5A
 153	965BD602-8F1E-6A31-D66D-EB5B921D219C
 154	85C2FFB2-2852-26C3-823D-F087633D372C
 155	B59EEB55-1419-11ED-B6DE-085BD649B43D
 156	C7D0D731-11F6-11ED-B6DE-085BD649B43D
 157	scriptable_food_trash_plate2
 158	9E352217-A19A-1ED2-B693-553DBAA0D223
 159	951BE544-27BD-11ED-B6EC-085BD649B43D
 160	tag_off
 161	pff8b2029c35c29203_auto2108
 162	2672 392 96.125
 163	CFE3FA67-D31F-0804-0A94-4BBF1C7E16B4
 164	2228DADB-B84E-DECD-CCFE-D2D1684D07C4
 165	prefabs/createfx/mp_jup_greece_cfx.map
 166	FB069237-C8F4-11ED-8E21-6C6A77E3CEAB
 167	6FA54F62-EC57-11EE-9025-68545ACDFBC3
 168	D7919D5B-C8F4-11ED-8E21-6C6A77E3CEAB
 169	pf24285e950744afb3_auto2108
 170	E2A7C6E0-EC4E-11EE-9025-68545ACDFBC3
 171	closed
 172	-2702.5 64 76
 173	B81A22AD-0B8C-EDEB-E2EE-3EB8920C26DA
 174	1880.5 -228.5 136
 175	4857BE78-27B7-11ED-B6EC-085BD649B43D
 176	-2687 -1225 67
 177	2495.75 -1216.26 32
 178	2A9B8EB0-C8F4-11ED-8E21-6C6A77E3CEAB
 179	2791.03 163.54 102
 180	5C5BE788-CA4B-0F95-B685-0C8E7027963F
 181	playerasm_patch_mp_infil_mbravo
 182	2816 1000 40
 183	482433FF-EC5A-11EE-9025-68545ACDFBC3
 184	-1784 -112 88
 185	FFCC2029-C887-F715-9160-95965C9E629D
 186	2959.03 84.54 98
 187	mp_dm_spawn_start
 188	2904 228 96
 189	2A9B8E9A-C8F4-11ED-8E21-6C6A77E3CEAB
 190	D27A56AE-90A7-580E-3E85-94AA88F8EE8B
 191	3963950A-11B9-11ED-B6DE-085BD649B43D
 192	2F65608C-2E8A-DCB3-8786-72B055136949
 193	D22A1808-C445-11ED-8E1F-6C6A77E3CEAB
 194	pfe6b850e2bf16e333_auto4
 195	6C9C3270-0CC5-4683-8FE2-5A91F2CD2058
 196	infil_mbravo_alt_exit_4
 197	flower_vase_porcelain_02
 198	mp_dom_spawn_allies_start
 199	B250C867-24D0-11ED-B6EB-085BD649B43D
 200	3063.57 409.727 104
 201	mp_arena_spawn_axis_start
 202	bink4
 203	E87C5B47-9760-11ED-8E62-68545AAC0192
 204	E81F6582-AAFD-996C-3310-AD30EFC69A6E
 205	food_trash_burger_box_01_open
 206	splash_listener
 207	3B41644D-C8F5-11ED-8E21-6C6A77E3CEAB
 208	infil_blima_3
 209	pf9cc5cc5cff903eab_auto9390333510974690382
 210	-2725 -962 72
 211	pf3f72de69864bbe66_auto2108
 212	22978A4F-EC52-11EE-9025-68545ACDFBC3
 213	07C496DB-C8F4-11ED-8E21-6C6A77E3CEAB
 214	C50AFDEC-EC4F-11EE-9025-68545ACDFBC3
 215	360 1564 24
 216	-2712 -976 72
 217	front_left
 218	-2064.37 -808.277 43.4705
 219	infil_mbravo_intro_5
 220	0427230D-543F-E885-D05E-D4FB83A3EAF2
 221	-1166 577.5 192
 222	-2809.5 96 76
 223	B5D203EA-0B96-C83E-3741-D7F87FC78E65
 224	26C12047-3307-5A4C-E20E-81826036CF12
 225	tag_wheel_center_front_right_flat
 226	2988 376 119.5
 227	2892 236 100
 228	2960 320 96
 229	scriptable_clothing_dress_shoes_mens_04_right
 230	EF1A7788-7583-C184-8416-2291F8E82FA8
 231	6A2A8B44-1588-8FA3-E76B-5CBCD67CAFD1
 232	92354277-657C-2AF3-3F63-4EF813F7C796
 233	8527C19D-A874-041D-23CC-CAED97987775
 234	5
 235	B59EEB6A-1419-11ED-B6DE-085BD649B43D
 236	FB482696-907C-11ED-8E13-6C6A77E3CEA8
 237	0 149.999 0
 238	4EB6B4E5-C8F5-11ED-8E21-6C6A77E3CEAB
 239	-1732 -619 42
 240	73BC1821-5FEF-7D86-E2C8-4E137DDE4D86
 241	72AE408C-EF9E-7FA8-DA91-B100BE7D32C4
 242	scriptable_ee_door_wooden_entrance_01_mp
 243	misc_bottle_wine_05
 244	-2819.5 120 84
 245	8E41EC98-11B9-11ED-B6DE-085BD649B43D
 246	84DC3B97-D3A9-1079-0BAC-EC0F97D8D238
 247	B8C32A77-C8F5-11ED-8E21-6C6A77E3CEAB
 248	E7E76014-EC20-11EE-9025-68545ACDFBC3
 249	3EA8CEFC-679C-AE9B-3384-DC4312FEE8BD
 250	door_back_right
 251	-2722 128 80
 252	0 14.7991 0
 253	2486.5 -1224.16 32
 254	757B0254-56BF-BA74-E4F5-B194A8222DCB
 255	0BA538F4-11BA-11ED-B6DE-085BD649B43D
 256	me_sign_street_steep_02
 257	0 170.999 0
 258	013E45AA-BD5F-CC75-8375-B362C16BF866
 259	BB26D963-6294-EEA8-AEF5-31D17B5C26FF
 260	electrical_blink
 261	0 230 0
 262	FD7F80F3-6CBA-DB97-3E5C-8B22F899BAD0
 263	3D503FB3-C8F4-11ED-8E21-6C6A77E3CEAB
 264	8E9F41DB-1513-63EF-06A9-DC96760C25C3
 265	light_front_left
 266	vfx_greece_yacht_smoke
 267	07F884E9-EC52-11EE-9025-68545ACDFBC3
 268	0 29.9998 0
 269	B83A9F6B-A454-9CA4-A4D0-C21C0E78FE3B
 270	251C3860
 271	B250C876-24D0-11ED-B6EB-085BD649B43D
 272	pf98c8f0b04dcd2701_auto2108
 273	uk_decor_picadilly_planning_paper_02
 274	C96A5223-C8D2-2E78-17F2-8DDE26E78603
 275	pf9cc5cc5cff903eab_auto4185901949836378032
 276	-2764 361 80
 277	2848 336 112
 278	back_right
 279	15741195-E441-ED0C-392D-C5352B089FE7
 280	F015C053-2350-11ED-B6EB-085BD649B43D
 281	A16840C8-7D85-D260-FDA9-2067020FB7C6
 282	14CC4BB2-618E-A372-2A9F-A1066E7E9080
 283	B1EC8FC1-ADEB-A196-0ACB-B3FC5BF66407
 284	19516BF6-65AF-8C16-FC08-26B7B61A3496
 285	87870085-C8F4-11ED-8E21-6C6A77E3CEAB
 286	tag_bink1
 287	container_water_industrial_caged_01
 288	C9D4F6EA-E390-11ED-8E26-6C6A77E3CEAB
 289	C712A431-EC5E-11EE-9025-68545ACDFBC3
 290	489F583A-C8F5-11ED-8E21-6C6A77E3CEAB
 291	2960 240 96
 292	-2809.5 48 76
 293	infil_mbravo_luxury_exit_4
 294	B7F200DF-F150-B23D-C2B4-8803A2C7F3F8
 295	-663.649 -451.2 40
 296	03CAC76F-9E84-0FAF-4DE6-8F790B28430D
 297	-2111 363 75
 298	728 1240 64
 299	2452 1446.99 40
 300	-291.93 -396.158 136.125
 301	F5E6A048-907D-11ED-8E13-6C6A77E3CEA8
 302	-2051.2 1172.5 32
 303	-2810.5 193 80
 304	87870090-C8F4-11ED-8E21-6C6A77E3CEAB
 305	1F7B3790-6538-11ED-B70F-085BD649B43D
 306	5A19069A-9769-11ED-8E62-68545AAC0192
 307	-2299.46 1131 32
 308	1E11893F-7763-F683-DBEC-1DF812247C04
 309	A8E99A9D-97EA-8E11-2E96-C000D8D1ADD0
 310	-2733 -962 68
 311	-1796.76 -182.526 87.9819
 312	-2372.5 1086 32
 313	clothing_dress_shoes_mens_04_left
 314	hood
 315	1B0A57CB-6EE3-676D-69E7-094EEDF90E38
 316	2803 1480 40
 317	2792 272 96
 318	DF5F77AC-8875-DB9C-39F7-143AA26BC603
 319	2288 -200 96
 320	2672 264 96
 321	fingers_out_start_left_hand
 322	infil_mbravo_swapmeet_intro_1
 323	77E1A1D9-79C8-11EE-8E40-6C6A77E3CEAB
 324	-294 -238.5 104
 325	-2819.44 192.571 82
 326	0 345 0
 327	2704 -712 40
 328	3B196390-0EA0-6E5B-E743-B16F9B4A63B8
 329	DBA97BF6-9E86-1DBE-5723-4CFC802431B0
 330	6191E5A0-5BC4-5DAC-8077-40095D14502E
 331	scriptable_decor_wood_napkin_holder_01
 332	scriptable_dinnerware_plate_ornate_01
 333	5A190677-9769-11ED-8E62-68545AAC0192
 334	-1704.01 266.081 104
 335	3A1B344C-3FB5-2098-390B-138A0B1E7C41
 336	2707 -709 43
 337	14DF5626-D2C7-1B84-4F2E-8F762318F933
 338	-164.218 -586.142 136.059
 339	-2768 352 80
 340	C899955C-C444-11ED-8E1F-6C6A77E3CEAB
 341	951BE511-27BD-11ED-B6EC-085BD649B43D
 342	FE29ACCB-2350-11ED-B6EB-085BD649B43D
 343	scripted_anim
 344	axis_endzone_vis
 345	pf3de62c8322d1e62e_auto2108
 346	4D8C54E1-4FF5-066F-860D-6C5E90DAE53C
 347	C7A05A9B-A179-040A-CBD2-29AD9438E511
 348	0 179.999 0
 349	A5984CF1-FC99-DE95-37F7-3C11AA3E0651
 350	vfx_greece_underwater_fish_1_med
 351	F95C8939-80C1-785C-2CD9-BFCC3C16B701
 352	CEEE24E5-EC60-11EE-9025-68545ACDFBC3
 353	2710E1C0-ED49-359F-1700-3C48A77A595A
 354	-2361.68 -154.281 73.2775
 355	5782D021-EC27-11EE-9025-68545ACDFBC3
 356	-1622 913.5 64
 357	75E4FBAD-11B9-11ED-B6DE-085BD649B43D
 358	scriptable_cp_disco_glass_beer_bottle_fn_01
 359	2791.03 299.54 98
 360	2672 200 96.125
 361	32896F37-1C4C-046B-0234-81E57B8DE53E
 362	912F6D41-0808-CE12-1532-A73673D70F74
 363	1FF23025-F2E6-642E-8AA7-7476399DFB5F
 364	B301791C-2351-11ED-B6EB-085BD649B43D
 365	AudioOneShot
 366	F44E1BDF-907C-11ED-8E13-6C6A77E3CEA8
 367	3DDEAA77-EC53-11EE-9025-68545ACDFBC3
 368	5B110D6C-EC64-11EE-9025-68545ACDFBC3
 369	61B38855-EC4F-11EE-9025-68545ACDFBC3
 370	BDE75ACE-F68E-766E-45A2-DF0E177296F4
 371	C5130E76-907E-11ED-8E13-6C6A77E3CEA8
 372	1D009165-CF29-C1C5-8F88-19287D49B2B4
 373	9FCF7E31-8A6C-DFE0-18DF-887CFF2E4746
 374	2184 1224 40
 375	infil_mbravo_alt_exit_2
 376	vfx_greece_clouds_04
 377	2783 364 104
 378	704DB906-EC64-11EE-9025-68545ACDFBC3
 379	5C130249-9492-E9FD-134D-4C26C5B5A275
 380	decor_wood_napkin_single
 381	E87C5B38-9760-11ED-8E62-68545AAC0192
 382	DBC1E4EB-EC66-11EE-9025-68545ACDFBC3
 383	headlight_right_dead
 384	-2136 1088 40
 385	mp_dd_spawn_defender
 386	-2799.5 256 80
 387	7F2D4B61-27B3-11ED-B6EC-085BD649B43D
 388	A3C436B6-C8F5-11ED-8E21-6C6A77E3CEAB
 389	0 16.3996 0
 390	
 391	-2896 -656 32
 392	AFDE15AC-EC1F-11EE-9025-68545ACDFBC3
 393	-2371 1085 32
 394	43404E03-13EC-0B54-3EDD-0EB2298CE715
 395	FC9FB861-6006-08FF-F251-F6E361794458
 396	D3C4078A-B733-2BE1-AC66-45D50C111B37
 397	DC4BF19B-C8F3-11ED-8E21-6C6A77E3CEAB
 398	3E14A2E2-9761-11ED-8E62-68545AAC0192
 399	0 29.9995 0
 400	346474DF-D134-4C42-0238-B24927F7C283
 401	scriptable_cnd_martini_glass_01
 402	BD14BC57-FC5C-EACE-2798-A21E549E7355
 403	-648 -440 32
 404	cp_rave_magazine_single_04b
 405	vfx_greece_debris_trash_ch
 406	2576.65 -1182.99 40.0001
 407	F94060F8-EC53-11EE-9025-68545ACDFBC3
 408	41504227-27B7-11ED-B6EC-085BD649B43D
 409	AFDE15A3-EC1F-11EE-9025-68545ACDFBC3
 410	050B7FF5-410A-E9AA-C71F-5D1CEFE1903C
 411	B59EEB58-1419-11ED-B6DE-085BD649B43D
 412	6913A26A-2351-11ED-B6EB-085BD649B43D
 413	D7B8D14D-9760-11ED-8E62-68545AAC0192
 414	tag_bink4
 415	mp_dm_spawn
 416	361AE936-EC5D-11EE-9025-68545ACDFBC3
 417	-2119.55 -1275.23 40
 418	-2888 80 80
 419	windshield_front
 420	45A79F88-B702-11ED-8E1D-6C6A77E3CEAB
 421	B330B1DF-1374-5FF8-2CA6-4E068091B5AE
 422	-2968 80 72
 423	A4FEF1D9-4F6D-2483-9A32-05A456734411
 424	cp_rave_magazine_single_02
 425	1600 -984 40
 426	6FC18369-72D2-D475-D836-03ADFA2F17CE
 427	infil_mbravo_luxury_exit_1
 428	D22A1805-C445-11ED-8E1F-6C6A77E3CEAB
 429	vfx/jup/level/mp_jup_greece/vfx_greece_petals_blow
 430	-2348.56 571.944 80
 431	scriptable_accessory_boat_fender_buoy_float_01_dyn
 432	F299EED1-6537-11ED-B70F-085BD649B43D
 433	-2807 223 79
 434	2864 200 96.2194
 435	1604 -776 96
 436	-2733 -962 72
 437	-2705.44 124.571 82
 438	0 204.999 0
 439	1C6026F7-653A-11ED-B70F-085BD649B43D
 440	87E63AF5-6B1B-D3BC-38F6-8B9A667F8179
 441	B9FEDBFB-1D3E-C64A-EEAE-7FE2ACB7724F
 442	2798 1676.47 40
 443	21CE6682-1C06-56FA-CFC3-D09DE74CD94D
 444	36A04649-9761-11ED-8E62-68545AAC0192
 445	2783 284 104
 446	41504232-27B7-11ED-B6EC-085BD649B43D
 447	3A8214A3-3DDD-E8C7-0CD0-3102CF4F65D7
 448	6913A27F-2351-11ED-B6EB-085BD649B43D
 449	39CA7C14-EC62-11EE-9025-68545ACDFBC3
 450	-2414.97 29.1401 82
 451	scriptable_decor_drying_rack_01_plate_01_stack_s0p6
 452	pf8b84037c7c83f0d1_auto2108
 453	CE10E17A-D946-18F1-C02D-D2CA3F229CC5
 454	40660B77-11B9-11ED-B6DE-085BD649B43D
 455	vfx_greece_flies
 456	A6BC3A9D-39E4-ACAE-CB7A-CEC7BA49D09F
 457	2C79D588-653A-11ED-B70F-085BD649B43D
 458	2636.2 -544.201 40
 459	30FFFCFC-B729-9DF5-9BFB-6B8D0E05CAC3
 460	2999 -213 99
 461	FBF60C31-907D-11ED-8E13-6C6A77E3CEA8
 462	0 4.99844 0
 463	1A995655-B27B-4F07-9A85-E54492FD5105
 464	-2806.5 253 80
 465	F5E6A064-907D-11ED-8E13-6C6A77E3CEA8
 466	right_50
 467	right_90
 468	2864 328 96.125
 469	2
 470	-1025.44 -872.179 35
 471	-2702.5 128 80
 472	5EE2EE1B-6539-11ED-B70F-085BD649B43D
 473	-2376 1168 32
 474	AE442745-BFF4-4122-0B98-AE517FEC0049
 475	18E4158A-C0E2-4BF3-E05D-297CDFB27DA5
 476	90B097BF-E7A5-F4FD-E99C-461CAF65C002
 477	pf7e07fea17975638f_4
 478	09BD2D29-C8F5-11ED-8E21-6C6A77E3CEAB
 479	2729.12 -1010.19 40
 480	CE8A449C-71A8-274E-2335-A9A8C514CB93
 481	vfx/jup/level/mp_jup_greece/vfx_greece_fluorescent_lensflare
 482	9574682E-03F9-10DB-0F06-D52684500430
 483	vfx/jup/level/mp_jup_greece/vfx_greece_steam_faint
 484	5B93B389-907D-11ED-8E13-6C6A77E3CEA8
 485	2702.14 -714.959 40
 486	FBF60C46-907D-11ED-8E13-6C6A77E3CEA8
 487	mp_dom_spawn
 488	F68D4DC1-FAFB-2A36-5752-2D702665440B
 489	EA85E044-2852-290A-B780-B61294E34A9D
 490	C725DD8A-6539-11ED-B70F-085BD649B43D
 491	6913A27C-2351-11ED-B6EB-085BD649B43D
 492	ee_tableware_decor_item_e
 493	hardpoint_vis_05
 494	pf5f1951b377a55dce_auto2108
 495	D9B61176-EC53-11EE-9025-68545ACDFBC3
 496	2410 -1222.5 40
 497	2904 376 104
 498	8FD39CE0-623D-1371-0FF7-BF78FE5B9909
 499	-1764.76 -462.526 87.9819
 500	2960 240 104
 501	5A19067C-9769-11ED-8E62-68545AAC0192
 502	-1852 777.002 68
 503	3C277373-EC5D-11EE-9025-68545ACDFBC3
 504	AFDE15B5-EC1F-11EE-9025-68545ACDFBC3
 505	car_alarm
 506	8F2B2509-6B23-31D8-AA6C-EC51E6515DCA
 507	2780 376 104
 508	pfa794ba919786d070_auto2108
 509	3EF3C28D-A474-E999-AE6F-D44EFEE210A7
 510	5B110D61-EC64-11EE-9025-68545ACDFBC3
 511	18717A34-3A53-BBFC-9823-EC8F517E5EA4
 512	24CD4DA6-DE35-1BE3-20DB-3558A9F51E24
 513	tag_wheel_center_front_left_flat
 514	173BC5FA-C8F5-11ED-8E21-6C6A77E3CEAB
 515	AFB92D34-66B3-B237-FC86-0769257E93BB
 516	2236E0D9-4E1B-0A15-1C71-824171FEA5E7
 517	316978F3-3BA9-11EE-8E2F-6C6A77E3CEAB
 518	4484C5A2-E1E5-5795-DC4E-D59C62D18DEF
 519	049F1515-6538-11ED-B70F-085BD649B43D
 520	FBF60C37-907D-11ED-8E13-6C6A77E3CEA8
 521	pf9cc5cc5cff903eab_auto18073456282200332798
 522	-2882.29 -583.378 32
 523	794B607B-C07B-68EB-D851-521E48D99531
 524	cp_rave_magazine_stack_01
 525	7D1404E3-BDA2-A6B0-552D-A8D7D3BB0009
 526	-2032 -456 48
 527	vfx/jup/level/mp_jup_greece/vfx_greece_blowing_dust_ground
 528	2199 1231 39
 529	visibility
 530	-2362.43 567.106 80
 531	CDA4A710-FC40-9C5D-32B8-DB5ADF2C465D
 532	-2630.5 108 80
 533	vfx_greece_blowing_dust_ground
 534	1618 1209.5 104
 535	5A19066D-9769-11ED-8E62-68545AAC0192
 536	tag_body_animate_scripted
 537	6A75B3F2-27B3-11ED-B6EC-085BD649B43D
 538	door
 539	electronics_keycard_office_02_black_gold
 540	scriptable_misc_bottle_wine_04
 541	E7E76008-EC20-11EE-9025-68545ACDFBC3
 542	-2722 192 80
 543	static
 544	-2899.44 192.571 82
 545	decor_pot_plant_fancy_01_sml_with_flowers
 546	-2706.5 0 76
 547	fx_stop_exploder( infil_heli_trash )
 548	F3462197-B701-11ED-8E1D-6C6A77E3CEAB
 549	9F1489D8-C8F4-11ED-8E21-6C6A77E3CEAB
 550	18BAD3FD-DD11-59DC-5BD5-6906AEB8B82E
 551	-2843 104 83
 552	75E4FBC0-11B9-11ED-B6DE-085BD649B43D
 553	tag_mirror_left
 554	CE3471D7-11B7-11ED-B6DE-085BD649B43D
 555	CA048DFA-D1C5-6A4D-28C9-7EE18688C63C
 556	2E6781FC-8778-B4E2-F712-9B7B7126D9EA
 557	51AA256B-EC5F-11EE-9025-68545ACDFBC3
 558	B7DF505E-EC48-11EE-9025-68545ACDFBC3
 559	283DB873-0EA6-11ED-B6DE-085BD649B43D
 560	F6533A89-EC36-11EE-9025-68545ACDFBC3
 561	0D7D4396-9100-E371-A572-097D9465CDDE
 562	-2843 40 84
 563	emissive::uk_lighting_ceiling_fixture_01_on
 564	2812 327.002 96
 565	jup_infil_blima_player_slide
 566	5A190604-9769-11ED-8E62-68545AAC0192
 567	tag_wheel_center_back_left_flat
 568	A72E8BC5-04DF-D7D0-7AF2-D9F0D1D15347
 569	833864FA-27B8-11ED-B6EC-085BD649B43D
 570	-2461.04 369.136 80
 571	E578C1F7-EC66-11EE-9025-68545ACDFBC3
 572	scriptable_uk_decor_picadilly_planning_paper_02
 573	8C63D4CE-60C0-31CD-6F49-4F56CBC6D826
 574	tag_broken
 575	CC228E76-34CB-3618-0314-34B8B00AAB50
 576	800065F3-8A40-4E5A-9429-A6C2EC10C044
 577	2F318A89-A223-1C4C-03D1-F4ECE785886B
 578	-1696 1536 40
 579	F239B0A3-B2AD-AE36-785F-6B59C989184B
 580	playerasm_patch_mp_infil_blima
 581	23C8AA2C-C8F4-11ED-8E21-6C6A77E3CEAB
 582	-2741 -1160 64
 583	playerasm
 584	D4DE58A5-C8F3-11ED-8E21-6C6A77E3CEAB
 585	170FB082-28E8-19B7-60A1-B311126E192C
 586	-2723.5 120 76
 587	-2808 144 80
 588	infil_mbravo_intro_2
 589	C6249A0B-2583-DEAB-FD9D-4EF159655D20
 590	89E1D815-27B8-11ED-B6EC-085BD649B43D
 591	-2406.97 29.1401 82
 592	E46287B6-E81B-6B71-9F4B-71AA86D55205
 593	5A190622-9769-11ED-8E62-68545AAC0192
 594	right_30
 595	049F150F-6538-11ED-B70F-085BD649B43D
 596	0 145 0
 597	BB04C472-2A7C-88EF-433E-515978CF08B9
 598	6DBCACC4-11B9-11ED-B6DE-085BD649B43D
 599	vfx_greece_floating_trash_03
 600	0 150 0
 601	scriptable_misc_luxury_bag_02
 602	1836 -1224 40
 603	dead
 604	54C30E0E-DF97-B43E-3987-3E5C4685D1E7
 605	food_trash_plate2
 606	855C8A64-11B9-11ED-B6DE-085BD649B43D
 607	324A6127-EF12-496E-B256-8FEB3819946F
 608	93515776-CB56-AB62-0DE7-C83F4DFC1A8A
 609	14E14356-3A1E-901A-2659-7241C1C2CC3B
 610	2896 312 104
 611	3EC535C8-1871-EE5B-A959-6C4F61FB17D7
 612	2E66EBD3-0EA6-11ED-B6DE-085BD649B43D
 613	930A9610-FC46-06BC-DD97-C656FE4C01FD
 614	-2128 1088 32
 615	E7E76017-EC20-11EE-9025-68545ACDFBC3
 616	decor_wood_napkin_holder_01
 617	2903 380 104
 618	B641E8A1-1F51-785B-7DF6-B709E257F8E0
 619	-2862 -510.5 32
 620	-2664 120 75
 621	C80D5764-C641-746A-0434-49FE1B365AF6
 622	fingers_in_start_right_hand
 623	2792 212 108
 624	hardpoint_vis_01
 625	37E6D8B8-AEB5-2702-3FE0-6C09871CA5EA
 626	-2853 -559.996 32
 627	-2768 -1224 64
 628	closed_owned
 629	-2702 240 80
 630	361AE928-EC5D-11EE-9025-68545ACDFBC3
 631	tag_light_front_right
 632	2790 1671.5 40
 633	41EB1528-C8F5-11ED-8E21-6C6A77E3CEAB
 634	70EC5662-2351-11ED-B6EB-085BD649B43D
 635	220AD66A-0A04-8284-FF96-C27E20816FA1
 636	2410C332-27BA-11ED-B6EC-085BD649B43D
 637	E7E76011-EC20-11EE-9025-68545ACDFBC3
 638	tag_full
 639	pfec3872d5b6ec95dd_auto2108
 640	64177AC8-809D-CA8E-6B81-01E5A1738F0E
 641	0B5ECF7F-9351-0AB9-5CC8-BA2F4CD86AB0
 642	vfx/jup/level/mp_jup_greece/vfx_greece_boat_on_fire
 643	9EBCD462-EC48-11EE-9025-68545ACDFBC3
 644	FAC066B9-FA64-E457-F40E-300DAFBD9080
 645	0FBF3DC7-42B7-8E4A-40E4-0A95E5473988
 646	C6EDF371-C8F3-11ED-8E21-6C6A77E3CEAB
 647	23C8AA37-C8F4-11ED-8E21-6C6A77E3CEAB
 648	vfx/jup/level/mp_jup_greece/vfx_greece_water_drips_pipes_01
 649	7E0668D9-7A1E-30AA-3445-34E0D8ABC30B
 650	-1932 1467 32
 651	infil_mbravo_intro_3
 652	F95573A7-8F1F-5B23-7ED8-22DF50B47054
 653	2768 296 96.125
 654	2792 260 108
 655	-2304 1128 32
 656	61ED5332-67E1-9975-993B-0F17438D34E9
 657	7AED92CF-37ED-CCB1-1601-96F7D36C3BB1
 658	48B81C3A-A586-3DB2-7672-A25FD05DABE5
 659	2814.69 1004.8 40
 660	flareup
 661	2864 392 96
 662	vfx/jup/level/mp_jup_greece/vfx_greece_steam_vent_dir
 663	scriptable_cp_disco_bottle_glass_liquor_01
 664	-2896 192 72
 665	-2680.22 -350.13 35.438
 666	20EB69CF-4C4D-6232-745D-ABE1DF5ED2FA
 667	ee_electronics_pos_cash
 668	FBC33AEE-7550-5961-C65F-7A1809F14A01
 669	F79D7D09-2350-11ED-B6EB-085BD649B43D
 670	vfx_greece_floating_trash_02
 671	B9C870EA-A9D8-CFBB-8CD7-BA214D9804EE
 672	C6415E9F-EC60-11EE-9025-68545ACDFBC3
 673	-2808 80 80
 674	5A190645-9769-11ED-8E62-68545AAC0192
 675	7857FE92-E390-11ED-8E26-6C6A77E3CEAB
 676	21D71439-9077-11ED-8E13-6C6A77E3CEA8
 677	2776 288 104
 678	5A190681-9769-11ED-8E62-68545AAC0192
 679	7575AA04-B0C6-E7B3-D5A0-A6ED07FE6755
 680	onfire
 681	pf9cc5cc5cff903eab_auto12374698003019999146
 682	A14BC5D7-B352-EC04-6AEE-65E2200445A5
 683	86A67ECA-3057-D033-5FFE-4D7333965764
 684	63E026AA-9A59-0627-32D3-8ED7C67AE17F
 685	mp_cyber_spawn_axis
 686	scriptable_me_sign_street_steep_02
 687	-2826 64 80
 688	2314.81 -186.561 94.625
 689	CCE15F7E-E2F1-3D0F-82D5-10130A389A5F
 690	vfx_greece_water_fountain_01
 691	2875 -849 43
 692	scriptable_misc_luxury_bag_03_black
 693	0417DE1B-F611-497C-2F0E-7483A0AA9E8B
 694	-2411 27 83
 695	23D676C0-27BC-11ED-B6EC-085BD649B43D
 696	pfca3a82eb6ef01e_auto2108
 697	B5498087-11B7-11ED-B6DE-085BD649B43D
 698	21D71420-9077-11ED-8E13-6C6A77E3CEA8
 699	A5A4FD42-E390-11ED-8E26-6C6A77E3CEAB
 700	2826.52 814.933 40
 701	84B247BE-D984-418D-8E68-735D82712232
 702	healthy
 703	5A190663-9769-11ED-8E62-68545AAC0192
 704	fingers_out_end_left_hand
 705	0 315 0
 706	0 205 0
 707	21007985-9D54-812E-8EBC-26635F9E4043
 708	2792 156 100
 709	tableware_glass_wine_02
 710	light_back_right
 711	A2AFDFF3-EC35-11EE-9025-68545ACDFBC3
 712	396EBC29-565D-B3B0-F6FF-ACF25C249688
 713	3048 -80 104
 714	1DCE216B-FA99-D264-DF1E-0BF7AE8C108B
 715	2896.03 235.54 98
 716	1667.95 -30.6398 136
 717	3AF57ACA-90E6-216A-677F-FB915A075C73
 718	infil_mbravo_alt_intro_4
 719	0 29.9992 0
 720	55794C06-591E-B4F1-1654-2058C6ECBF3E
 721	vfx/jup/level/mp_jup_greece/vfx_greece_godrays_01
 722	0131835F-EC65-11EE-9025-68545ACDFBC3
 723	492BC08D-A96B-1AF6-5F23-81C8EE0C4E75
 724	2792 308 108
 725	1616 1216 112
 726	pf9cc5cc5cff903eab_auto18316865748939182362
 727	8890707F-C0BC-6349-F56C-5331D3953797
 728	tag_bink3
 729	693635D8-7AF4-1708-1FD5-4A85B0E2EA89
 730	BBA463FF-2351-11ED-B6EB-085BD649B43D
 731	-2176 -392 48
 732	3066 9.5 104
 733	1F081591-A500-2FC6-E2AF-4CC1C695ECAA
 734	pf412cbbde6e2ca27d_auto2108
 735	3055 -77 99
 736	-2044.35 1176.63 32
 737	D16E54DD-C444-11ED-8E1F-6C6A77E3CEAB
 738	1832 -1240 40
 739	infil_mbravo_luxury_exit_6
 740	vfx/jup/level/mp_jup_greece/vfx_greece_haze_static
 741	2263.87 -387.299 96.125
 742	player_lock_look_1_second
 743	FFC4EDC3-A8BB-3AEB-1F9E-B56137190CC1
 744	FDE1FDCE-6537-11ED-B70F-085BD649B43D
 745	2410C318-27BA-11ED-B6EC-085BD649B43D
 746	8D4D1FE5-C158-F75A-0056-B46CF5A49FCE
 747	2568 -536 40
 748	FB3DE83F-EC52-11EE-9025-68545ACDFBC3
 749	1232 936 112
 750	-1168 576 184
 751	wheel_center_front_right
 752	64886CE1-BD5B-B08C-FE66-6C8A6D7F7EEB
 753	-2755 168 83
 754	6A75B3E3-27B3-11ED-B6EC-085BD649B43D
 755	EE7E2E6F-9760-11ED-8E62-68545AAC0192
 756	trunk
 757	pf55d5cf3290773543_auto2108
 758	-2274.1 -387.786 58.0752
 759	833B6918-B497-635B-7979-D232C1E06848
 760	2840 -1064 40
 761	-2352 -64 80
 762	D491058B-0168-9E23-29E6-94B054989A88
 763	A1B3DED8-388F-FF36-917A-C1D13DC2D4BC
 764	vfx_greece_butterflies_01
 765	pf7c9a836092e6859f_auto2108
 766	5A1906A9-9769-11ED-8E62-68545AAC0192
 767	8E41EC95-11B9-11ED-B6DE-085BD649B43D
 768	AA3FD200-4531-6188-CAE7-3C704378FBF4
 769	0 330 0
 770	93D5D2A6-8DD3-1A2E-7FCB-8FDFC78665FA
 771	F353B499-C8F4-11ED-8E21-6C6A77E3CEAB
 772	3E14A2CC-9761-11ED-8E62-68545AAC0192
 773	7722F638-8207-E0E1-ADDA-9647FB3FE40C
 774	3EA641B1-18D6-47CD-D352-2BCDF4B893DE
 775	infil_mbravo_swapmeet_intro_3
 776	tag_window_front_right
 777	electrical_flicker_fast
 778	79524AA1-653A-11ED-B70F-085BD649B43D
 779	on
 780	DAC7B60F-A11C-B844-F858-42DAA0F0D34F
 781	-2808 24 80
 782	vfx/jup/level/mp_jup_greece/vfx_greece_ks_emp_sparks_lrg
 783	8338650C-27B8-11ED-B6EC-085BD649B43D
 784	2896 164 96
 785	83EBCE57-5BEA-9B16-3598-F788400E31E4
 786	0F2F142F-BB7B-6797-76E5-28602E765D35
 787	CCB67B93-C8F5-11ED-8E21-6C6A77E3CEAB
 788	0812CD26-FC99-6902-17F6-C11A1F3ED16E
 789	F5E6A061-907D-11ED-8E13-6C6A77E3CEA8
 790	3069 295 104
 791	pf9cc5cc5cff903eab_auto8959938147040819602
 792	60A6F7E2-F9E2-9BD0-4888-18E3C703B630
 793	DAB9EA6F-9076-11ED-8E13-6C6A77E3CEA8
 794	pfb48ceacc291ac2da_auto2108
 795	2892 168 100
 796	vfx_greece_ks_emp_sparks_lrg
 797	8062BDC7-3ED5-53DD-C371-0BD42B15B08D
 798	9EC63F85-255C-11ED-B6EB-085BD649B43D
 799	CA125B64-6859-1668-7D07-2682CFD190F1
 800	601A9DD3-C8F4-11ED-8E21-6C6A77E3CEAB
 801	-1915 1391 35
 802	601A9DE4-C8F4-11ED-8E21-6C6A77E3CEAB
 803	-1923.83 1460.17 32
 804	92BB0DE3-472A-99F7-CC74-DA80CE97011E
 805	8DE56A55-C8F5-11ED-8E21-6C6A77E3CEAB
 806	5D2012F8-5913-36DB-1C39-DEBBD1920EF4
 807	7E6D9D1C-2351-11ED-B6EB-085BD649B43D
 808	22B29F94-EC49-11EE-9025-68545ACDFBC3
 809	23DE62B1-00E1-B43F-BFCE-9EEFC5F93794
 810	2568.03 -540.539 40
 811	heavy_smoke
 812	2149D086-9F09-E7DD-D984-9A727CBE8B6D
 813	951BE547-27BD-11ED-B6EC-085BD649B43D
 814	0 98.9995 0
 815	-1658.5 -343 87.8632
 816	scriptable_sign_emergency_exit_light_01_white_on
 817	2632 -152 86.7675
 818	415F6FEF-C441-11ED-8E1F-6C6A77E3CEAB
 819	7634D2A2-9AF7-0C66-DEEE-443AD8E00437
 820	window_back_right
 821	0 263.4 0
 822	470FE921-9FFC-45C4-90E9-5902C099D21F
 823	-2868 -487 28
 824	pf5b13a6cabaf6ba82_auto2108
 825	414316C5-EC5A-11EE-9025-68545ACDFBC3
 826	2575.97 -541.461 40
 827	B9E9BEC2-6539-11ED-B70F-085BD649B43D
 828	0 59.9998 0
 829	855C8A67-11B9-11ED-B6DE-085BD649B43D
 830	AC792AF1-EC63-11EE-9025-68545ACDFBC3
 831	AED4D22C-CE95-A35B-1F60-3882A352B9AD
 832	2792 156 108
 833	2887 164 104
 834	2768 360 96
 835	82D65646-62FB-151F-5CBF-2042F24C1324
 836	B9DBDEDE-83FB-CDBB-1F5D-9C956C9AF151
 837	door_rear_right
 838	9B66D8E3-358B-504B-4F5B-490E3120E307
 839	DFD0534F-B217-5421-FB7F-803A95D9BB11
 840	433CCB1D-0CB2-1F15-2162-8A4F1BB8630A
 841	96D16217-EC48-11EE-9025-68545ACDFBC3
 842	456F3896-EC5D-11EE-9025-68545ACDFBC3
 843	FB482693-907C-11ED-8E13-6C6A77E3CEA8
 844	6C78AB29-6539-11ED-B70F-085BD649B43D
 845	41504248-27B7-11ED-B6EC-085BD649B43D
 846	55ED2843-1E48-B0FD-4AF2-1E8F32E6DC8F
 847	cp_rave_magazine_single_03b
 848	200D908A-11BA-11ED-B6DE-085BD649B43D
 849	vfx/jup/level/mp_jup_greece/vfx_greece_m2_underwater_fish_02
 850	scriptable_clothing_dress_shoes_mens_01_right
 851	E4E0DFE4-EC58-11EE-9025-68545ACDFBC3
 852	34C1807B-EC5A-11EE-9025-68545ACDFBC3
 853	-1921.16 1469.6 32
 854	FBF60C3A-907D-11ED-8E13-6C6A77E3CEA8
 855	C6EDF36E-C8F3-11ED-8E21-6C6A77E3CEAB
 856	-2744 88 80
 857	5DA771F5-97E2-7D3B-60ED-11816E65F80C
 858	F4D005DE-270E-B096-0A94-F1F3BA74CA85
 859	A33E7FC6-41C1-B1C1-EBDA-BD538E971B79
 860	-1724 -467 90
 861	C83C23F8-11B7-11ED-B6DE-085BD649B43D
 862	-1962.5 118 80
 863	5657BD86-B702-11ED-8E1D-6C6A77E3CEAB
 864	2729.12 -1018.19 40
 865	vfx/jup/level/mp_jup_greece/vfx_greece_water_foam_01_ch
 866	556EFC4E-7B8D-ABC7-5607-0CAB4AF16FC0
 867	-2704 -1222 64
 868	581482B9-42AC-0DC1-7E88-1B0AA6D61D38
 869	20ED2329-6D5D-12D7-653E-B35BA4D391C0
 870	vfx/jup/level/mp_jup_greece/vfx_greece_flies
 871	scriptable_container_trash_can_plastic_kitchen_01_br
 872	6913A26D-2351-11ED-B6EB-085BD649B43D
 873	-2128 896 32
 874	3E942F31-9076-11ED-8E13-6C6A77E3CEA8
 875	808F5A1C-21C9-F9A4-B153-F8DCEC5A7F28
 876	BD153499-4EB5-73D4-96B9-8413C98C6E03
 877	j_rope_200
 878	3C27737E-EC5D-11EE-9025-68545ACDFBC3
 879	52D97629-41DF-8009-FF02-9442A571FDF7
 880	0 185 0
 881	mp_xfire_spawn_allies_start
 882	pf4cf68c45eb596c62_auto2108
 883	0 255 0
 884	283DB868-0EA6-11ED-B6DE-085BD649B43D
 885	jup_infil_blima_rope_crank_right
 886	2964.03 235.54 98
 887	0 240 0
 888	-2749 -1160 64
 889	76D77A10-F599-FD34-51B7-D98ECE909A1B
 890	pf486edd18268db34c_auto4
 891	781AE3B3-2351-11ED-B6EB-085BD649B43D
 892	6231DD75-EC62-11EE-9025-68545ACDFBC3
 893	scriptables
 894	vfx_greece_chimney_smoke_black
 895	facial_infils
 896	scriptable_clothing_dress_shoes_mens_04_left
 897	EAEF28E4-E390-11ED-8E26-6C6A77E3CEAB
 898	2829.49 812.076 40
 899	-2760 88 75
 900	j_ball_le
 901	j_ball_ri
 902	infil_mbravo_swapmeet_exit_1
 903	6414E6A7-27B3-11ED-B6EC-085BD649B43D
 904	pffdfe8e660d4ced6e_auto2108
 905	1498BE6B-F24C-9C65-337C-D4377A0D6D8E
 906	-2078 961.5 32
 907	7C382BBA-9761-11ED-8E62-68545AAC0192
 908	3E4C80D6-C30A-AE95-0F78-17849316D13D
 909	CE4FC850-C8F3-11ED-8E21-6C6A77E3CEAB
 910	1192 -1056 48
 911	-2968 -64 76
 912	2AC72BE4-4B28-FDDB-6D0C-C69D281F3706
 913	21D71436-9077-11ED-8E13-6C6A77E3CEA8
 914	infil_mbravo_intro_4
 915	2E036FD3-C349-580E-58A1-3BB9BE8BB561
 916	A36AC8DE-211E-2867-3F8C-0DDCB79C3D40
 917	scriptable_device_laptop_01_open
 918	165AE47B-E391-11ED-8E26-6C6A77E3CEAB
 919	vfx_greece_fluorescent_lensflare
 920	28F2EA84-92A3-BF03-BE0D-77E1EA41C409
 921	pf2b7e50c57d112092_auto2108
 922	right_70
 923	2410C329-27BA-11ED-B6EC-085BD649B43D
 924	2C307EA3-46D5-6730-07B8-C610F56305A2
 925	3FB6EDFF-E623-D72E-438D-1197529B30C1
 926	8BC87EDA-653A-11ED-B70F-085BD649B43D
 927	4
 928	vfx_greece_floating_trash_01
 929	C794A920-EC65-11EE-9025-68545ACDFBC3
 930	door_back_left
 931	window_back_left
 932	5A19068B-9769-11ED-8E62-68545AAC0192
 933	971B27A8-C8F4-11ED-8E21-6C6A77E3CEAB
 934	2806.97 1006.87 40
 935	container_trash_can_plastic_kitchen_01_br
 936	-2975.44 192.571 74
 937	4B87B98E-BD2D-134E-E7B7-2E6DEFD09927
 938	-2975.44 64.571 74
 939	2849.12 -1066.19 40
 940	clothing_dress_shoes_mens_03_right
 941	91AE2FA1-27BA-F7F5-732B-8D8C2AFF30D5
 942	2787 1669 39
 943	1DC0318F-27BC-11ED-B6EC-085BD649B43D
 944	pf419313f8b6a01315_auto7970237113952839134
 945	vfx_greece_chimney_smoke
 946	2792 164 108
 947	misc_bottle_wine_04
 948	5A1906B8-9769-11ED-8E62-68545AAC0192
 949	-2888 144 80
 950	9F7B596C-EC63-11EE-9025-68545ACDFBC3
 951	3455E082-CAB7-3C33-C370-9DCBE82FA07A
 952	D22A180B-C445-11ED-8E1F-6C6A77E3CEAB
 953	vfx_greece_water_fountain_02
 954	4D747766-9356-0313-0A47-B2716C032A66
 955	EAEF28DE-E390-11ED-8E26-6C6A77E3CEAB
 956	EADED7A7-1624-8903-3D5A-5E757B61CA82
 957	7866C9EE-1E35-8DBE-B7F9-87AD25D1C98B
 958	-1955 1059 35
 959	2EDB7291-907E-11ED-8E13-6C6A77E3CEA8
 960	pf9cc5cc5cff903eab_auto13063657673828263381
 961	2857.12 -1058.19 40
 962	9E5B5095-10F8-9E90-77DD-A0D01C7798A3
 963	3048 400 104
 964	5B1B15EE-0311-F1AE-B526-D1E91147FF18
 965	396394FF-11B9-11ED-B6DE-085BD649B43D
 966	4C7523D8-742B-8871-3D4B-CF85FAE11EAF
 967	8FC6BA32-8E43-32D7-6BD0-5ED79AA315CA
 968	-1758 -126.5 96
 969	FAE9A4F7-E8F2-064F-CED7-CDF83F74DE6E
 970	4D0BAA42-23EA-83D5-359A-60816A375132
 971	1902.08 488.193 148.824
 972	DA972011-79C8-11EE-8E40-6C6A77E3CEAB
 973	C121DF5B-C8F5-11ED-8E21-6C6A77E3CEAB
 974	602DB98B-D5E2-F3E1-E6F4-2FCB8F257D15
 975	locked
 976	8F8C6579-EC62-11EE-9025-68545ACDFBC3
 977	ajar_owned
 978	5764B768-EC52-11EE-9025-68545ACDFBC3
 979	A5CA90B3-F940-01D9-6FBA-C3F1CD106C5E
 980	BD98E059-07B5-41AA-660A-8B86BDDB046D
 981	front_right
 982	5A190659-9769-11ED-8E62-68545AAC0192
 983	0BA538F7-11BA-11ED-B6DE-085BD649B43D
 984	A245B7A0-D4AB-D815-A04C-25F355C58B4C
 985	scriptable_veh9_civ_lnd_van_cargo
 986	ED191BBB-C8F4-11ED-8E21-6C6A77E3CEAB
 987	-2968 136 72
 988	D7B8D13E-9760-11ED-8E62-68545AAC0192
 989	CF6E275A-EFBB-E1EF-D05E-DFE9F2A26351
 990	6A75B3F5-27B3-11ED-B6EC-085BD649B43D
 991	77E1A1D0-79C8-11EE-8E40-6C6A77E3CEAB
 992	21867AC1-E7D4-B486-C0BF-C7B257CD649E
 993	99AF9823-2BFC-9E16-B16A-C4C7B6967672
 994	57ED0D45-C8F4-11ED-8E21-6C6A77E3CEAB
 995	C83C23D7-11B7-11ED-B6DE-085BD649B43D
 996	F5E6A045-907D-11ED-8E13-6C6A77E3CEA8
 997	1456 -976 48
 998	fingers_out_start_right_hand
 999	E4527174-EF2E-6423-AAE3-F9A0561C0444
1000	21D7141A-9077-11ED-8E13-6C6A77E3CEA8
1001	pf419313f8b6a01315_auto9618799743466434498
1002	165AE475-E391-11ED-8E26-6C6A77E3CEAB
1003	EFCDA183-7CBE-044F-DBC9-34D996555384
1004	15A517BA-FC80-9AD9-3606-2ADAE8DBEC91
1005	infil_mbravo_luxury_intro_3
1006	-1870 -1262.5 32
1007	siren
1008	E6ADFC53-06AD-F957-09E2-4DD96791744A
1009	2189.37 1594.51 40
1010	52F61581-63F5-1740-2089-D16E5D66C190
1011	D22A17EC-C445-11ED-8E1F-6C6A77E3CEAB
1012	5657BD98-B702-11ED-8E1D-6C6A77E3CEAB
1013	74C9D3D1-EC20-11EE-9025-68545ACDFBC3
1014	2737.12 -1010.19 40
1015	F5E6A038-907D-11ED-8E13-6C6A77E3CEA8
1016	B4413DC0-5F64-737A-E88C-04C87BB61888
1017	1440 1208 120
1018	-2893 -655.996 32
1019	E5520ADD-E3FB-D8A1-6F08-74C7548D0519
1020	2595B41E-FB86-DE48-14C1-3B017305BA02
1021	F9820277-9075-11ED-8E13-6C6A77E3CEA8
1022	pf419313f8b6a01315_auto1881567642136758885
1023	76E9072D-DC09-AB89-2145-14D70893BFF5
1024	5A1906C2-9769-11ED-8E62-68545AAC0192
1025	3048 -224 104
1026	escort_vis_01
1027	mp_sd_spawn_defender
1028	02F7C022-3AFB-BCC9-A753-DF84CA21602A
1029	snakecam
1030	-1414.93 1551.31 64
1031	-950 -646.5 40
1032	B250C879-24D0-11ED-B6EB-085BD649B43D
1033	FDE1FDC8-6537-11ED-B70F-085BD649B43D
1034	74C9D3C6-EC20-11EE-9025-68545ACDFBC3
1035	scriptable_container_espresso_cup_01
1036	vfx_greece_clouds_03
1037	1651A1CE-29BB-5B90-0546-293BE146E931
1038	29F2D14C-7162-D0BE-5298-9F0370596826
1039	bink1
1040	7857FE8C-E390-11ED-8E26-6C6A77E3CEAB
1041	2271 -221 111
1042	3544EBEF-E391-11ED-8E26-6C6A77E3CEAB
1043	0 39.9998 0
1044	-2742 -1150.5 64
1045	scn_infil_mbravo_heli_npc5
1046	728 1232 64
1047	infil_blima_6
1048	vfx_greece_steaming_ground
1049	38AF8076-3C4F-F3C7-FF0F-1B26C7D25C9A
1050	26970B08-A829-52C4-9043-F10B58C51088
1051	959499CC-2DCE-6A4D-F9F0-56C8C64BFF01
1052	FBF60C43-907D-11ED-8E13-6C6A77E3CEA8
1053	pf7e07fea17975638f_12
1054	04A04AF7-4258-E916-D4AE-51E38EC06E43
1055	pf947decac6c336202_auto715
1056	3F0F45FA-56F5-325C-F059-84020FBB42DD
1057	1D0F81A0-B21C-1A60-26C8-69BF8B3ECCEB
1058	0 194.998 0
1059	container_espresso_cup_02
1060	j_wrist_ri
1061	3067 -80.998 100
1062	-2771 343 79
1063	50CB5BF8-6280-1F7F-2077-6EB71D527257
1064	2213.04 1230.86 40
1065	2208 1232 40
1066	infil_mbravo_luxury_intro_2
1067	-2469.04 369.136 80
1068	cp_disco_bottle_glass_liquor_02
1069	mp_escort_spawn_defender
1070	2880 384 104
1071	infil_mbravo_exit_6
1072	1FC01530-3001-15ED-45EE-C5234FD74D5D
1073	scriptable_food_trash_burger_box_01_open
1074	5A19065E-9769-11ED-8E62-68545AAC0192
1075	door_front_left
1076	5F470ECA-3BA9-11EE-8E2F-6C6A77E3CEAB
1077	-1684 921.002 64
1078	F5E6A05E-907D-11ED-8E13-6C6A77E3CEA8
1079	5786ADCF-2A0D-1813-EF77-5A0C76060546
1080	pf84122e2fd833323e_auto2108
1081	A8785C17-0C3B-46A9-F1AF-8285CA6FF55C
1082	F805D71D-9076-11ED-8E13-6C6A77E3CEA8
1083	DAF1052A-9906-AA61-9D85-3815E2315422
1084	5F470EBF-3BA9-11EE-8E2F-6C6A77E3CEAB
1085	88B9E612-E5AC-B678-3B2E-830B9ACE71AF
1086	electrical_blink_fade
1087	0111BCD6-BCD9-7157-066B-52088F2735FB
1088	mp_koth_spawn
1089	vfx_greece_clouds_02
1090	0 325 0
1091	4DEB386E-831C-F651-2719-6EC71966BA50
1092	-1692.54 1543 32
1093	D854D322-C445-11ED-8E1F-6C6A77E3CEAB
1094	vfx_greece_bugs_01
1095	0 75 0
1096	448C7987-9761-11ED-8E62-68545AAC0192
1097	scn_infil_mbravo_heli_npc4
1098	pfa22a1649c6d8d62b_auto2108
1099	B8A66B84-97D7-6953-93FF-70B2C94E990A
1100	-2352 848 32
1101	equip_nvg
1102	-2816 172 91
1103	31DDBE1A-4942-2D4D-A0C9-ABE5A69DB345
1104	77503873-452C-BD5F-6B46-9F023134ADC8
1105	2880 376 96
1106	248 -440 136
1107	C7D0D734-11F6-11ED-B6DE-085BD649B43D
1108	D4F3BCC9-8D24-0C9A-545B-8F9A17786F5D
1109	2864 392 96.125
1110	pf9cc5cc5cff903eab_auto3501153302548655373
1111	scriptable_electrical_blink
1112	1376 1248 96
1113	17F652E4-DEB5-0E1A-4289-8FA68B3DF601
1114	23D676E4-27BC-11ED-B6EC-085BD649B43D
1115	-2720 -970 68
1116	8F354071-C6C5-483A-3D2D-23FB8ECC25E1
1117	4F9D6EC0-69DA-A127-8623-8F77CE486C41
1118	3E2E8673-7880-211C-41F6-6A4AB435BE88
1119	72B6109D-FFAB-55F4-AD9B-9E83BCD8C18A
1120	-1406.69 -327.913 88
1121	10EEC12A-324A-EEF9-433D-ECCB43A73726
1122	61196EA4-EC5E-11EE-9025-68545ACDFBC3
1123	082610DD-607F-B421-2167-7E954A32E0E2
1124	0E304527-AA40-D999-B653-680FCF6B016D
1125	headlight_left_dead
1126	8F3AE998-4A01-4DC1-555B-6214263E0B19
1127	decor_drying_rack_01_plate_01_stack_s0p6
1128	864 -664 48
1129	8E872B9B-9761-11ED-8E62-68545AAC0192
1130	-2718.5 128 80
1131	0 135 0
1132	-2408 40 80
1133	2896 168 104
1134	2DCD97E7-EC4F-11EE-9025-68545ACDFBC3
1135	194C0EA3-6538-11ED-B70F-085BD649B43D
1136	7892F4CC-3042-6D9A-4E61-A8FCCEB14EDF
1137	vfx_greece_fire_lrg_01
1138	75EF38F8-592B-EFE5-ECBA-74C3FF3EAA62
1139	6261298B-83FA-4E70-85F3-89410B9573F7
1140	infil_mbravo_alt_exit_1
1141	0 270 0
1142	2896.03 302.54 98
1143	75E4FBAA-11B9-11ED-B6DE-085BD649B43D
1144	-2944 104 80
1145	FBF60C3D-907D-11ED-8E13-6C6A77E3CEA8
1146	2D6301C3-4DA7-6FBD-F2AA-6C4238EDF0A9
1147	-1676 921.002 64
1148	-422 1513.5 16
1149	2491 -1221 35
1150	scavenger_closed
1151	-2876 -479 28
1152	mp_dd_spawn_defender_start
1153	FDE1FDCB-6537-11ED-B70F-085BD649B43D
1154	12063EE9-11BA-11ED-B6DE-085BD649B43D
1155	FDE1FDB5-6537-11ED-B70F-085BD649B43D
1156	F44E1BC2-907C-11ED-8E13-6C6A77E3CEA8
1157	918C6148-9789-69DC-4C3C-90C1FAF65EDC
1158	vfx/jup/level/mp_jup_greece/vfx_greece_smoke_fire_truck
1159	2E781649-DB61-7C60-CB86-64427BF5356C
1160	A4A7F32C-2351-11ED-B6EB-085BD649B43D
1161	4E012010-7F94-33D1-B4C8-070106BB3360
1162	fingers_in_start_left_hand
1163	-1918 1473.5 32
1164	921.081 1189.41 64
1165	infil_mbravo_alt_intro_5
1166	414316D0-EC5A-11EE-9025-68545ACDFBC3
1167	vfx_greece_steam_vent_dir
1168	469856C8-17B4-52FA-1665-F78828B2229F
1169	mp_control_spawn_defender
1170	scriptable_ee_food_bread_basket_01
1171	destroyed
1172	transmissive::accessory_ceilling_fan_vintage_on
1173	blue::scriptable_door_metal_04_flat_painted_clean_mp
1174	2960 212 96
1175	E259C0E3-F93D-10CB-2593-D0DB16CDB4B0
1176	tag_bink2
1177	5A19063B-9769-11ED-8E62-68545AAC0192
1178	5A1906D1-9769-11ED-8E62-68545AAC0192
1179	406DD0F2-86D0-7431-7128-0B83E7EA5BC9
1180	AFDE15B2-EC1F-11EE-9025-68545ACDFBC3
1181	B8C32A82-C8F5-11ED-8E21-6C6A77E3CEAB
1182	5A1906B3-9769-11ED-8E62-68545AAC0192
1183	2410C32F-27BA-11ED-B6EC-085BD649B43D
1184	531D4E4E-D1E1-65BF-80AC-B1287EB3F057
1185	882545AF-0AF5-6E60-658D-89DFFB76022B
1186	vfx/jup/level/mp_jup_greece/vfx_greece_birds_circling
1187	-2810.5 129 80
1188	D6783CCA-DBD0-15C5-06A1-3FD6569C7EE9
1189	77143C2D-C8F5-11ED-8E21-6C6A77E3CEAB
1190	1A728127-9077-11ED-8E13-6C6A77E3CEA8
1191	-2809.5 144 76
1192	cp_rave_magazine_single_04
1193	C8C6A611-3722-B489-5498-6073B2EDA02E
1194	5588FF89-E7B1-7465-8F67-18E3653D80CF
1195	-2323 -157 71
1196	871CC41E-6CB5-D188-5CF3-B5E043C47590
1197	B250C864-24D0-11ED-B6EB-085BD649B43D
1198	2A1943B8-3BA9-11EE-8E2F-6C6A77E3CEAB
1199	scriptable_scriptable_door_metal_04_flat_painted_clean_mp
1200	mp_escort_spawn_attacker_secondary
1201	4E77FC07-5CBB-8030-3F60-5714F5025D1F
1202	1112 208 112
1203	C6EDF34D-C8F3-11ED-8E21-6C6A77E3CEAB
1204	4270B92F-EC5F-11EE-9025-68545ACDFBC3
1205	scriptable_cp_rave_magazine_single_04b
1206	-2302 905 32
1207	2487.75 -1216.26 32
1208	-1919.83 1465.17 32
1209	6DBCACC1-11B9-11ED-B6DE-085BD649B43D
1210	E7E7600E-EC20-11EE-9025-68545ACDFBC3
1211	99C2E43E-2927-E369-866F-25B951FD6639
1212	mirror_left
1213	80AFF62D-9CAD-1C96-D42F-FBB1BDAD9629
1214	2192 1576 40
1215	8DE56A60-C8F5-11ED-8E21-6C6A77E3CEAB
1216	F44E1BE2-907C-11ED-8E13-6C6A77E3CEA8
1217	-2630 108 80
1218	wheel_center_back_left
1219	door_front_right
1220	left_30
1221	left_70
1222	B3017907-2351-11ED-B6EB-085BD649B43D
1223	83BB8675-5D45-CB35-9518-54E6E4A98CC3
1224	2792 404 108
1225	-2826.5 65 80
1226	infil_mbravo_swapmeet_intro_2
1227	-2960 144 80
1228	2650 -534.5 40
1229	63142396-17CA-A8D1-3CC4-23FFBD4D6702
1230	21D71433-9077-11ED-8E13-6C6A77E3CEA8
1231	B5498084-11B7-11ED-B6DE-085BD649B43D
1232	86519E21-1CD7-975D-EAE0-B0C4C4368173
1233	j_wrist_le
1234	mp_ctf_spawn_allies
1235	200D9087-11BA-11ED-B6DE-085BD649B43D
1236	008ADC11-F22A-1B38-A6DA-4B611749A930
1237	mp_dd_spawn_attacker
1238	-2936 104 80
1239	0445969A-2351-11ED-B6EB-085BD649B43D
1240	cnd_pint_glass_01
1241	146299F1-653A-11ED-B70F-085BD649B43D
1242	rootmodelmanager
1243	vfx/jup/level/mp_jup_greece/vfx_greece_bugs_01
1244	scriptable_flower_vase_porcelain_02
1245	EA4C54E4-11F6-11ED-B6DE-085BD649B43D
1246	-2853 -560.004 32
1247	7B2ED3C4-6AC3-12FC-A2B6-5308575320FD
1248	0.757533
1249	-2325 -128.004 72
1250	0AB5F642-5C72-E74B-7F80-047603595C86
1251	mp_cyber_spawn_allies
1252	2463 1431 39
1253	0 134 0
1254	vfx_greece_water_foam_01
1255	4444C587-C8F4-11ED-8E21-6C6A77E3CEAB
1256	F79D7CF5-2350-11ED-B6EB-085BD649B43D
1257	A16743C7-785B-0522-7553-EBAF4C151A24
1258	vfx/jup/level/mp_jup_greece/vfx_greece_water_fountain_02
1259	0 19.9982 0
1260	2807 1479 40
1261	68681431-C8F4-11ED-8E21-6C6A77E3CEAB
1262	C3415E58-1419-11ED-B6DE-085BD649B43D
1263	C9D4F6F0-E390-11ED-8E26-6C6A77E3CEAB
1264	D7919D58-C8F4-11ED-8E21-6C6A77E3CEAB
1265	23D676C3-27BC-11ED-B6EC-085BD649B43D
1266	A52EE8B2-2B8D-259F-E042-D755D894CF82
1267	91A3E583-EE10-837A-FD9A-F53E5E120335
1268	-2162.5 -399 63.0381
1269	-308 1532 12
1270	3690E93D-19D9-5521-9B1A-8C55223C24CF
1271	init
1272	pf9cc5cc5cff903eab_auto14767258571327606463
1273	pfedcce302415e7ec8_auto2108
1274	DC68280C-91BC-357C-D2F2-3A2B8518AEDC
1275	1776 -328 128
1276	-2826.5 129 80
1277	-2819.44 64.571 82
1278	1863 -373 143
1279	9A8F3E2C-E281-DF7C-B9A3-71EA6D93E0C8
1280	-2304.4 930.236 32
1281	-1422.93 1551.31 64
1282	-1660.81 -736.246 34.8979
1283	-2960 80 80
1284	FBFA1F84-0031-AA01-CFA2-D6762187DB99
1285	scriptable_tool_broom_wood_01
1286	pf99ae7a5de65b96eb_auto2108
1287	-2040 1176 40
1288	6432107B-D8F8-4755-F253-B920805D1FE4
1289	scriptable_ee_tableware_decor_item_e
1290	88749F86-EFC1-67FE-1347-C35A42EFEF91
1291	AAB24422-2931-B429-94CD-7B3DAA5CBF24
1292	AD292B29-BC46-FF09-6415-D56F43891571
1293	tag_light_back_right
1294	379B21AF-3BA9-11EE-8E2F-6C6A77E3CEAB
1295	2848 288 112
1296	infil_mbravo_luxury_intro_6
1297	mp_dd_spawn_defender_a
1298	52CB38B7-5DD5-B54C-F8E7-3526725A4979
1299	-2136 1096 32
1300	infil_mbravo_exit_2
1301	C6EDF35F-C8F3-11ED-8E21-6C6A77E3CEAB
1302	0 127 0
1303	568 -128 104
1304	BA92029A-7C82-3100-8967-032D53CCB8DE
1305	-2189.49 976.474 22.9446
1306	0 130 0
1307	2280 -816 48
1308	pf419313f8b6a01315_auto7267922297164648530
1309	71C6386C-EC65-11EE-9025-68545ACDFBC3
1310	1112 216 112
1311	3F7D942E-484D-005A-DB1D-B7E9BA33D6AB
1312	D22A1802-C445-11ED-8E1F-6C6A77E3CEAB
1313	pf9cc5cc5cff903eab_auto6722596053679545081
1314	5BBC0569-FF3D-8646-A5F8-F5BF306F3F17
1315	vfx_greece_fire_lrg_02
1316	8DE5E508-2F6E-4280-AC93-FF1FC402C3EB
1317	-2751 -1157 67
1318	vfx/jup/level/mp_jup_greece/vfx_greece_clouds_02
1319	-2706.5 193 80
1320	vfx/jup/level/mp_jup_greece/vfx_greece_blowing_trash_ground_01
1321	-2464 368 80
1322	-2685 -1222 64
1323	2460 1455.01 40
1324	A0A51E72-5D9A-193A-58D1-C73C46D192FC
1325	none
1326	taillight_right_dead
1327	3038.22 -195.278 104
1328	A389EEC9-4FCE-DBA4-9042-7F0CE9926A3F
1329	mp_dd_spawn_attacker_a
1330	-16 536 80
1331	traverse
1332	nav_door
1333	883CF5F3-7DB4-5B60-650A-FAEE927BC17F
1334	vfx/jup/level/mp_jup_greece/vfx_greece_floating_petals_02
1335	-2664 56 75
1336	F6021728-BD9C-3EE1-23AD-B5E45F9C088A
1337	28A179BB-9077-11ED-8E13-6C6A77E3CEA8
1338	B3017919-2351-11ED-B6EB-085BD649B43D
1339	light_exterior_floodlight_01_on
1340	-1933.33 1464.06 31
1341	7CF1B8AE-C6B6-285C-77A2-BDEE42BE0808
1342	FDE1FDB2-6537-11ED-B70F-085BD649B43D
1343	2E66EBC8-0EA6-11ED-B6DE-085BD649B43D
1344	pf7e07fea17975638f_24
1345	-2856 248 75
1346	354838E1-8969-0B9F-99CB-6A1FA3AE4DD7
1347	AEE28CF1-ECB1-854B-D6FA-846E92585BDD
1348	light_back_left
1349	454F834B-46C0-E183-DAE5-AFCC05A30B77
1350	anim_explosion_complete
1351	DDD893BD-C444-11ED-8E1F-6C6A77E3CEAB
1352	0 29.9993 0
1353	978DEE2F-4492-FD83-083B-DB986686884C
1354	8239F740-9761-11ED-8E62-68545AAC0192
1355	EBFC9D29-A39E-0DD2-4206-2AF7183A3A28
1356	4DF98A88-C346-8ED1-2D9A-10E6C549579C
1357	299F6688-F655-9920-BFC5-0607BAE42E8E
1358	scriptable_accessory_ceilling_fan_vintage_on
1359	AFDE15A9-EC1F-11EE-9025-68545ACDFBC3
1360	-2826 192 80
1361	bash_right_90
1362	1072 -684 40
1363	3B416458-C8F5-11ED-8E21-6C6A77E3CEAB
1364	C9D4F6ED-E390-11ED-8E26-6C6A77E3CEAB
1365	6C94C2BD-653A-11ED-B70F-085BD649B43D
1366	2355 299 99
1367	0 64.9998 0
1368	jup_infil_blima_step
1369	vfx_greece_water_drips_pipes_01
1370	78342365-EC65-11EE-9025-68545ACDFBC3
1371	630CB108-7242-97C5-1215-010200326B5A
1372	34C18091-EC5A-11EE-9025-68545ACDFBC3
1373	F1CC93C6-9076-11ED-8E13-6C6A77E3CEA8
1374	97960A0B-815C-1F76-F356-653BDF8B1018
1375	infil_mbravo_luxury_exit_3
1376	9FEA34A7-DF92-0C60-54CF-CA1079F12F3B
1377	DEA757EA-DDA6-B90A-5135-329A9D4287D0
1378	scriptable_dinnerware_plate_ornate_stack_01
1379	2776 200 104
1380	FBF60C34-907D-11ED-8E13-6C6A77E3CEA8
1381	0BD39FB4-0973-85B4-EAB9-3CA30853BAE6
1382	scriptable_veh9_civ_lnd_sedan_2009_police
1383	45A79F9C-B702-11ED-8E1D-6C6A77E3CEAB
1384	FB06922C-C8F4-11ED-8E21-6C6A77E3CEAB
1385	1894.89 -262.025 136.064
1386	vfx_greece_lensflare_warm
1387	21CA071C-6842-6608-FE34-F172831C747D
1388	BB88440A-11D0-3350-4C12-A6DBAEBFBD6B
1389	-2112 88 80
1390	-2896 24 72
1391	vfx/jup/level/mp_jup_greece/vfx_greece_floating_trash_04
1392	7FAFD4F5-9D18-B326-5D09-C9B818173FBE
1393	3064 304 104
1394	B59EEB67-1419-11ED-B6DE-085BD649B43D
1395	F8DE8E46-5BDD-9A62-ACDB-0121B5C34218
1396	A7C9F3D6-EC59-11EE-9025-68545ACDFBC3
1397	5EE14CD2-0B43-110D-36ED-DD7A90149BAE
1398	EC98F8B1-38F4-C397-4B54-DA29E9D42546
1399	3CB3012D-FA98-2AD3-D62D-6BF990B4FE19
1400	pfa21cf331ae3acb5b_auto2108
1401	05D34FE6-CDE3-E479-3A58-FB646D0BDAEA
1402	37BBF124-4E3F-57DB-EF54-7FBEFDB2AF0C
1403	E732FA7A-C444-11ED-8E1F-6C6A77E3CEAB
1404	ik_in_end_right_hand
1405	2802 1676.47 40
1406	FFC8D61B-9076-11ED-8E13-6C6A77E3CEA8
1407	left_50
1408	left_90
1409	2832 640 88
1410	-2880 -648 32
1411	infil_mbravo_swapmeet_exit_2
1412	-2856 184 75
1413	0 30 0
1414	3C516B84-1FEB-3CD3-BF91-BE5BE53CE92B
1415	EAEF28E1-E390-11ED-8E26-6C6A77E3CEAB
1416	FED0980E-EC26-11EE-9025-68545ACDFBC3
1417	F015C056-2350-11ED-B6EB-085BD649B43D
1418	-2088 -1232 40
1419	vfx_greece_water_foam_01_ch
1420	01FB2FC8-B6F5-5BF4-969F-013A1597F7F6
1421	39C11056-2FB7-11ED-B6F1-085BD649B43D
1422	2064 320 118.61
1423	79C1E91E-AEA9-CDE9-0545-C4E41FC39836
1424	2672 264 96.125
1425	77E1A1CD-79C8-11EE-8E40-6C6A77E3CEAB
1426	5C62972F-D015-8278-A8E0-863D598A607D
1427	2356 294.998 96
1428	-2944 112 80
1429	841E95C7-D549-B626-7879-954E1BB38ED7
1430	mp_control_spawn_attacker_start
1431	44FF0958-E265-3195-E0EE-85F40F0D5904
1432	scriptable_cnd_pint_glass_01
1433	pfab3025d3aaffde39_auto2108
1434	-2807 163 75
1435	pfe82fb4ba8b46fbcc_auto4
1436	FAE34B9C-13C0-56B4-301D-0F958D4F3F15
1437	cp_disco_bottle_glass_liquor_04
1438	802766AC-EC0D-5DD0-0D00-CC01691C5243
1439	558786F6-4F4B-BFDE-2337-C68313FF9E1D
1440	750BA396-C831-9D7E-514E-FE2C86795403
1441	infil_mbravo_exit_4
1442	-1728 -624 40
1443	E60F66E1-EC36-11EE-9025-68545ACDFBC3
1444	EF6217D2-633D-BE5F-36B7-6BD1C79A062B
1445	-1720 -464 88
1446	0 125 0
1447	window_front_left
1448	2655.46 -535 40
1449	1832 256 128
1450	2956 324 100
1451	escort_vis_02
1452	93EFBC8C-B10E-4594-D048-9A0F4F631320
1453	clothing_purse_01
1454	-1920 -1192 32
1455	vfx/jup/level/mp_jup_greece/vfx_greece_clouds_04
1456	infil_mbravo_alt_exit_6
1457	FDF5F560-7B4E-B228-EA39-01F9A4A9C279
1458	F1E3FCE5-EC53-11EE-9025-68545ACDFBC3
1459	scriptable_container_espresso_cup_02
1460	DA972028-79C8-11EE-8E40-6C6A77E3CEAB
1461	bink2
1462	scriptable_container_water_industrial_caged_01
1463	A58027D8-7C7D-F352-92B7-72AD614971AA
1464	hide
1465	AFDE15AF-EC1F-11EE-9025-68545ACDFBC3
1466	5A190640-9769-11ED-8E62-68545AAC0192
1467	scn_infil_mbravo_heli_npc6
1468	3392FCDB-3451-6BB6-7705-866C75AA3A6A
1469	-2366.04 852.734 32
1470	infil_blima_1
1471	41EB153E-C8F5-11ED-8E21-6C6A77E3CEAB
1472	misc_luxury_bag_02
1473	2E2B4CA2-B903-4882-DA7C-C4C30FA6E99C
1474	592358BA-3BA9-11EE-8E2F-6C6A77E3CEAB
1475	7A993B7B-6539-11ED-B70F-085BD649B43D
1476	99F06A81-11B9-11ED-B6DE-085BD649B43D
1477	7F2D4B56-27B3-11ED-B6EC-085BD649B43D
1478	taillights_dead
1479	0 20 0
1480	3056 256 104
1481	868AF29C-3BF0-AA45-2DA0-2EACC79BFE0B
1482	5A19061D-9769-11ED-8E62-68545AAC0192
1483	kitchen_knife_chef_01
1484	container_espresso_cup_01
1485	off
1486	jup_infil_shared_movement_post
1487	-2705.44 64.571 78
1488	vfx/jup/level/mp_jup_greece/vfx_greece_blowing_petals_ground
1489	pf7a9d91442d1fae8_auto2108
1490	72459A53-7F62-0118-B183-B47A4A3A7C70
1491	F805D73C-9076-11ED-8E13-6C6A77E3CEA8
1492	151A498C-14E6-CDC9-84FB-84264F715F4E
1493	vfx_greece_petals_blow
1494	pf2bfa930ad965d50e_auto2108
1495	63A2EE25-A9AB-70F0-30EF-38CB6E5776A9
1496	infil_mbravo_luxury_intro_1
1497	pf9cc5cc5cff903eab_auto3736734850920663773
1498	820A0A11-EC65-11EE-9025-68545ACDFBC3
1499	-372 1532 12
1500	back_left
1501	6524FEBF-FDAB-4C94-8524-A01699C84169
1502	infil_mbravo_exit_5
1503	jup_infil_blima_rope_fall_left
1504	7F4B2CA3-FEC8-4174-C3EE-E44AB927FDA6
1505	2D1EAAA2-374E-D439-282E-89F25EB844BE
1506	-1724 -627 42
1507	pf71ea4e6ea8c8b92d_auto4
1508	0F13D893-36CF-C688-FAC5-C31B4CF9BE21
1509	4444C595-C8F4-11ED-8E21-6C6A77E3CEAB
1510	00F29484-FA17-8C27-3985-20CB836A671C
1511	2959 300 104
1512	pff1dfcb910b5bf7c5_auto2108
1513	2719 11 103
1514	-2934 -78.5 76
1515	window_front_right
1516	62CE0A9E-804A-8A66-E98E-552063807043
1517	FE30CDD4-D81E-D888-6278-B60FB2D173AC
1518	2280.53 -195.002 96
1519	escort_vis_03
1520	2282 -198.5 96
1521	2960 324 104
1522	-2820 40 84
1523	4A59446B-EC4F-11EE-9025-68545ACDFBC3
1524	951BE536-27BD-11ED-B6EC-085BD649B43D
1525	35AD0C2D-C990-3BB8-9AFA-303399044836
1526	3250E533-7EC9-1E6E-C07F-CB3C452A43E3
1527	vfx/jup/level/mp_jup_greece/vfx_greece_blowing_petals_ground_ch
1528	D18070D8-8083-119E-ACC5-F70BD33E5D50
1529	-2356 845 32
1530	vfx_greece_clouds_01
1531	4E546126-8D36-AC1A-9D88-8BDA2DD6C1A6
1532	scriptable_hardpoint_chevron
1533	bink3
1534	6FE89455-7000-C209-540E-24E1D374058C
1535	2876 380 104
1536	F805D739-9076-11ED-8E13-6C6A77E3CEA8
1537	DFBC0B06-F2D4-7237-4A0C-7CAB46DDF22F
1538	5A190627-9769-11ED-8E62-68545AAC0192
1539	8F8C656E-EC62-11EE-9025-68545ACDFBC3
1540	3C27739F-EC5D-11EE-9025-68545ACDFBC3
1541	pf17bfe6e08e69b484_auto2108
1542	pf9cc5cc5cff903eab_auto8174535867304478502
1543	vfx/jup/level/mp_jup_greece/vfx_greece_trash_rolling_ground_01
1544	3A75C2C4-EC54-11EE-9025-68545ACDFBC3
1545	pf7e07fea17975638f_10
1546	8D7FCA35-6539-11ED-B70F-085BD649B43D
1547	9935B31B-3D77-11EF-95D1-68545A904D17
1548	-1848 776 72
1549	vfx_greece_smoke_fire_truck
1550	60D5424F-A122-9478-029A-581A7F849847
1551	infil_mbravo_alt_intro_3
1552	39A65FDC-E053-98FA-B725-BF171B0E6A86
1553	-2975.44 124.571 74
1554	D7B8D157-9760-11ED-8E62-68545AAC0192
1555	2880 376 100
1556	02DA0652-11BC-F8AB-646A-B0C5A1FF8475
1557	A2687492-EC5E-11EE-9025-68545ACDFBC3
1558	EE11CFDD-11B9-11ED-B6DE-085BD649B43D
1559	jump_up_80
1560	jump_up_40
1561	987CC110-6268-540D-0311-015C60901A56
1562	02994BCF-DAF7-88E0-5C84-9C791A06A778
1563	AFDE15BB-EC1F-11EE-9025-68545ACDFBC3
1564	3C277389-EC5D-11EE-9025-68545ACDFBC3
1565	C0A146E1-C8F3-11ED-8E21-6C6A77E3CEAB
1566	-2723.5 40 76
1567	AFDE15B8-EC1F-11EE-9025-68545ACDFBC3
1568	vfx_greece_floating_petals_01
1569	278FB7CE-5F02-6DC1-2DE8-F7F388611FFA
1570	mp_rugby_spawn_axis
1571	1DC03192-27BC-11ED-B6EC-085BD649B43D
1572	C2CE062E-B4C3-7FBA-0350-5876A868B6FB
1573	86DCA5FB-4EE7-C112-17D2-874FE43A9E24
1574	B48F8EDF-9878-1E1D-0C0A-05FE738DFFEB
1575	helimedium
1576	7F715F7D-311B-BE22-7CB4-49BBB1EE38D9
1577	scriptable_flower_vase_porcelain_01_a
1578	1840 -1217 40
1579	FD8E583E-FF45-C281-1AB5-20C6827B0FD3
1580	2784 320 104
1581	051F2960-504A-964B-858D-24BC2D7034EB
1582	cnd_martini_glass_01
1583	1835 -1225 43
1584	A8864386-C6F8-82D7-43A6-C394B830BAF2
1585	pfa38bdfb799e219e5_auto2108
1586	B299757E-EC65-11EE-9025-68545ACDFBC3
1587	89C2FAE8-C91C-016F-E9B8-EAFE3C37D05D
1588	62482BB7-EC64-11EE-9025-68545ACDFBC3
1589	0E2FBE75-B1AD-35F0-A16F-96B80D0B2079
1590	0 195 0
1591	-1916 1392 40
1592	scriptable_ee_food_bar_cutting_board_01
1593	AE20C004-2016-FC3C-A3D6-909B3E402F55
1594	6DBCACB2-11B9-11ED-B6DE-085BD649B43D
1595	siren_on
1596	infil_mbravo_swapmeet_exit_6
1597	E439BDF9-3549-2F07-99CA-A16215A34728
1598	vfx/jup/level/mp_jup_greece/vfx_greece_leaves_petals_falling
1599	-2806 260 80
1600	E7E75FFF-EC20-11EE-9025-68545ACDFBC3
1601	fx_exploder( infil_heli_trash )
1602	pf6ecc00f9ca9f124e_auto715
1603	309DF5B4-C8F4-11ED-8E21-6C6A77E3CEAB
1604	165AE472-E391-11ED-8E26-6C6A77E3CEAB
1605	2287.47 -198.998 96
1606	B5E54725-5F57-CC6D-7D9E-0207E535EC7C
1607	32AAED56-1B88-ADDB-7A06-35EBE1BFA5CE
1608	60C35A7B-EC5D-11EE-9025-68545ACDFBC3
1609	pf823c73ba9d8916e4_auto2108
1610	E24A6349-D519-E900-3BDB-0FE56BCA45E4
1611	-2723.5 192 88
1612	-2357.68 -146.281 73.2775
1613	-2417.03 36.8599 82
1614	infil_mbravo_luxury_intro_4
1615	tag_window_back_right
1616	1837.67 -383.943 136.5
1617	23C8AA21-C8F4-11ED-8E21-6C6A77E3CEAB
1618	vfx/jup/level/mp_jup_greece/vfx_greece_chimney_smoke_black
1619	-2755 104 83
1620	-1914.46 1387 32
1621	mp_rugby_spawn_allies
1622	6C42DF85-FF0C-1286-6539-4CAF223D08CA
1623	4B216266-BD19-B0F8-BB1E-30197EA43613
1624	-2855 -505 35
1625	mp_ctf_spawn_axis_start
1626	-2883.45 -651.214 32
1627	5D3732B2-BA4C-3C29-E7ED-09145CA94912
1628	jup_infil_blima_rope_kick_left
1629	AE89710D-19F8-A3AD-F007-C42394AD7D8F
1630	mp_xfire_spawn_team_three_start
1631	0 19.9997 0
1632	2960 88 96
1633	8F957DD1-DD9F-6702-D20D-A6D2FE95E42A
1634	2780 372 108
1635	vfx_greece_mist_mountain_cloud
1636	-1494 1201.5 64
1637	1840 -1225 40
1638	A9B324D0-EC50-11EE-9025-68545ACDFBC3
1639	D66448D4-08C3-C43F-7CAF-CCD5F8F592C7
1640	ECF6F50C-9AB3-1E12-F78E-383F61A5B278
1641	5A19064F-9769-11ED-8E62-68545AAC0192
1642	5657BDA3-B702-11ED-8E1D-6C6A77E3CEAB
1643	clothing_dress_shoes_mens_01_right
1644	-2307.46 1131 32
1645	12063EE6-11BA-11ED-B6DE-085BD649B43D
1646	FE29ACC8-2350-11ED-B6EB-085BD649B43D
1647	DD8607E0-FBB7-7B5F-8B1B-361FF317665B
1648	-2755 40 84
1649	1E19F452-00D6-7942-1415-2F2EBADEE1E6
1650	A4A8780E-351F-960A-2C49-AF610DFF6836
1651	-2373.65 493.496 80
1652	6487D5F1-252D-EF60-AEBF-23675A85BDB2
1653	6AB06710-7418-DB39-7591-58CAA7489A13
1654	B896131F-6537-11ED-B70F-085BD649B43D
1655	23D0F5F1-63D4-39D9-CC53-CD825E58A04B
1656	scriptable_clothing_dress_shoes_mens_03_right
1657	lights_controller
1658	3544EBEC-E391-11ED-8E26-6C6A77E3CEAB
1659	2768 232 96.1853
1660	scn_infil_mbravo_heli_npc2
1661	C941D086-8918-711F-3A56-F1E0E36E4EDA
1662	pfd91daf99367765ec_auto2108
1663	fingers_out_end_right_hand
1664	AA63719B-43FA-00D5-D01C-092AD101406A
1665	infil_blima_5
1666	8338650F-27B8-11ED-B6EC-085BD649B43D
1667	1824.27 1022.98 112
1668	anim_playerstandrock
1669	AFDE15A6-EC1F-11EE-9025-68545ACDFBC3
1670	2720 8 104
1671	33F2FB5D-A860-057B-CC54-464651E72092
1672	cp_disco_glass_beer_bottle_fn_01
1673	4D557804-91F8-8BF3-1758-B90C1FFCF781
1674	mp_sd_spawn_attacker
1675	2819.75 637.494 88
1676	vfx/jup/level/mp_jup_greece/vfx_greece_debris_trash_ch
1677	2691.91 -442.322 96
1678	EA4C54E7-11F6-11ED-B6DE-085BD649B43D
1679	tag_mirror_right
1680	8C507FA3-43D2-653F-F79F-6F94D3EBD86F
1681	777
1682	-248 -330 142
1683	D7919D2D-C8F4-11ED-8E21-6C6A77E3CEAB
1684	E7E76005-EC20-11EE-9025-68545ACDFBC3
1685	-9216 7360 0
1686	standby
1687	69823CC6-EC52-11EE-9025-68545ACDFBC3
1688	mp_ctf_spawn_axis
1689	049F1512-6538-11ED-B70F-085BD649B43D
1690	C83C23ED-11B7-11ED-B6DE-085BD649B43D
1691	vfx_greece_floating_trash_04
1692	3F7E0DDB-8B8C-E7F6-EF65-9CAF2CC25A33
1693	904015D9-D0FB-557E-14A0-E9E0DC064007
1694	0 160 0
1695	mp_xfire_spawn_axis_start
1696	0 353.6 0
1697	dmz_elimination_quest_cache
1698	0 3.59932 0
1699	scriptable_misc_bottle_wine_05
1700	-2466.96 368.864 80
1701	F805D720-9076-11ED-8E13-6C6A77E3CEA8
1702	40D53A88-D569-896A-7A68-5A95B1E5E372
1703	90F2E89E-3428-B098-3D26-7FB151A449E1
1704	-2356.55 571.94 80
1705	5686D849-EC5D-11EE-9025-68545ACDFBC3
1706	pf7e07fea17975638f_1
1707	704DB8FB-EC64-11EE-9025-68545ACDFBC3
1708	C90F796F-2E14-956C-3A70-7D8B185176D0
1709	vfx_greece_motes
1710	pfbf892f5e4f43521_auto715
1711	2648.54 -531 40
1712	DDD893B2-C444-11ED-8E1F-6C6A77E3CEAB
1713	base
1714	jump_down_160
1715	9935B307-3D77-11EF-95D1-68545A904D17
1716	A2CED654-185E-CC50-CF6C-0E8C83418DBA
1717	vfx/jup/level/mp_jup_greece/vfx_greece_fire_lrg_01
1718	5B798986-1F2D-69A9-9DAA-36A5643835F0
1719	723630C9-7229-7E40-06CD-6CFD6372418E
1720	vfx/jup/level/mp_jup_greece/vfx_greece_trash_swirl_dir
1721	7C382BAC-9761-11ED-8E62-68545AAC0192
1722	2784 168 104
1723	ik_in_start_left_hand
1724	2802 1479 40
1725	2848 184 112
1726	allies_endzone_vis
1727	vfx/jup/level/mp_jup_greece/vfx_greece_water_foam_02
1728	4857BE62-27B7-11ED-B6EC-085BD649B43D
1729	vfx_greece_blowing_petals_ground
1730	8743BA99-6539-11ED-B70F-085BD649B43D
1731	door_rear_left
1732	44F7F365-01B8-81BD-8E1C-E6B7BF2F5686
1733	DFB3C5E1-39D9-E0F7-AD18-F4A9029CFEF4
1734	D87FF2CE-3F35-F4DA-0DA9-EFAC3F84D824
1735	accessory_table_vintage_plate_metal
1736	C13A1F17-83F5-F80B-B281-C4C46DAA4601
1737	5A190654-9769-11ED-8E62-68545AAC0192
1738	scriptable_sign_commercial_mexico_restaurant_menu_stack_01
1739	2488 -1216 40
1740	2696155A-27BE-11ED-B6EC-085BD649B43D
1741	91588795-7CA3-570D-4827-912437C120C1
1742	2896.03 166.54 98
1743	97911131-4408-14A7-5E6C-B492AD12C80E
1744	37E36FCF-AAF3-CA3C-663F-3FD5CE2A06E4
1745	00111389-7A9B-85F3-1DAD-617E8AB9FF7C
1746	0 219.999 0
1747	pf6ecc00f9ca9f124e_auto716
1748	tag_window_front_left
1749	8B868B58-030C-71EE-2230-D7D3BF4E1A6D
1750	3270E3C3-4C8E-1392-628B-E1F859C416F8
1751	auto_mp_jup_greece_cfx.map
1752	1DEA04EC-27BA-11ED-B6EC-085BD649B43D
1753	27D81DD2-E453-7431-2D99-5C9315A57961
1754	F6AA495F-F0ED-92E0-147B-65C5528DC8F5
1755	-2784 360 80
1756	-2891 -641 35
1757	FBED2623-78A6-49AB-47F5-8B51D0617D89
1758	693B23CC-EC64-11EE-9025-68545ACDFBC3
1759	E897D0AE-F418-511E-2380-8E31BB670E47
1760	-1922.46 1387 32
1761	28961177-4A29-7CF7-0BC6-53F6CC159911
1762	0 59.9978 0
1763	8E34B533-23B0-1738-6C13-FA0145118C0A
1764	049F150C-6538-11ED-B70F-085BD649B43D
1765	veh9_civ_lnd_van_cargo
1766	mp_rugby_spawn_allies_start
1767	infil_mbravo_exit_3
1768	j_rope_1
1769	2352 312 104
1770	-2856 -8 75
1771	-2711.5 0 80
1772	61B2DFB2-0F79-0B46-34AC-542A25E3490E
1773	unlocked
1774	vfx/jup/level/mp_jup_greece/vfx_greece_steaming_ground
1775	781AE3B0-2351-11ED-B6EB-085BD649B43D
1776	1828.27 60.3413 136
1777	vfx_greece_water_foam_02
1778	9A6D3D1B-FE47-8E3F-5740-849E3D77C2ED
1779	96764D4C-8547-A667-E722-A784D8BB7508
1780	39B7364C-653A-11ED-B70F-085BD649B43D
1781	D7444491-DEDA-2D8A-344B-925A382BDC83
1782	pffde90e82e6fa62a4_auto2108
1783	15121F80-20E9-B859-9ED4-52E52DF28743
1784	554EE04E-C8F5-11ED-8E21-6C6A77E3CEAB
1785	BBA463FC-2351-11ED-B6EB-085BD649B43D
1786	vfx/jup/level/mp_jup_greece/vfx_greece_clouds_03
1787	AEDA07D9-11B7-11ED-B6DE-085BD649B43D
1788	2768 360 96.125
1789	FFC8D621-9076-11ED-8E13-6C6A77E3CEA8
1790	2D648F2B-A91B-8862-15C2-E9DC7CB49CE5
1791	mp_escort_spawn_defender_secondary
1792	009BF212-BEBE-929B-5382-891AFE1F32F1
1793	198F0806-EC54-11EE-9025-68545ACDFBC3
1794	0 335 0
1795	EAEF28DB-E390-11ED-8E26-6C6A77E3CEAB
1796	scn_infil_mbravo_heli_npc1
1797	0D931019-14B0-C514-8FC5-083B7E48189A
1798	A7D1E549-C8F4-11ED-8E21-6C6A77E3CEAB
1799	27A874CE-11BA-11ED-B6DE-085BD649B43D
1800	2783 156 108
1801	53F60329-EC54-11EE-9025-68545ACDFBC3
1802	2715.8 -703.799 40
1803	-1915.54 1391 32
1804	3075 -80.998 100
1805	5B110D77-EC64-11EE-9025-68545ACDFBC3
1806	scriptable_decor_wood_napkin_single
1807	BFC3FE3A-EC4E-11EE-9025-68545ACDFBC3
1808	C6EDF34A-C8F3-11ED-8E21-6C6A77E3CEAB
1809	9CB06E61-F805-ED0E-26D5-A3E46D575B71
1810	-2096 -1232 32
1811	-2325 -135.996 72
1812	536BEF52-EC57-11EE-9025-68545ACDFBC3
1813	scriptable_electrical_flicker_fast_mp_greece
1814	1616 1208 104
1815	DC5BB54C-8D9E-93CA-F442-16ACAADB1488
1816	-2300.54 1135 32
1817	light_part
1818	D16E54D2-C444-11ED-8E1F-6C6A77E3CEAB
1819	2E703C28-DF50-F3AE-AF0A-319A7B663F66
1820	bash_left_90
1821	pf9cc5cc5cff903eab_auto14188831429567763454
1822	-2843 168 83
1823	tag_windshield_back
1824	5A190695-9769-11ED-8E62-68545AAC0192
1825	scriptable_cp_disco_bottle_glass_liquor_02
1826	ik_in_start_right_hand
1827	-1732 -627 42
1828	fingers_in_end_left_hand
1829	ws_safe_offscreen
1830	83FE8C05-BF77-8DD6-C52D-0374F7BA0F91
1831	-2135 891 31
1832	-2816 44 91
1833	2997CF51-4794-877B-E996-C30D0B747FAB
1834	scriptable_cp_rave_magazine_stack_01
1835	BD7EC9B8-11B9-11ED-B6DE-085BD649B43D
1836	3A89D856-AE05-47D3-1577-AE679BCFCD61
1837	scriptable_misc_bottle_wine_02
1838	6C356CFA-7BF5-3E72-0F08-AE5A89D0B092
1839	1608 824 95.5
1840	5A190686-9769-11ED-8E62-68545AAC0192
1841	396394F4-11B9-11ED-B6DE-085BD649B43D
1842	F6F7C336-C8F3-11ED-8E21-6C6A77E3CEAB
1843	ADA44889-68BB-8F17-1261-1B8F0EB038F8
1844	-2912 56 80
1845	D7B8D152-9760-11ED-8E62-68545AAC0192
1846	8763B588-972A-6E0E-FC27-3BA001E1372A
1847	fov_63_2
1848	F1CC93BB-9076-11ED-8E13-6C6A77E3CEA8
1849	-2760 152 75
1850	-2722.5 193 80
1851	268A31E4-EC5C-11EE-9025-68545ACDFBC3
1852	2956 232 104
1853	27A874E0-11BA-11ED-B6DE-085BD649B43D
1854	body
1855	0BAB1ECF-653A-11ED-B70F-085BD649B43D
1856	73101545-6539-11ED-B70F-085BD649B43D
1857	scriptable_light_exterior_floodlight_01_on
1858	D6200B70-199E-D33E-AD10-E161DAA5812E
1859	1D85B5B2-C8F4-11ED-8E21-6C6A77E3CEAB
1860	21D7141D-9077-11ED-8E13-6C6A77E3CEA8
1861	9149E495-6B99-02A4-B445-C3800D8875A5
1862	1DC03182-27BC-11ED-B6EC-085BD649B43D
1863	64751289-653A-11ED-B70F-085BD649B43D
1864	hardpoint_vis_03
1865	8120A7F7-D205-12C4-0BDF-EC2CF9878E56
1866	-2972 -63 76
1867	0BB3F0E0-C5BF-6633-AD05-3D05F2DC99D7
1868	2880 360 104
1869	2872 -800 40
1870	-2816 116 91
1871	2576.03 -540.539 40
1872	3EDF3A3A-47C4-3FE5-6888-A5C4A5474AA7
1873	6DBCACAF-11B9-11ED-B6DE-085BD649B43D
1874	F93BF586-79C8-11EE-8E40-6C6A77E3CEAB
1875	997DE70D-EC5F-11EE-9025-68545ACDFBC3
1876	187F0D2C-AB6E-7EDB-A618-B2A3B59154FA
1877	1C287D85-F3C2-2B79-F54F-CFCCF425F4D5
1878	9D18371A-9506-A29F-E03C-992FCECEFA1D
1879	777B4E78-EC64-11EE-9025-68545ACDFBC3
1880	pf9cc5cc5cff903eab_auto17753727549967238872
1881	vfx_greece_trash_rolling_ground_01
1882	8006F5C0-EC50-11EE-9025-68545ACDFBC3
1883	415F6FFA-C441-11ED-8E1F-6C6A77E3CEAB
1884	2E218773-81C1-7B59-577A-2A5543CE7FF1
1885	-2896 136 72
1886	C3415E55-1419-11ED-B6DE-085BD649B43D
1887	0518990E-A2A7-450A-007E-DA0D4C6876A1
1888	3479F094-836C-85B3-4D91-A66D1AC43BA7
1889	vfx/jup/level/mp_jup_greece/vfx_greece_godrays_02
1890	-2856 56 75
1891	2792 356 108
1892	1616 1216 104
1893	2780 368 96
1894	EDFA4344-9AE1-F5A3-D69B-B09AE369FE24
1895	-2772 369 80
1896	F79D7D0C-2350-11ED-B6EB-085BD649B43D
1897	clothing_dress_shoes_mens_04_right
1898	2027.55 420.154 136.176
1899	71FC9FC3-C8F4-11ED-8E21-6C6A77E3CEAB
1900	-1691.46 1539 32
1901	veh9_civ_lnd_sedan_2009_police
1902	1756.89 868.118 103.689
1903	28A179BE-9077-11ED-8E13-6C6A77E3CEA8
1904	infil_mbravo_luxury_exit_5
1905	-1632 912 64
1906	jup_infil_blima_player_grab
1907	4D7DE348-7726-F2AD-76E0-C46F14AADEFF
1908	0 14.9999 0
1909	1A728132-9077-11ED-8E13-6C6A77E3CEA8
1910	-1168 576 192
1911	DA972025-79C8-11EE-8E40-6C6A77E3CEAB
1912	jup_infil_blima_rope_crank_left
1913	scriptable_ee_electronics_pos_cash
1914	-656 -464 40
1915	FB4826AF-907C-11ED-8E13-6C6A77E3CEA8
1916	AD8DB13B-29BE-708C-B32E-103439712E63
1917	0 180 0
1918	8FA9D399-C441-11ED-8E1F-6C6A77E3CEAB
1919	CAB83BE2-B3B6-A67C-C1AD-B8BFFC304F93
1920	mp_koth_spawn_axis_start
1921	6231DD6A-EC62-11EE-9025-68545ACDFBC3
1922	9CECA922-B9CD-044C-FE0B-B944654BCD60
1923	C83C23E2-11B7-11ED-B6DE-085BD649B43D
1924	22978A41-EC52-11EE-9025-68545ACDFBC3
1925	-1684 920.998 64
1926	423EBB47-96AF-52C0-4FB9-AA22CFD38DD1
1927	951BE514-27BD-11ED-B6EC-085BD649B43D
1928	6E58FDB7-2F3D-D1B6-F587-EAAD3C96A1C5
1929	5A19069F-9769-11ED-8E62-68545AAC0192
1930	0 340 0
1931	2849.12 -1058.19 40
1932	C90E1360-24BA-4C3B-3066-1CC41B8CC92C
1933	vfx_greece_leaves_falling
1934	F44E1BCD-907C-11ED-8E13-6C6A77E3CEA8
1935	vfx_greece_sparks_01
1936	FB482690-907C-11ED-8E13-6C6A77E3CEA8
1937	DA972001-79C8-11EE-8E40-6C6A77E3CEAB
1938	1224 936 112
1939	mp_tdm_spawn
1940	D7919D42-C8F4-11ED-8E21-6C6A77E3CEAB
1941	667E6E30-C9F1-6CB6-2E76-F74843CFCF25
1942	00D0F244-EC54-11EE-9025-68545ACDFBC3
1943	2964.03 302.54 102
1944	infil_mbravo_intro_1
1945	8F5EA579-C8F4-11ED-8E21-6C6A77E3CEAB
1946	5A190636-9769-11ED-8E62-68545AAC0192
1947	-1699.46 1539 32
1948	E87C5B33-9760-11ED-8E62-68545AAC0192
1949	3048 16 104
1950	A20C1EBC-6746-9ED8-F6E3-9C4895CF3465
1951	D96A29ED-1748-11ED-B6DE-085BD649B43D
1952	pf419313f8b6a01315_auto5686184294733711840
1953	-783.537 74.9854 112
1954	-2899.44 124.571 82
1955	23C8AA0B-C8F4-11ED-8E21-6C6A77E3CEAB
1956	2783 220 104
1957	pfc8dd971465585ec1_auto2108
1958	B569E5F0-FEB6-ED10-F22F-B8BDA304270C
1959	-2904 144 80
1960	25E4C957-7E61-DFCD-1DCF-413214589A85
1961	FB4826C2-907C-11ED-8E13-6C6A77E3CEA8
1962	-8800 7360 0
1963	DA97200E-79C8-11EE-8E40-6C6A77E3CEAB
1964	1
1965	5F470EE0-3BA9-11EE-8E2F-6C6A77E3CEAB
1966	-2718.5 64 76
1967	1C0F8D85-1487-0B19-6C9B-F4E460CBFD8F
1968	C6EDF35C-C8F3-11ED-8E21-6C6A77E3CEAB
1969	-1712 -456 96
1970	8DF7E735-EB5E-4AF8-7AB1-02F93839D672
1971	B3ADA118-EC53-11EE-9025-68545ACDFBC3
1972	2848 232 112
1973	scriptable_misc_bottle_wine_03
1974	A5A4FD48-E390-11ED-8E26-6C6A77E3CEAB
1975	light_front_right
1976	DAF668BA-94D8-FE1B-21A2-7DE8E764C005
1977	-1930.73 163.539 83.6548
1978	140FCACD-B9F2-7F46-4230-4378C7BA1846
1979	F793AB81-5F90-E360-D75D-CC800500318A
1980	F923920D-CF42-539C-89E0-A75967D53B64
1981	F93BF589-79C8-11EE-8E40-6C6A77E3CEAB
1982	265EC503-D258-67B6-96A5-260BBCD8684D
1983	36C895A4-0899-3C70-0AA8-5800FC900839
1984	-2836 92 80
1985	scriptable_cp_rave_magazine_single_04
1986	D22A17DF-C445-11ED-8E1F-6C6A77E3CEAB
1987	542C4919-F35E-64FC-F8CE-C428BDB7E672
1988	hardpoint_vis_02
1989	2562BF2B-BAA6-3154-E634-129A1A549A0E
1990	-2845 -559.996 32
1991	4CB3598B-EBC3-F6F4-8742-61ACF7CD0677
1992	-2901 -655.996 32
1993	5D81E27B-8870-634C-C8E0-0BC4402A3A4B
1994	1870 -369.532 136
1995	base_scripted_anim_slot
1996	-1415.07 1552.69 64
1997	2317.34 -318.197 96.125
1998	-2895.5 188 76
1999	5A190613-9769-11ED-8E62-68545AAC0192
2000	-2369.66 850.746 32
2001	free_look
2002	AADA6CDA-EC61-11EE-9025-68545ACDFBC3
2003	B096CCDB-9DE7-16A3-09F0-5880F62D9C47
2004	A84D9B31-ECBC-6C63-505F-AB63FC971210
2005	667B5662-83CA-F735-31CE-F75A899264CB
2006	2980 144 111.924
2007	screen
2008	DD25483E-7B0E-BC98-74AD-ECFDA44C6FEF
2009	5A1906AE-9769-11ED-8E62-68545AAC0192
2010	5B863EA1-64D9-CD07-97E8-58CE01C50810
2011	C09ACA02-24D0-11ED-B6EB-085BD649B43D
2012	-1808 -16 80
2013	3856CCAE-5A2D-9149-F561-43601177A4BC
2014	DC4BF1A9-C8F3-11ED-8E21-6C6A77E3CEAB
2015	6C0907D3-EC51-11EE-9025-68545ACDFBC3
2016	2D85BC2A-1213-DCC7-E5E4-63883DE4CB33
2017	-2819.5 192 88
2018	0131836A-EC65-11EE-9025-68545ACDFBC3
2019	F63D180A-4A62-CC1C-5270-FF027C4BB3B1
2020	infil_mbravo_luxury_exit_2
2021	-2826 128 80
2022	scriptable_communication_radio_system_01
2023	pfd63c4db7ed33182b_auto2108
2024	AA96E350-52FA-D73F-BD0E-E9243C6FA192
2025	facial
2026	7E05A6BA-A198-8D2A-C879-6FFEF7BCE0C1
2027	vfx/jup/level/mp_jup_greece/vfx_greece_ground_leaves_blowing
2028	pfc070605852e6c473_auto4
2029	9C4C779F-9C90-1608-7CCB-B6DFD2C2D53B
2030	D96A29EA-1748-11ED-B6DE-085BD649B43D
2031	2A9B8EA5-C8F4-11ED-8E21-6C6A77E3CEAB
2032	sign_commercial_mexico_restaurant_menu_01
2033	CC2E8CF4-907E-11ED-8E13-6C6A77E3CEA8
2034	ik_out_start_left_hand
2035	6E41B0A1-2566-AE09-1135-FAF6EF940502
2036	vfx_greece_m2_underwater_fish_02
2037	11C847BE-C8F4-11ED-8E21-6C6A77E3CEAB
2038	932A942A-46BB-AF67-F3D6-0F8A86D1EBBE
2039	infil_mbravo_swapmeet_exit_3
2040	D790F8FE-C444-11ED-8E1F-6C6A77E3CEAB
2041	0 35 0
2042	2202.96 1223.14 40
2043	mp_tdm_spawn_axis_start
2044	7290BFFB-E209-B4D8-DCF5-787984F42CF0
2045	C89049E7-6BD7-5EE1-99E4-298F5289D33D
2046	2410C352-27BA-11ED-B6EC-085BD649B43D
2047	2800 1670 40
2048	-608 -136 104
2049	DE7B614A-3A9E-E17D-ABB5-41B7DBE65BEA
2050	vfx_greece_trash_swirl_dir
2051	-703.66 214.994 96
2052	94D0F547-07B7-E4F2-0038-0B3D8E5B62D1
2053	2864 264 96.1452
2054	1424 760 104
2055	7FCF588B-1DB9-AB9F-032C-A061181EE5CB
2056	4150423D-27B7-11ED-B6EC-085BD649B43D
2057	0 1.00006 0
2058	2356 303.002 96
2059	0 29.9979 0
2060	E5671DB3-901F-0818-95E4-94494079D6AE
2061	1848 -1217 40
2062	7D1F6EB5-27B8-11ED-B6EC-085BD649B43D
2063	2896 292 96
2064	B07C280E-EC60-11EE-9025-68545ACDFBC3
2065	2895 228 104
2066	009A4F20-2765-B84D-D97B-4666EA4299E6
2067	-2836 168 80
2068	tag_windshield_front_pristine
2069	-2888 24 80
2070	3C277394-EC5D-11EE-9025-68545ACDFBC3
2071	flower_vase_porcelain_01_a
2072	-2880 -552 32
2073	infil_mbravo_alt_exit_5
2074	9F58800F-3D77-11EF-95D1-68545A904D17
2075	929E24C1-EC60-11EE-9025-68545ACDFBC3
2076	2704 -704 40
2077	2964.03 166.54 98
2078	pf6203a1d46f45bd8b_auto2108
2079	2804 327.002 96
2080	27A874E3-11BA-11ED-B6DE-085BD649B43D
2081	accessory_boat_fender_buoy_float_01_dyn
2082	75E4FBC3-11B9-11ED-B6DE-085BD649B43D
2083	pf77e58be4e2c5751c_auto2108
2084	7B3FC023-B78E-4054-1C89-47BC2BA87D1F
2085	28D77C67-17E4-9C1C-0FB8-D0FFE5041F69
2086	infil_blima_2
2087	vfx_greece_ks_emp_sparks
2088	-2904 -560 32
2089	DC66532F-2CD3-15F0-6A3A-6F205531FC5E
2090	D596E00E-1532-595A-D403-B00690FB33B2
2091	743E7193-D4A1-5710-5033-9CEC24ACACB6
2092	0AC3CADB-EC53-11EE-9025-68545ACDFBC3
2093	BC396271-49BE-D605-9090-5DC2CA7CCBC3
2094	57ED0D3A-C8F4-11ED-8E21-6C6A77E3CEAB
2095	vfx/jup/level/mp_jup_greece/vfx_greece_butterflies_01
2096	E30D14C3-9623-7EF9-572D-BABEF1E5F9AE
2097	79344C53-27B3-11ED-B6EC-085BD649B43D
2098	infil_mbravo_intro_6
2099	E6DCDA85-F4FA-DC26-435A-290A86F2A192
2100	vfx_greece_ground_leaves_blowing
2101	0 0 0
2102	scriptable_cp_disco_bottle_glass_liquor_04
2103	jup_infil_blima_rope_fall_right
2104	9534E1BE-47DA-8404-51AD-BD1A5C760FC1
2105	2810 1677.53 40
2106	5E0CE939-1643-EB1B-5988-EDDF89C68EE0
2107	0 165 0
2108	0B7A83EA-8791-E2BD-B702-563B89240315
2109	A894D8EA-C7C9-7BE6-0E40-0D07BBA8A72C
2110	5A1906C7-9769-11ED-8E62-68545AAC0192
2111	79344C48-27B3-11ED-B6EC-085BD649B43D
2112	CF092F1D-906B-B804-B0E1-1ABFBDAFCDCE
2113	scriptable_electrical_blink_fade
2114	97490F87-EC62-11EE-9025-68545ACDFBC3
2115	85B616C7-EA74-C497-16AB-C9B96BD722F2
2116	1616 -776 104
2117	608D8611-C2ED-4412-FCD7-EDAB7D2571C2
2118	9275F0A1-779B-BC37-FB48-2F047D54631A
2119	5EAEF3A4-FE8B-BC59-E44B-758D63B3C260
2120	-2964 -71 76
2121	531EC99F-6D73-134E-10C7-2FA790DDDDCC
2122	misc_bottle_wine_02
2123	pf7e07fea17975638f_2
2124	0219CE77-9AD3-204A-F2CC-E80A01501270
2125	3077 303 104
2126	pfbf892f5e4f43521_auto716
2127	C9D4F6E7-E390-11ED-8E26-6C6A77E3CEAB
2128	2996 -217.002 96
2129	pf659d51f384409c2d_auto2108
2130	F6822B44-8860-4DCA-5602-6FDC17C58A54
2131	51AD9F61-C8F4-11ED-8E21-6C6A77E3CEAB
2132	C1FDE6A5-9076-11ED-8E13-6C6A77E3CEA8
2133	scriptable_clothing_purse_01
2134	75BE7430-58E4-64C7-57E0-00B23DC1517F
2135	D6700114-FB84-C0BA-0FE9-C2996E3F77D2
2136	pff9f0a3faee35915f_auto2108
2137	E7E7601A-EC20-11EE-9025-68545ACDFBC3
2138	vfx/jup/level/mp_jup_greece/vfx_greece_water_foam_01
2139	70EC5653-2351-11ED-B6EB-085BD649B43D
2140	-2768 -1152 64
2141	vfx_greece_jumping_fish
2142	5651BC8F-0D6E-6D0F-053F-465940CC721E
2143	5A190668-9769-11ED-8E62-68545AAC0192
2144	E5C765F7-888D-51F3-9014-43F7DABFC144
2145	-2899.44 64.571 82
2146	0 215 0
2147	F805D723-9076-11ED-8E13-6C6A77E3CEA8
2148	9EBCD454-EC48-11EE-9025-68545ACDFBC3
2149	-2352 568 80
2150	28A179C1-9077-11ED-8E13-6C6A77E3CEA8
2151	dinnerware_plate_ornate_01
2152	8A4930B4-C5DF-6101-AEEC-758D68DDDBB3
2153	pf9cc5cc5cff903eab_auto10955600119439087967
2154	52CB1DB4-708D-DE97-123C-FFB0839D9BDE
2155	D7919D55-C8F4-11ED-8E21-6C6A77E3CEAB
2156	C2DBD85A-C653-DE95-7FA7-08A3398C172D
2157	c2
2158	dinnerware_plate_ornate_stack_01
2159	873171D4-E390-11ED-8E26-6C6A77E3CEAB
2160	78F44CFE-249F-5662-59DA-E24748D53E37
2161	D7919D3C-C8F4-11ED-8E21-6C6A77E3CEAB
2162	wheel_center_front_left
2163	5A190609-9769-11ED-8E62-68545AAC0192
2164	C62CBA32-CDC5-CF5F-D9C1-A5A92165FB16
2165	0044F86E-9DAF-72A9-971D-C9E4F4891BAD
2166	mp_ctf_spawn_allies_start
2167	BAACD8ED-D118-5DB6-4E13-842272CECD9F
2168	3E14A2D7-9761-11ED-8E62-68545AAC0192
2169	ik_out_end_left_hand
2170	-444 1532 12
2171	vfx/jup/level/mp_jup_greece/vfx_greece_lensflare_warm
2172	55540E7D-FDF5-4BBF-30BE-7D94D0DA3946
2173	3043 403 107
2174	0 140 0
2175	39639515-11B9-11ED-B6DE-085BD649B43D
2176	3
2177	-1724 -459 90
2178	516393D8-C566-1D68-8CFD-C90F62B9B656
2179	BC99F7A1-58D9-320E-82FF-488DE1B3823C
2180	B5498081-11B7-11ED-B6DE-085BD649B43D
2181	34E318D9-EC66-11EE-9025-68545ACDFBC3
2182	283DB85D-0EA6-11ED-B6DE-085BD649B43D
2183	CB8B7E4A-7D0C-9EB9-21C8-75F595F1127D
2184	pf7e07fea17975638f_5
2185	F7629235-4068-930C-5007-2AC9FFB0E8BD
2186	0 224.999 0
2187	3038.22 -123.278 104
2188	sign_emergency_exit_light_01_white_on
2189	F484BEA3-16EA-BC1E-F548-8BF87C9AB443
2190	-2680 -1152 64
2191	E69104E5-66C2-CC1C-EAE6-ADAC0582C1B2
2192	50F59C39-1496-2FFD-FBAC-120BD9809CDA
2193	F5E6A05B-907D-11ED-8E13-6C6A77E3CEA8
2194	2960 168 100
2195	1072 -688 48
2196	A69B6A81-2E83-458F-6EE1-4D1EA851F6C9
2197	hardpoint_vis_04
2198	-1844 777.002 68
2199	mp_tdm_spawn_allies_start
2200	7F2D4B4B-27B3-11ED-B6EC-085BD649B43D
2201	1624 -776 96
2202	5A19064A-9769-11ED-8E62-68545AAC0192
2203	BD7EC9B5-11B9-11ED-B6DE-085BD649B43D
2204	16C1171D-D547-4EE1-0C8A-6D54A5C4773C
2205	2792 156 104
2206	-2036.35 1176.63 32
2207	2904.03 380.54 98
2208	mp_escort_spawn_defender_start
2209	6B5A7000-BD65-7315-87D0-0054A13B7D41
2210	3071 -80 100
2211	32DCBA10-5E33-9A4E-4232-3F67389093A6
2212	ACD71AC2-F3E5-BAC9-6252-910EF5D75B37
2213	-561.048 867.705 16.0228
2214	1B59595B-CC21-3311-969E-27421E6229F9
2215	-2120 360 80
2216	infil_mbravo_alt_intro_1
2217	show
2218	-2723 -949 67
2219	671136B4-3895-D2FE-691B-0804DF0A5BD3
2220	scriptable_accessory_table_vintage_plate_metal
2221	3053.5 402 104
2222	3067 -89.002 100
2223	0727282D-B80A-40DD-0197-64F96BB783C9
2224	86A00A2C-C8F5-11ED-8E21-6C6A77E3CEAB
2225	D015F967-360C-D9E3-7A82-7DF8CC490ABA
2226	0 34.998 0
2227	pf78f3e8ce06ff1db0_auto2108
2228	46992F66-9D37-FCBB-8F4A-C165E77AB67B
2229	40E560FF-F211-C1CD-AAA5-A322AE833477
2230	traversal_door
2231	E94F5ED7-D65C-42AE-6B3D-F02E6498B267
2232	11FB15D3-CB2C-5C5A-1174-E60347289665
2233	on_nolight
2234	2672 328 96.125
2235	2410C34F-27BA-11ED-B6EC-085BD649B43D
2236	tag_light_front_left
2237	41582893-E01E-3365-6ADD-3A5190086713
2238	scriptable_scriptable_ee_door_wooden_entrance_01_mp
2239	EE02E9D9-85FC-81C5-AA24-132A406137FA
2240	F0E22590-C8F3-11ED-8E21-6C6A77E3CEAB
2241	A5A4FD4B-E390-11ED-8E26-6C6A77E3CEAB
2242	4A335AED-CC33-D6D3-15C3-DF87E64F84EA
2243	2F097A3A-11BA-11ED-B6DE-085BD649B43D
2244	48D1E02A-C441-11ED-8E1F-6C6A77E3CEAB
2245	728 1240 56
2246	309DF5C2-C8F4-11ED-8E21-6C6A77E3CEAB
2247	4857BE6D-27B7-11ED-B6EC-085BD649B43D
2248	exhaust_controller
2249	2792 220 96
2250	1D0781A3-8F19-B7A0-72D6-6274B96EFDA5
2251	44DEDAE0-92D8-99FE-D1B8-EA39D5F9230B
2252	-2856 120 75
2253	43F83EC3-4FC6-856E-A84F-30B853097339
2254	259E9983-684B-A2AE-DA42-4A207698CC37
2255	vfx/jup/level/mp_jup_greece/vfx_greece_floating_trash_02
2256	-2836 16 80
2257	019572E0-653A-11ED-B70F-085BD649B43D
2258	D045E2DA-79F5-DE61-E763-A5470046879C
2259	vfx_greece_fish_flies
2260	0 210 0
2261	misc_luxury_bag_03_black
2262	34C18086-EC5A-11EE-9025-68545ACDFBC3
2263	vfx/jup/level/mp_jup_greece/vfx_greece_fish_flies
2264	8D93112E-3C77-B0FB-22B5-D7812FA011CE
2265	D08E67A0-8088-CD90-9155-A3D07356422C
2266	vfx/jup/level/mp_jup_greece/vfx_greece_leaves_falling
2267	mp_ctf_spawn
2268	E732FA6F-C444-11ED-8E1F-6C6A77E3CEAB
2269	infil_mbravo_swapmeet_exit_4
2270	0 225 0
2271	EE91A138-68AD-4926-D347-B9F15C1F6AD6
2272	infil_mbravo_swapmeet_intro_6
2273	-2896 80 72
2274	1824 -1224 48
2275	-1843.46 769.29 72
2276	2F941793-4FA7-30CE-E0BD-82D9B86D6508
2277	F93BF583-79C8-11EE-8E40-6C6A77E3CEAB
2278	vfx/jup/level/mp_jup_greece/vfx_greece_sparks_01
2279	99F06A84-11B9-11ED-B6DE-085BD649B43D
2280	rock
2281	6D8A5F50-52F7-3903-BA59-3DADB364C16A
2282	D5C4B4D5-BCD2-1F58-3B34-6C9361627213
2283	scriptable_uk_lighting_ceiling_fixture_01_on
2284	61102E16-E88C-6E76-5604-05858AC28F11
2285	-2693 -1222 64
2286	2818 641.5 88
2287	2960 320 108
2288	-2266.5 41 75
2289	B330C06C-9843-8D02-EEC1-9A2AE1E499DE
2290	-2968 24 72
2291	5A190690-9769-11ED-8E62-68545AAC0192
2292	-2809.5 256 76
2293	19D271F0-AC3F-D014-B398-6F5CB8D466E0
2294	mp_dom_spawn_axis_start
2295	034CCC61-471A-BDED-B4BC-99E4B63EB9FA
2296	vfx_greece_sunflare
2297	3055.57 409.727 104
2298	22C79FA9-653A-11ED-B70F-085BD649B43D
2299	39C11059-2FB7-11ED-B6F1-085BD649B43D
2300	window_blast
2301	D07EFDE6-11BA-11ED-B6DE-085BD649B43D
2302	AD4D1332-EC52-11EE-9025-68545ACDFBC3
2303	5A1905FF-9769-11ED-8E62-68545AAC0192
2304	A5B22496-C475-7F5E-7CA4-0900B2281BCF
2305	F6F32075-E556-57AA-2229-73797A27CA12
2306	misc_bottle_wine_03
2307	2064 1400 40
2308	pf7e07fea17975638f_3
2309	vfx/jup/level/mp_jup_greece/vfx_greece_sunflare
2310	vfx_greece_leaves_petals_falling
2311	2648 -536 40
2312	1CE6F3EA-3071-0F40-F549-EA70869DF2BB
2313	3004 -208.998 96
2314	scriptable_cp_rave_magazine_single_02
2315	pf401338da09d5ecb0_auto2108
2316	ee_food_bread_basket_02_convoy
2317	2F17D86E-3F69-4331-0E89-DD5BD4B79C83
2318	472C7CD5-CB1A-524F-D400-875E06D7B1D5
2319	5AE95CB5-8076-F9E6-3AA6-30EA1FEA1269
2320	408889CF-FC5D-064D-D9CD-725F663DAA20
2321	-2688 -1224 64
2322	sign_commercial_mexico_restaurant_menu_stack_01
2323	2806 1488 40
2324	FB4826C8-907C-11ED-8E13-6C6A77E3CEA8
2325	3A805588-27BF-11ED-B6EC-085BD649B43D
2326	9BBA5C79-DE64-359D-EFD2-4A3ECAA9C053
2327	-1767 -73 91
2328	taillight_left_dead
2329	86B2D273-9B1E-D1F5-58BC-581F02CCEB07
2330	4AB4B9B4-3A74-CC0E-691A-8CE77E895DED
2331	758.658 -805.727 40
2332	21D3467F-D99D-DA17-D51C-C4D148AA9CFB
2333	EF577C16-6539-11ED-B70F-085BD649B43D
2334	pfd237d306b25b54d3_auto4
2335	c1
2336	39C51F9B-889F-6D77-4B20-AD7806E65777
2337	3E18B085-9DAF-6D81-4AAA-ACF01453EECF
2338	exhaust
2339	0D7BA76E-F981-5518-CF16-077CEEED3AA6
2340	-2876 -487 28
2341	928 192 96
2342	23C8AA16-C8F4-11ED-8E21-6C6A77E3CEAB
2343	FDBF3C4B-11B9-11ED-B6DE-085BD649B43D
2344	ik_in_end_left_hand
2345	89AA6191-05CB-DB62-AC9B-FE335A51537C
2346	F76AB293-F31E-FF1F-4DC4-2EF1CC06B5B2
2347	FB4826AC-907C-11ED-8E13-6C6A77E3CEA8
2348	E7E7600B-EC20-11EE-9025-68545ACDFBC3
2349	-2705.44 192.571 82
2350	2784 376 104
2351	mirror_right
2352	EE11CFE0-11B9-11ED-B6DE-085BD649B43D
2353	2784 -104 86.7675
2354	44CC1CAC-1747-B701-D5A8-9EA1597082B6
2355	6620C2CB-EC5C-11EE-9025-68545ACDFBC3
2356	device_laptop_01_open
2357	5A1906CC-9769-11ED-8E62-68545AAC0192
2358	A43BF45D-A7AE-33D3-3FBB-923A1699F782
2359	D22A17EF-C445-11ED-8E1F-6C6A77E3CEAB
2360	165AE478-E391-11ED-8E26-6C6A77E3CEAB
2361	8AE59C2A-188C-C1C5-EEE7-4269BD1A6F7F
2362	DDCE8184-D2E1-B488-009E-0FF91C605AB2
2363	-2809.5 200 76
2364	268A1C61-1563-5059-BF2D-23D33D4E1DB9
2365	FB4826C5-907C-11ED-8E13-6C6A77E3CEA8
2366	41EB1533-C8F5-11ED-8E21-6C6A77E3CEAB
2367	vfx/jup/level/mp_jup_greece/vfx_greece_mist_mountain_cloud
2368	5A1905F5-9769-11ED-8E62-68545AAC0192
2369	592358CB-3BA9-11EE-8E2F-6C6A77E3CEAB
2370	0 24.9999 0
2371	0 4.99998 0
2372	vfx_greece_steam_faint
2373	vfx/jup/level/mp_jup_greece/vfx_greece_fire_lrg_02
2374	1888 -368 144
2375	-2901 -656.004 32
2376	94748FC0-F5D5-8F7A-6D68-E6838B5A68F7
2377	A4A7F32F-2351-11ED-B6EB-085BD649B43D
2378	9EC63F88-255C-11ED-B6EB-085BD649B43D
2379	braking
2380	scriptable_electrical_flicker_fast
2381	489F582D-C8F5-11ED-8E21-6C6A77E3CEAB
2382	11E1D214-9FBC-BD02-1602-170A9AF86F34
2383	8DC0A252-27BD-11ED-B6EC-085BD649B43D
2384	vfx_greece_boat_on_fire
2385	1667.95 -94.6398 136
2386	36A4F457-8AC9-08A1-88AC-0043A63B5319
2387	vfx/jup/level/mp_jup_greece/vfx_greece_underwater_fish_1_med
2388	A7E51303-C6C2-FE3F-9F2A-05851F8D8646
2389	AE9A70D0-C8F4-11ED-8E21-6C6A77E3CEAB
2390	35A6A70D-8107-2011-0C92-F6128672207F
2391	B641E74A-EC5E-11EE-9025-68545ACDFBC3
2392	AFDE15BE-EC1F-11EE-9025-68545ACDFBC3
2393	FB4826A9-907C-11ED-8E13-6C6A77E3CEA8
2394	-2664 184 75
2395	ik_out_end_right_hand
2396	833864E8-27B8-11ED-B6EC-085BD649B43D
2397	pfea55f8ccf35b4555_auto2108
2398	17254351-B2B7-EFB9-B665-7FF4A5FB2308
2399	1D2CEBD1-5F4D-3B41-AF98-AB497EA1896F
2400	73D0C99A-9761-11ED-8E62-68545AAC0192
2401	3544EBE9-E391-11ED-8E26-6C6A77E3CEAB
2402	mp_arena_spawn_allies_start
2403	62DE88DD-7135-2ECF-413F-6C221C275830
2404	66EC58EA-78EE-DA27-3D16-318A0971909A
2405	5A1906A4-9769-11ED-8E62-68545AAC0192
2406	1878 -369.532 136
2407	EE4C0836-1478-43A2-DD1B-1E9584EC6E27
2408	783F35CD-EFC2-346E-947C-9389716885EF
2409	default
2410	end
2411	77E1A1CA-79C8-11EE-8E40-6C6A77E3CEAB
2412	1A339737-13CE-53EB-7DBE-DF3FF94E900B
2413	3E92C741-2C56-90F8-E495-BEFDFEE276B3
2414	vfx_greece_blowing_petals_ground_ch
2415	030A3F92-ECBF-2CA9-C137-1F326048D2EA
2416	499CD2B5-CC9E-82FA-0D8A-73805D24E443
2417	5A190618-9769-11ED-8E62-68545AAC0192
2418	C09ACA05-24D0-11ED-B6EB-085BD649B43D
2419	7F6D706A-7273-2F5B-19B4-3CED73C0B62B
2420	BA510004-E726-FF55-9DF8-472FDA086111
2421	11A51799-2443-AED9-4A19-A492CB0AA492
2422	2795.03 368.54 98
2423	78342370-EC65-11EE-9025-68545ACDFBC3
2424	23D676D5-27BC-11ED-B6EC-085BD649B43D
2425	explode_left_90
2426	1330A175-3C2A-EB36-872C-A70287AF5400
2427	-1852 776.998 68
2428	75D996C0-56B0-A37D-2511-ADFCCE0F0492
2429	1848 -376 144
2430	198F0811-EC54-11EE-9025-68545ACDFBC3
2431	C916E07D-F727-1664-67DE-8C41A858AD33
2432	7DC35687-C8F5-11ED-8E21-6C6A77E3CEAB
2433	ws_raise
2434	fingers_in_end_right_hand
2435	df_blima_interior
2436	scriptable_tableware_glass_wine_02
2437	BC6CDA77-4A1F-873B-1C5D-94F3D73AF321
2438	438354B8-B1C5-91D2-38AC-4CACC939798A
2439	65E83474-9AFB-4AC2-663C-A9F93BF00092
2440	929E24B6-EC60-11EE-9025-68545ACDFBC3
2441	pf845f2801eb62c2ca_auto2108
2442	scriptable_flower_vase_porcelain_02_b
2443	pf1b77d2a05d203062_auto2108
2444	361940BE-9EC3-6972-1AC0-AC713A745495
2445	CE04E4C1-78BA-5022-D8BD-4363788B7ACA
2446	42B74850-2AC1-1206-E2FC-54F964071142
2447	vfx/jup/level/mp_jup_greece/vfx_greece_motes
2448	4C6D3D15-9B85-5502-91C6-ED9258AFEB36
2449	no_process
2450	2880 240 96
2451	-8608 7360 0
2452	-2706 0 76
2453	pfc66ff2bb7491859f_auto2108
2454	E5E38616-1CB6-CC96-4100-D598489D5763
2455	456F38A1-EC5D-11EE-9025-68545ACDFBC3
2456	D6019524-B199-2D7B-F30A-25B040B5B93D
2457	FDBF3C4E-11B9-11ED-B6DE-085BD649B43D
2458	8F8C6563-EC62-11EE-9025-68545ACDFBC3
2459	vfx_greece_godrays_02
2460	windshield_back
2461	D0E56448-C8F4-11ED-8E21-6C6A77E3CEAB
2462	-2680 -1224 64
2463	8FD4D631-2F36-A686-5FC1-ED8EB19C3E1B
2464	-8192 7360 0
2465	CC785FF7-1B5C-3910-32C8-DCD84BDF7E4A
2466	514C5C75-8DA5-9449-48B1-6A1AF9473830
2467	2205.04 1230.86 40
2468	B20FC3FE-C8F5-11ED-8E21-6C6A77E3CEAB
2469	df_stop
2470	5F470ED5-3BA9-11EE-8E2F-6C6A77E3CEAB
2471	0 300 0
2472	2800 1688 40
2473	B641E755-EC5E-11EE-9025-68545ACDFBC3
2474	434 408 110
2475	infil_mbravo_swapmeet_intro_4
2476	FDE1FDD1-6537-11ED-B70F-085BD649B43D
2477	71FC9FDF-C8F4-11ED-8E21-6C6A77E3CEAB
2478	-1991.05 -1279.92 40
2479	2728 -1008 40
2480	36D57E26-CB80-30DA-349A-20D578180B08
2481	C6415EAA-EC60-11EE-9025-68545ACDFBC3
2482	3DDEAA82-EC53-11EE-9025-68545ACDFBC3
2483	infil_mbravo_alt_intro_2
2484	communication_radio_system_01
2485	DE0FACB0-EC65-11EE-9025-68545ACDFBC3
2486	249ED402-B080-E75D-BF00-46BDF62919CE
2487	9E24D8E5-EC60-11EE-9025-68545ACDFBC3
2488	C20E0215-0C7D-EE42-1A67-7694D75C6529
2489	4375B56D-685F-2660-327D-6B38651000FD
2490	F7E09535-A83E-AE62-BD1F-8D83876B4860
2491	-2702.5 241 80
2492	F07E79AA-EAF6-3AF4-1976-637E95EE54B7
2493	32444DCB-89B1-1F98-C610-2C37A0CB635E
2494	vfx/jup/level/mp_jup_greece/vfx_greece_jumping_fish
2495	BDD36CF8-4072-8DE6-F5CD-615E556A0E8C
2496	wheel_center_back_right
2497	FFC8D61E-9076-11ED-8E13-6C6A77E3CEA8
2498	4C426B02-5118-64DA-1D0E-DCB2ED002B30
2499	439D8FDC-EC67-11EE-9025-68545ACDFBC3
2500	-1712 -464 96
2501	F0E22582-C8F3-11ED-8E21-6C6A77E3CEAB
2502	2996 -208.998 96
2503	-2303 1127 31
2504	C712A426-EC5E-11EE-9025-68545ACDFBC3
2505	E2C97091-EC60-11EE-9025-68545ACDFBC3
2506	379B21BA-3BA9-11EE-8E2F-6C6A77E3CEAB
2507	0311C428-7660-6EA5-C569-31FFC5D4BE20
2508	0 339.999 0
2509	F3AE4145-DEE8-B5A5-CB6A-FD45715657BF
2510	2816.42 808.01 40
2511	2880 320 96
2512	mp_escort_spawn_attacker
2513	-2760 24 75
2514	22CCE0E4-27B7-11ED-B6EC-085BD649B43D
2515	-2338.5 473 80
2516	1DEA04F7-27BA-11ED-B6EC-085BD649B43D
2517	3F6AFC67-888E-8712-B2B1-B1B7E7D77F15
2518	vfx/jup/level/mp_jup_greece/vfx_greece_chimney_smoke
2519	27A874D1-11BA-11ED-B6DE-085BD649B43D
2520	-2348.55 571.94 80
2521	7A7898EC-EC62-11EE-9025-68545ACDFBC3
2522	23E7CB8D-37DC-617A-7CFB-D51877D04FCC
2523	scriptable_cp_rave_magazine_single_03b
2524	pf8475dbec8acc3ba8_auto2108
2525	vfx/jup/level/mp_jup_greece/vfx_greece_floating_trash_01
2526	B69881F7-4544-4DB3-3458-F294ADAD29D9
2527	AA51207E-F015-FE4E-ED19-A65AF871E5C7
2528	A7D1E557-C8F4-11ED-8E21-6C6A77E3CEAB
2529	B8D05C6E-CF45-A12A-7B6C-1B75640D0D16
2530	FBF60C40-907D-11ED-8E13-6C6A77E3CEA8
2531	jup_infil_shared_movement_pre
2532	69FFE5EF-BAB5-93EC-ABE3-9FF6669E71BB
2533	1063362A-EC63-0A68-BCCB-C68DABFE7729
2534	E40456FA-1B73-424A-9ACB-FF6C8F608304
2535	5E16BFB6-EC49-11EE-9025-68545ACDFBC3
2536	FDF7FD33-C77F-FFED-5A29-9B3FED433692
2537	A39D9C03-6539-11ED-B70F-085BD649B43D
2538	0 235 0
2539	jump_down_40
2540	jump_down_80
2541	5BD5C7D0-AE62-6C41-FFF4-8C3827F589F3
2542	pf419313f8b6a01315_auto19688534350047678
2543	AADC9FA1-6539-11ED-B70F-085BD649B43D
2544	CA0C1D4D-E338-C406-8798-9D0CA569FEAC
2545	D30C6173-DA2B-47AC-19BC-DC6B18CBE334
2546	01990C12-CDEA-D415-A81F-048A9D8A08EF
2547	D7919D3F-C8F4-11ED-8E21-6C6A77E3CEAB
2548	A5A4FD45-E390-11ED-8E26-6C6A77E3CEAB
2549	infil_mbravo_alt_intro_6
2550	6BCD72CA-2687-4CE4-126A-882B194D8B7D
2551	pf1792b7062a59f6f8_auto2108
2552	D0A1707A-FADB-AE10-46F3-03045CC1763C
2553	2410C32C-27BA-11ED-B6EC-085BD649B43D
2554	-1184.62 872.406 136
2555	1200.39 -1129.43 40
2556	vfx/jup/level/mp_jup_greece/vfx_greece_yacht_smoke
2557	-2810.5 65 80
2558	002D1E7E-ABF7-72FA-F0B8-7706B49318CB
2559	238053A3-B892-B978-4A3D-FF7A39630B2E
2560	144BDE92-58F8-2AAA-F00D-85D0ECAA5047
2561	electrical_flicker_fast_mp_greece
2562	E1EA5FB2-1260-72F1-EDD5-9DCF8C7F5410
2563	1834 -1238.5 40
2564	headlights_dead
2565	2656.54 -531 40
2566	vfx_greece_blowing_trash_ground_01
2567	5A8C9D8E-1F5D-5CAF-1374-CCD03E76F1EB
2568	-2809.5 0 76
2569	F1E4105D-EF4E-67B3-6F61-B3DFF498B276
2570	7857FE8F-E390-11ED-8E26-6C6A77E3CEAB
2571	3FC01BC9-6090-A271-5C2D-8384566A9104
2572	-1424 1544 64
2573	1900.11 162.415 136.05
2574	D03E121D-72CF-50F7-D117-32A1EDFC5708
2575	-2751 15 75
2576	05A351EF-0FCE-FF34-7799-F0BE5F5987CE
2577	pfaf4634c22d5fbaf2_auto2108
2578	144F8E85-874A-D6B4-28F1-51A6E3BFBF03
2579	E7E76002-EC20-11EE-9025-68545ACDFBC3
2580	2960 312 104
2581	36AB18BA-11BA-11ED-B6DE-085BD649B43D
2582	CA9976EF-ACE4-EE94-CE7D-80B3C6E16FE2
2583	316978FE-3BA9-11EE-8E2F-6C6A77E3CEAB
2584	309D02F2-15E5-5842-2E4A-454AF7355973
2585	9D9AE412-291D-B48C-4D02-D76CCD71E9C2
2586	D07EFDE3-11BA-11ED-B6DE-085BD649B43D
2587	explode_right_90
2588	2544 -1048 32
2589	1568 -416 138
2590	23D676E7-27BC-11ED-B6EC-085BD649B43D
2591	pff838a6860cd2726a_auto2108
2592	E501389E-EC5A-11EE-9025-68545ACDFBC3
2593	light_smoke
2594	2784 240 104
2595	71FC9FD7-C8F4-11ED-8E21-6C6A77E3CEAB
2596	299543DB-C8F5-11ED-8E21-6C6A77E3CEAB
2597	220851B0-B990-B24D-B05A-D31074232AF9
2598	6A75B3F8-27B3-11ED-B6EC-085BD649B43D
2599	C39757E6-A1D8-DF56-BF45-FC097E970EA3
2600	-1851 775 67
2601	-712 -296 104
2602	99484F4B-8F91-49D6-AD74-1911514C1355
2603	8A65E55D-EC65-11EE-9025-68545ACDFBC3
2604	5DE40F6F-C5D8-9281-3E9A-C91817455AF0
2605	0 60 0
2606	pf396fb48d73fef03e_auto2108
2607	2280 -208 104
2608	23D676D2-27BC-11ED-B6EC-085BD649B43D
2609	1CA6FA19-27B7-11ED-B6EC-085BD649B43D
2610	infil_mbravo_swapmeet_intro_5
2611	F819207C-9CCB-BE94-9FD4-7F7756369F37
2612	0AC6F34D-AE8F-56C8-8104-EAECE397DBDF
2613	3047 15 107
2614	D7B8D143-9760-11ED-8E62-68545AAC0192
2615	9F58800C-3D77-11EF-95D1-68545A904D17
2616	E2AFE84B-EC5B-A41D-B0CE-07E06D812EBB
2617	C1C59012-59BD-EA74-931A-701D7F28928A
2618	0 29.9994 0
2619	F805D736-9076-11ED-8E13-6C6A77E3CEA8
2620	D790F8F3-C444-11ED-8E1F-6C6A77E3CEAB
2621	2184 1576 40
2622	2896 240 96
2623	BCB7EDCB-63F5-46C6-023D-4B62B9F1A4E4
2624	5A190631-9769-11ED-8E62-68545AAC0192
2625	D93F3A01-638B-BBB5-81BB-996912C61C58
2626	-862.69 -335.702 104
2627	F346219A-B701-11ED-8E1D-6C6A77E3CEAB
2628	1834 257.5 128
2629	-2960 24 80
2630	2335.57 -765.421 40.1927
2631	2079 1069.5 32
2632	BEB4D7E9-9CCE-A81C-AED1-48749E6CFB6D
2633	vfx_greece_floating_petals_02
2634	B88A6275-0AE0-5882-A2C6-7CD65BC7CAF3
2635	0 209.999 0
2636	tool_broom_wood_01
2637	mp_control_spawn_defender_start
2638	-1788.76 -390.526 87.9819
2639	0C485C72-EC57-11EE-9025-68545ACDFBC3
2640	7E6D9D1F-2351-11ED-B6EB-085BD649B43D
2641	pf67b003245d3240d3_auto2108
2642	F2009ACE-EC48-11EE-9025-68545ACDFBC3
2643	2799 1471 40
2644	0 35.0002 0
2645	2331.38 -635.689 62.3555
2646	CE082226-EC66-11EE-9025-68545ACDFBC3
2647	vfx_greece_haze_static
2648	5A1905FA-9769-11ED-8E62-68545AAC0192
2649	1632.85 -923.659 40
2650	mp_rugby_spawn_axis_start
2651	28941149-F229-9405-CA5A-5F35773BB24E
2652	mp_koth_spawn_allies_start
2653	71C63861-EC65-11EE-9025-68545ACDFBC3
2654	951BE522-27BD-11ED-B6EC-085BD649B43D
2655	2FC470D1-9C1E-FA15-2790-BF6084D65F89
2656	vfx/jup/level/mp_jup_greece/vfx_greece_floating_trash_03
2657	A5CFE088-B3B7-F827-82CA-5BFBCDC4991C
2658	90E95074-C8D4-6E23-CF96-193D9AEA7675
2659	vfx_greece_godrays_01
2660	316978E8-3BA9-11EE-8E2F-6C6A77E3CEAB
2661	scriptable_sign_commercial_mexico_restaurant_menu_01
2662	2364 303.002 96
2663	-2714 64 76
2664	frozen
2665	-2364 845 32
2666	E87C5B3D-9760-11ED-8E62-68545AAC0192
2667	05DE84F9-B978-21FF-6019-76E08C6CB9A0
2668	2768 424 96.125
2669	infil_mbravo_swapmeet_exit_5
2670	28DCBAE9-C4FA-3A3E-B46C-8D6473D82BE6
2671	480020F5-3A44-C7C6-BDB9-FB356F81F7D1
2672	0 220 0
2673	8B71C1E2-6645-D97B-1489-656AFF0F8D40
2674	5A1906BD-9769-11ED-8E62-68545AAC0192
2675	04459697-2351-11ED-B6EB-085BD649B43D
2676	79EE7315-D048-BEDA-B9C9-03F68C2EEA0F
