   1	5C6E31E9-E9F5-11ED-8E26-6C6A77E3CEAB
   2	7DDD2300-EEBD-11ED-8E26-6C6A77E3CEAB
   3	B23162AA-451A-1DBA-7AC7-1B6D32C64E66
   4	1CC65C6F-E9F5-11ED-8E26-6C6A77E3CEAB
   5	BA734067-B217-4559-007A-412FE74FAEF9
   6	79632F30-F431-11ED-8E26-6C6A77E3CEAB
   7	137BD7CA-AE55-168F-67D1-3BE231FA5DFB
   8	1184 400 16
   9	tag_window_back_left
  10	635A12A0-8F81-139A-FAE1-6353458E6258
  11	scriptable_electrical_conduit_set_electrical_box_01
  12	-1115.79 -948.432 16
  13	72CB8FE4-BD12-11ED-8E1E-6C6A77E3CEAB
  14	C4FBDA84-773F-11EE-8E40-6C6A77E3CEAB
  15	-276 -806 -12
  16	full
  17	0 120 0
  18	pf6028f43a60918f1e_auto2108
  19	8F436B21-D159-5EC1-A57A-936E1D1DB249
  20	-848 -304 8
  21	-1646 -408 20
  22	ik_out_start_right_hand
  23	36F5D823-E9FC-11ED-8E26-6C6A77E3CEAB
  24	-774 600 62
  25	06C23F5E-38E8-02AA-E045-6E3E460F8741
  26	0 285 0
  27	tag_wheel_center_back_right_flat
  28	E96E7059-107F-11EE-8E29-6C6A77E3CEA8
  29	-1160 234 72
  30	0F799665-58A7-11EE-8E3A-6C6A77E3CEAB
  31	9FC6E6A4-58A7-11EE-8E3A-6C6A77E3CEAB
  32	tag_origin
  33	infil_mbravo_alt_exit_3
  34	1192 644 20
  35	435E5615-1917-DA23-BC7D-4BFE81FAE438
  36	64828EC7-B252-07A3-85BF-64BEEC611F13
  37	invisible
  38	-1572 -248 20
  39	pf14c118ad6387b307_auto4
  40	vfx/jup/level/mp_jup_slaughterhouse_oct/vfx_slaughter_oct_bloody_drops02
  41	2FDEB1F5-BD12-11ED-8E1E-6C6A77E3CEAB
  42	927D9D72-445D-D661-12AE-AEDC159B11D0
  43	E44D6370-FE03-FD78-100A-40BA61C75E25
  44	360 680 64
  45	3A2D695B-D1CE-B926-4001-1996DDCEC70E
  46	-1088 496 64
  47	1192 284 20
  48	0 310.9 0
  49	-776 -828 -4
  50	1A3E3C83-E9FC-11ED-8E26-6C6A77E3CEAB
  51	scriptable_wires_hanging_ceiling_extension_cord_02
  52	3B7B5B96-BD13-11ED-8E1E-6C6A77E3CEAB
  53	pf91b34cdbca7f5846_auto2108
  54	0 89.9997 0
  55	1198 634 18
  56	decor_plastic_buckets_01_big_white
  57	-1498 -152 16
  58	339BA6D0-E9F6-11ED-8E26-6C6A77E3CEAB
  59	mp_dd_spawn_attacker_start
  60	1FE338EB-0A2C-5DDB-2218-5BD4663C6872
  61	E8DFCA58-773F-11EE-8E40-6C6A77E3CEAB
  62	infil_mbravo_luxury_intro_5
  63	uk_fire_extinguisher_small_01
  64	mp_dd_spawn_defender_b
  65	1035 -761 -6
  66	-270 -791 -8
  67	6D12FE67-D77F-CEE7-F94A-4B11FA67B446
  68	759486DE-EEBD-11ED-8E26-6C6A77E3CEAB
  69	infil_mbravo_exit_1
  70	-592 -660 -11
  71	2125EC4F-97CD-BF13-1654-4B6A515DB84D
  72	mp_control_spawn_attacker
  73	trash_bin_metal_02
  74	0 278.299 0
  75	-1570 -246 26
  76	anim_explosion
  77	275886D8-107D-11EE-8E29-6C6A77E3CEA8
  78	2C9FC38C-EEBE-11ED-8E26-6C6A77E3CEAB
  79	60421E4D-2885-7378-D452-F7B5BB5BD63D
  80	1056 80 16
  81	7DDD22FA-EEBD-11ED-8E26-6C6A77E3CEAB
  82	374DE1B0-F431-11ED-8E26-6C6A77E3CEAB
  83	96729F8A-773F-11EE-8E40-6C6A77E3CEAB
  84	pf8986f58ca971ad70_auto4
  85	0 90 0
  86	1224 -840 -8
  87	13DDB40C-773E-11EE-8E40-6C6A77E3CEAB
  88	mp_dd_spawn_attacker_b
  89	pfe2a2791d5951bda1_auto17803336756192767869
  90	-1514 -254 10
  91	CC876F65-6C58-1A5E-313C-AA03E13EE7C3
  92	0 45 0
  93	jup_infil_blima_rope_kick_right
  94	-1328.01 112.006 16
  95	tag_windshield_front_web
  96	scn_infil_mbravo_heli_npc3
  97	infil_blima_4
  98	4FABB445-9908-35EA-4B8A-979C7DD0335F
  99	1187 192 19
 100	tag_light_back_left
 101	1171 120 19
 102	-1308 -608 20
 103	scriptable_electrical_conduit_set_electrical_meter_big_03
 104	080A84FE-DDCB-AEEB-91DF-26F5B7B316A1
 105	uk_bottle_oil_med_03_blue
 106	841F6C9C-BD12-11ED-8E1E-6C6A77E3CEAB
 107	0 182.092 0
 108	1217 -836 -4
 109	tag_off
 110	1160 184 16
 111	39247116-D7E7-AF41-58A5-03F216E71312
 112	BBA70A4D-DAB8-8ADD-A7E8-5D885FF2A37A
 113	1199 746 14
 114	closed
 115	scriptable_container_barrel_plastic_01_closed_white
 116	light_front_right_2
 117	168 748 68
 118	0 97.9995 0
 119	1088 208 16
 120	8E3C4643-EA53-5DE0-334D-E7F0F4416500
 121	B506851D-B35A-D255-CC05-306457493DDF
 122	160FC45E-E9F5-11ED-8E26-6C6A77E3CEAB
 123	playerasm_patch_mp_infil_mbravo
 124	FB088AFB-BAA6-4EE8-5083-102B1598E972
 125	pf66e8924925dfd380_auto2108
 126	scriptable_cinderblock_wall_endcap_01_24
 127	mp_dm_spawn_start
 128	A51239CA-F431-11ED-8E26-6C6A77E3CEAB
 129	A41E2172-86A7-3152-0A64-05D6964CDD51
 130	49FF0E88-E9F9-11ED-8E26-6C6A77E3CEAB
 131	6156D495-E9F9-11ED-8E26-6C6A77E3CEAB
 132	B2E24E1D-0ECF-F8D7-2C62-BAB72705D33C
 133	2B34CBE1-7A60-0F6F-5B54-D1E8150E4302
 134	-292 -494 42
 135	BE8B97B6-BE32-D11F-A924-75E88930B376
 136	infil_mbravo_alt_exit_4
 137	mp_dom_spawn_allies_start
 138	pfe2a2791d5951bda1_auto4555398135021490078
 139	E827D9D6-F06A-0FCC-06A6-9AE0BE7814CD
 140	mp_arena_spawn_axis_start
 141	pf402684d792446e95_auto2108
 142	DDFD044E-0066-C6C3-3366-B527BF42E658
 143	-1328 -646 20
 144	8DCCF77B-5E2C-FB40-6DB8-1713BDD1117A
 145	-1586 -182 10
 146	bink4
 147	AD6D81EE-BD12-11ED-8E1E-6C6A77E3CEAB
 148	-1592 -286 16
 149	splash_listener
 150	BCB5C6A4-C82A-1449-14BF-0022450BDD6B
 151	EC66E844-E9FB-11ED-8E26-6C6A77E3CEAB
 152	infil_blima_3
 153	534 774 20
 154	scriptable_scriptable_door_freezer_industrial_01
 155	071463E0-A504-869A-DBFD-E3A71202D88C
 156	FD6A8097-BA64-E772-C0CB-CC25E42C7FED
 157	7861585A-91CE-11ED-9936-6C6A77E3CEA8
 158	2C9D68FC-A31A-C792-11CE-41BC6646E379
 159	pffe0215fa67f5bed1_auto2108
 160	front_left
 161	F1607C5F-E8D4-12BC-79E6-B7860055F3C8
 162	-1649.99 -640.006 16
 163	064BBEF6-BE4F-2CE8-B9DD-BD9101FB0438
 164	sign_emergency_exit_light_01
 165	infil_mbravo_intro_5
 166	B570CE46-EC16-6764-7DF2-F63CB4897FB4
 167	266236A5-7818-11EE-8E40-6C6A77E3CEAB
 168	tag_wheel_center_front_right_flat
 169	-1112 -930 24
 170	3DC2E97A-CCDB-11ED-8E22-6C6A77E3CEAB
 171	-275.164 -793.172 -8
 172	0C8CE8D4-E9FC-11ED-8E26-6C6A77E3CEAB
 173	5
 174	scriptable_construction_hardhat_lowres_01
 175	41D3708B-BC20-B365-5ACB-6CB0711A22A4
 176	E2CAB7B9-773E-11EE-8E40-6C6A77E3CEAB
 177	A60819BD-BD12-11ED-8E1E-6C6A77E3CEAB
 178	1222 -430 -7
 179	pf8d26baf7e9974ca4_auto2108
 180	0 33.1998 0
 181	pff2187314a259fa91_auto2108
 182	-584 478 64
 183	scriptable_p7_box_cardboard_c_closed
 184	door_back_right
 185	1C1DDC56-1430-AEC8-22C6-095FE35A7496
 186	51DF4DF9-FFA3-A42D-B0DA-494FB838C25B
 187	329597E6-8627-80DA-9546-4357E7F94050
 188	1E4D41B0-EEBE-11ED-8E26-6C6A77E3CEAB
 189	349 -24 62
 190	801 -763 -6
 191	3B6696FC-D29D-CA21-EE4A-CDED4AFBE4F1
 192	0 4.99928 0
 193	light_front_left
 194	E3E13267-F409-8BD6-6AC1-06AE2C04357F
 195	C793D4DA-A54D-9BDF-F7FF-BF3984F6D1A7
 196	A8880AD0-3A19-67D5-2B44-D27ED21AA94F
 197	81715760-E9F6-11ED-8E26-6C6A77E3CEAB
 198	756 942 16
 199	back_right
 200	1187 256 19
 201	5DDD8866-F431-11ED-8E26-6C6A77E3CEAB
 202	85F0DA8E-BD48-11ED-8E1E-6C6A77E3CEAB
 203	692 948 20
 204	FFA4DCCE-BFFD-C50F-03C8-8DC080967889
 205	pf4278b44ccb6f1da2_auto2108
 206	tag_bink1
 207	BBD875E9-BD12-11ED-8E1E-6C6A77E3CEAB
 208	vfx/jup/level/mp_jup_slaughterhouse_oct/vfx_slaughter_oct_flies
 209	1171 248 20
 210	63358224-71EF-11EE-8E40-6C6A77E3CEAB
 211	C17A281B-2363-9CDB-2890-BBD094C25F8A
 212	pfbf46009f5a5cc977_auto2108
 213	9EC06D16-E6CD-E9BE-B55B-8A400A7C7FC7
 214	0BBBAED8-4117-B734-0001-0F014DE24509
 215	infil_mbravo_luxury_exit_4
 216	1060 -768 -6
 217	561 337 58
 218	A29C1861-BD48-11ED-8E1E-6C6A77E3CEAB
 219	onoff
 220	E0573AA0-6463-FDC3-FA8A-B43FB1F6A6D0
 221	E2B513FE-B2DE-2466-45A3-ED4AF5ED8AC7
 222	B407DBE1-F431-11ED-8E26-6C6A77E3CEAB
 223	F8C16DE0-39FB-8D42-4609-2343146A6DF4
 224	pfd1954c668c20ab9b_auto2108
 225	9738F2F5-77DF-F591-665F-78C5E6451671
 226	F97246F7-2D9C-F224-9393-133B8389FEBC
 227	F5704745-BD12-11ED-8E1E-6C6A77E3CEAB
 228	2755676D-7188-6FFB-F04D-3897F70677DF
 229	98F6B989-6759-4A21-1C70-13EE19D68A20
 230	hood
 231	42CB719F-095F-9E1F-E9B6-E8743A032FD4
 232	5F72F6F2-79C9-11EE-8E40-6C6A77E3CEAB
 233	683A063F-C828-11ED-8E21-6C6A77E3CEAB
 234	944.536 518 16
 235	95CE410F-EF08-5C06-A9A3-609D44724FC1
 236	0 15 0
 237	1168 128 16
 238	7861A668-91CE-11ED-BF5D-6C6A77E3CEA8
 239	fingers_out_start_left_hand
 240	4D62C2C8-4A7F-60DD-3F7A-23A3AC1EE533
 241	infil_mbravo_swapmeet_intro_1
 242	2BB67CB7-0A81-F535-578B-CF7B8218AF2B
 243	0 345 0
 244	1136 24 16
 245	3D1933AF-BD12-11ED-8E1E-6C6A77E3CEAB
 246	A4842EFC-600F-FBF0-29EF-EEEDD4772C2A
 247	CC553204-773F-11EE-8E40-6C6A77E3CEAB
 248	-1564.01 -497.994 16
 249	3745848B-E9FB-11ED-8E26-6C6A77E3CEAB
 250	-1187.5 441.087 65
 251	container_electrical_box_01_small
 252	1083 248 20
 253	-776 -816 -8
 254	1194 752.536 16
 255	0 336.6 0
 256	scripted_anim
 257	0D052E61-C34F-5207-5D7E-BA682B665752
 258	axis_endzone_vis
 259	light_flicker_fast_no_model
 260	78613140-91CE-11ED-9744-6C6A77E3CEA8
 261	9FC6E699-58A7-11EE-8E3A-6C6A77E3CEAB
 262	756 946 18
 263	213716D9-54E4-ADBE-71FA-BA75DF9FA2AF
 264	EBDF4DF8-731A-07DC-D4AA-D348D0F00727
 265	804.172 -769.172 -8
 266	639BB0A3-E9F5-11ED-8E26-6C6A77E3CEAB
 267	7369DFB7-CA9D-DB40-E980-B898C7CD0F90
 268	F69813F6-E41D-18E9-1177-3B4A0E76F74C
 269	9ED43096-BA5A-E488-6BA3-4F8BBBC8CDFD
 270	-1576 -358 16
 271	AudioOneShot
 272	13D3238A-BD13-11ED-8E1E-6C6A77E3CEAB
 273	B229BAA9-AC79-347C-4B25-2DC5568B8AD6
 274	0078D286-4D05-558C-727F-CF0442B936AE
 275	57068023-F431-11ED-8E26-6C6A77E3CEAB
 276	ABBAD1B9-E807-AB2A-ABC7-000C12DA368A
 277	infil_mbravo_alt_exit_2
 278	1062 310 18
 279	F8CB8A71-58A6-11EE-8E3A-6C6A77E3CEAB
 280	0 289.999 0
 281	1056 256 16
 282	scriptable_door_freezer_industrial_01
 283	1160 256 16
 284	7321776F-773F-11EE-8E40-6C6A77E3CEAB
 285	5E515426-25F3-6E09-DF62-3DE67927A5E5
 286	pf6170420e8f20f461_auto4
 287	65F44D78-428E-B0B3-0503-65C138F2D215
 288	168 812 68
 289	1144 256 16
 290	5F72F707-79C9-11EE-8E40-6C6A77E3CEAB
 291	8B8DBD59-E9F9-11ED-8E26-6C6A77E3CEAB
 292	F64C9A84-E853-56C4-A5A8-EDF3C681A5EF
 293	headlight_right_dead
 294	mp_dd_spawn_defender
 295	6BC4C8CB-773F-11EE-8E40-6C6A77E3CEAB
 296	1E6B2EB0-DD0E-D35F-265C-B565CCB72274
 297	tag_window_back_right_corner
 298	22F24B65-BF69-D26F-3A35-0B33EDF8C7D1
 299	
 300	719A9ABF-17A8-AE23-69CC-788E38833F87
 301	1152 -848 -8
 302	-952 -946 24
 303	351.464 802 64
 304	pf9bc9429bd79aa279_auto715
 305	557CC939-F7C4-76CE-F638-3FAA4FF0584C
 306	-1055.99 -96.0058 24
 307	1083 184 19
 308	-944 -744 16
 309	pf927172ba1e331793_auto4
 310	blue::construction_hardhat_lowres_01
 311	758 948 20
 312	3481CD2E-BD13-11ED-8E1E-6C6A77E3CEAB
 313	tag_bink4
 314	23EB3694-E9F8-11ED-8E26-6C6A77E3CEAB
 315	mp_dm_spawn
 316	windshield_front
 317	DDD94D35-5BB4-6550-72FC-BFE38BADD901
 318	-1584 -286 16
 319	-1184 -288 16
 320	infil_mbravo_luxury_exit_1
 321	760 952 20
 322	DE19085E-E9FA-11ED-8E26-6C6A77E3CEAB
 323	0DD8B58D-75E6-27F4-D9AB-37E81964A53F
 324	683A0651-C828-11ED-8E21-6C6A77E3CEAB
 325	801F5559-6945-EE7A-CA65-8F67F624A1E1
 326	951.464 522 16
 327	scriptable_uk_battery_charger_01
 328	CD66660B-4D0F-22B6-2180-0BE0294FC9C4
 329	pfba14dcd8f2c12504_auto2108
 330	1136 16 16
 331	5C6E31EC-E9F5-11ED-8E26-6C6A77E3CEAB
 332	7DDD2328-EEBD-11ED-8E26-6C6A77E3CEAB
 333	1622AFA5-BCAD-6EDA-CED8-A4C01F4F755C
 334	-1666 -176 24
 335	pf1cbfebdc785db3ff_auto4
 336	pf22b44262ecc05004_auto2108
 337	CBD34E8A-B3CC-6E96-00D0-0EF5BF50592C
 338	F308C08F-EFAE-AFC6-C319-707359D7751E
 339	7861A675-91CE-11ED-A21F-6C6A77E3CEA8
 340	uk_electrical_box_medium_01
 341	0 204.999 0
 342	-960 416 64
 343	2D5ACD3D-B8FB-444A-A809-DC8D306FBF2F
 344	pfdf8a3ba0f109b51e_auto2108
 345	1064.01 -767.784 -2
 346	pfd0f8b317fc114435_auto2108
 347	-1173 436 62
 348	auto_mp_jup_slaughterhouse_oct_cfx.map
 349	0 65.9998 0
 350	-1586 -326 10
 351	D6EA24BE-F675-9642-B536-9BE050D26E79
 352	C543C504-E9C5-5980-B5AF-CC2E6652290D
 353	1152 -848 -10
 354	9D63C728-773E-11EE-8E40-6C6A77E3CEAB
 355	7DDD231F-EEBD-11ED-8E26-6C6A77E3CEAB
 356	-8192 8128 0
 357	3FB1E94F-A311-6A04-A67D-307DF320BA12
 358	right_50
 359	right_90
 360	2
 361	scriptable_scriptable_construction_doors_metal_b_02_mp_blue
 362	1176 336 16
 363	0 82.1999 0
 364	1192 516 14
 365	-782 -832 -7
 366	-1650 -174 26
 367	ED3A3804-D8D1-EEC0-6767-85E1B2267F44
 368	3CB7BF30-E9F9-11ED-8E26-6C6A77E3CEAB
 369	0 209.3 0
 370	1176 112 16
 371	2FDEB1F2-BD12-11ED-8E1E-6C6A77E3CEAB
 372	-752 344 64
 373	8C5E6B72-B8D0-0D03-F3C5-26A11BB00414
 374	1192 64 16
 375	9F08D3F2-1363-4561-6BF3-A0775598A250
 376	759486DB-EEBD-11ED-8E26-6C6A77E3CEAB
 377	1006.01 -738.784 -5
 378	-1200.13 -402.969 16
 379	DA5CA2B3-6BF5-5B69-6086-B15DC60012A5
 380	9F3200D5-F42F-11ED-8E26-6C6A77E3CEAB
 381	mp_dom_spawn
 382	-1576 -286 16
 383	2FDEB1E5-BD12-11ED-8E1E-6C6A77E3CEAB
 384	E96E704A-107F-11EE-8E29-6C6A77E3CEA8
 385	1136 136 16
 386	ee_book_office_folder_pile_02
 387	-1304 -644 28
 388	hardpoint_vis_05
 389	-334 -129 60
 390	E28369C6-DFEC-BFE1-16EA-61B9E8C0C0EC
 391	A49B6EAC-A6D0-003A-CC00-2D02ADE59CB5
 392	EE0B9DB7-D241-8FCF-1A46-A87367491969
 393	pfc2d8d7c671b53c8e_auto2108
 394	CE991F4B-F42F-11ED-8E26-6C6A77E3CEAB
 395	-598 304 68
 396	-772 -828 -7
 397	2851A893-F431-11ED-8E26-6C6A77E3CEAB
 398	1176 192 16
 399	89403162-9A1F-D2D0-CDF7-E0F451B66E62
 400	0 200 0
 401	E3346903-A02A-07F1-6A6A-F47031828A65
 402	7861A677-91CE-11ED-9F80-6C6A77E3CEA8
 403	car_alarm
 404	88D85783-EBFF-4209-E965-803A0EC16081
 405	1198 520 20
 406	BA350229-877C-6368-4FAD-0899A045B9D4
 407	97F6CFEF-A670-C826-1BFE-022A09E72BCB
 408	toy_plastic_hawaiian_doll_red
 409	pfe2a2791d5951bda1_auto15588376245687563312
 410	F1DE79B4-EEBC-11ED-8E26-6C6A77E3CEAB
 411	pff78e2d640a13d536_auto2108
 412	tag_wheel_center_front_left_flat
 413	-487 -574 -4
 414	7DDD22FD-EEBD-11ED-8E26-6C6A77E3CEAB
 415	801 -768 -8
 416	E918C238-673C-C098-21DE-DEEBB55F222F
 417	B5256FF5-773F-11EE-8E40-6C6A77E3CEAB
 418	49F84430-9976-A1F3-8F80-5D06794AE3B6
 419	00A745F8-14B9-5D07-E81B-22A569AC6116
 420	pf59b6ed4270b4e1e4_auto2108
 421	5F72F6EC-79C9-11EE-8E40-6C6A77E3CEAB
 422	672 952 16
 423	visibility
 424	E752CD05-6C2D-7B8B-0FB6-A23327C0BA16
 425	38DE433D-4642-318E-58C8-0564EF33417E
 426	39886A98-43D2-8905-8346-E01F0257F66D
 427	-1514 -398 10
 428	7FF4A5F3-E74C-09BC-E9DF-1730D481D977
 429	6E38401F-C828-11ED-8E21-6C6A77E3CEAB
 430	0 269.999 0
 431	door
 432	static
 433	50AB1D2C-5BA7-6CAD-8E56-B38678507346
 434	vfx_slaughter_oct_bloody_drips_land_01
 435	C49137DA-E9F7-11ED-8E26-6C6A77E3CEAB
 436	fx_stop_exploder( infil_heli_trash )
 437	57994310-E9F9-11ED-8E26-6C6A77E3CEAB
 438	502C7B88-F431-11ED-8E26-6C6A77E3CEAB
 439	tag_mirror_left
 440	-778 -826 -10
 441	AF4DC290-E9F6-11ED-8E26-6C6A77E3CEAB
 442	-681.006 -919.005 -8
 443	jup_infil_blima_player_slide
 444	tag_wheel_center_back_left_flat
 445	-1645.87 -641.031 24
 446	0F799671-58A7-11EE-8E3A-6C6A77E3CEAB
 447	electrical_box_open_wall_01
 448	4DE2C90D-BD13-11ED-8E1E-6C6A77E3CEAB
 449	0 67.6999 0
 450	B8F70FF8-5588-CDF3-EC6C-0E9B50275B76
 451	un_office_computer_monitor_01_169
 452	scriptable_decor_bicycles_01_white
 453	-774 610 66
 454	B525700B-773F-11EE-8E40-6C6A77E3CEAB
 455	pfbca63495d35aa85c_auto2108
 456	759D944A-BD13-11ED-8E1E-6C6A77E3CEAB
 457	2C79868D-E9F6-11ED-8E26-6C6A77E3CEAB
 458	71D8B838-E9F6-11ED-8E26-6C6A77E3CEAB
 459	playerasm_patch_mp_infil_blima
 460	847CB314-E9F9-11ED-8E26-6C6A77E3CEAB
 461	1056 104 16
 462	41861CF0-F259-EBE3-FD64-9346B2AE5326
 463	13DDB431-773E-11EE-8E40-6C6A77E3CEAB
 464	BCB7B361-E9F7-11ED-8E26-6C6A77E3CEAB
 465	4C47851E-58A7-11EE-8E3A-6C6A77E3CEAB
 466	E8BAEB2C-7AB4-6E0A-36FA-B618C361A3A1
 467	playerasm
 468	1F352AD2-58A8-11EE-8E3A-6C6A77E3CEAB
 469	1112 -384 -8
 470	680 944 16
 471	044B8798-7DD8-5120-441C-B217B0A7E598
 472	536 766 16
 473	B6FB7050-F778-13A6-4EF3-E19152790961
 474	infil_mbravo_intro_2
 475	F2EB4AA7-002A-9A45-FBF3-A8EE19697CDA
 476	40816318-7464-6584-2C79-01361B4EDB6D
 477	1223 -429 -7
 478	scriptable_bin_plastic_01_green
 479	-955.141 -951.005 16
 480	right_30
 481	8BFA2DDB-58A7-11EE-8E3A-6C6A77E3CEAB
 482	DE121206-E9FB-11ED-8E26-6C6A77E3CEAB
 483	5A2A7504-87BB-7228-DCEA-5CA44596EDE7
 484	pfafd111754fd101f9_auto2108
 485	1088 24 16
 486	13D32387-BD13-11ED-8E1E-6C6A77E3CEAB
 487	43E6E72F-E9F9-11ED-8E26-6C6A77E3CEAB
 488	dead
 489	85E7D67A-773F-11EE-8E40-6C6A77E3CEAB
 490	18A43546-58A8-11EE-8E3A-6C6A77E3CEAB
 491	503EDC41-7A26-8719-9182-561B3461F76A
 492	5C6E31EF-E9F5-11ED-8E26-6C6A77E3CEAB
 493	25F97C1B-BD13-11ED-8E1E-6C6A77E3CEAB
 494	-1645.87 -407.031 24
 495	1072 -776 -8
 496	D6990D8B-C490-3B19-CFC8-8517E5258632
 497	CCB891BE-CBC5-6854-9734-3E6009C92D27
 498	FD26F054-E9FB-11ED-8E26-6C6A77E3CEAB
 499	84FE493A-9A1E-78C2-D41F-A6B115C2F76C
 500	BBD875D6-BD12-11ED-8E1E-6C6A77E3CEAB
 501	1BC63679-E9F8-11ED-8E26-6C6A77E3CEAB
 502	4584A0C5-E9FC-11ED-8E26-6C6A77E3CEAB
 503	9434E223-310C-D711-D7C9-1C48F2C03294
 504	49951634-E9F8-11ED-8E26-6C6A77E3CEAB
 505	70794B54-CB1C-947E-6D9A-53579DFD3B9C
 506	160FC44F-E9F5-11ED-8E26-6C6A77E3CEAB
 507	-1579 -277 20
 508	fingers_in_start_right_hand
 509	hardpoint_vis_01
 510	ED621FC3-3A35-847C-206A-95B465B4841C
 511	8C1BF2A2-BD48-11ED-8E1E-6C6A77E3CEAB
 512	2E05129D-940C-168B-74AF-EB93D07B7E09
 513	closed_owned
 514	E09A8E12-D6BB-F922-6C8B-A5377F8B125D
 515	tag_light_front_right
 516	A85D3688-E9F6-11ED-8E26-6C6A77E3CEAB
 517	32EA158F-329E-56AC-F873-0B2D416527AA
 518	A77A8728-58A7-11EE-8E3A-6C6A77E3CEAB
 519	2608D3F9-B999-67F7-F3E5-C6020E859347
 520	E694DDE2-58A7-11EE-8E3A-6C6A77E3CEAB
 521	0 311.9 0
 522	152BD31D-A1AD-33F5-2707-ED7CFEF7A2AE
 523	scriptable_dyn_door_metal_single_b_01_grey
 524	-786 -826 -8
 525	tag_full
 526	scriptable_scriptable_dyn_door_metal_single_b_01_grey
 527	lm_machinery_hvac_roof_c_01
 528	B40A77C7-3AC8-7804-F967-B73DE7F8D660
 529	scriptable_ship_hallway_fuse_box
 530	82511C29-8E71-D8F0-7BE0-FD22924031BF
 531	1219 -840.536 -8
 532	13DDB434-773E-11EE-8E40-6C6A77E3CEAB
 533	infil_mbravo_intro_3
 534	0 85.9997 0
 535	-1304 -661 19
 536	0 221.198 0
 537	-1642 -318 20
 538	672 944 16
 539	672 944 18
 540	flareup
 541	vfx/jup/level/mp_jup_slaughterhouse_oct/vfx_slaughter_oct_bloody_truck_stream
 542	p7_box_cardboard_c_closed
 543	-272.836 -804.828 -8
 544	-1068 -940 16
 545	683A063C-C828-11ED-8E21-6C6A77E3CEAB
 546	D61D9B27-5D01-38B1-EE56-D94CC5D581B3
 547	78615854-91CE-11ED-98F2-6C6A77E3CEA8
 548	7861313D-91CE-11ED-9D43-6C6A77E3CEA8
 549	onfire
 550	0 175 0
 551	3E2E1354-FF36-1003-4C67-3C9EC5B280E1
 552	1192 63 14
 553	7B3FE8EC-D71E-3983-D138-9F8A682EF8A6
 554	pfa80b866b700d8602_auto2108
 555	2FEE4329-06F5-04FB-5014-D64FD6751553
 556	2DE7AD53-A59C-EA9E-9D0D-A25C577C0B82
 557	-1032 224 64
 558	0 15.9998 0
 559	1190 750 20
 560	mp_cyber_spawn_axis
 561	1176 32 16
 562	60768A54-3D3D-61D2-C455-679277C47B40
 563	740 667 16
 564	1216 -432 -8
 565	601840D2-F4F9-11ED-8E26-6C6A77E3CEAB
 566	374DE1BB-F431-11ED-8E26-6C6A77E3CEAB
 567	AB150A1A-AB05-C813-DB3D-D9CF047A7B91
 568	FE939E0B-2698-3B3C-64A8-75373577FE71
 569	5423A8BD-E9FC-11ED-8E26-6C6A77E3CEAB
 570	042C580A-BE6E-662D-0AF9-1D061D2604E1
 571	pfd50e237f4875cb29_auto2108
 572	93B0194E-093B-8101-A1AA-B3735EDE861E
 573	A85D367D-E9F6-11ED-8E26-6C6A77E3CEAB
 574	healthy
 575	807 -772 -6
 576	electrical_flicker_subtle
 577	fingers_out_end_left_hand
 578	0 315 0
 579	442877D7-F3B3-41A3-6E61-1870522CB746
 580	DBD593D8-1640-4D68-DD7A-BEEE15ED6B47
 581	pfb5e19b3e44bc39a_auto2108
 582	light_back_right
 583	-1576 -326 16
 584	06172FFC-E022-C8EE-8118-2E52D5A1A97B
 585	573485F5-C759-7B1C-9DEA-EFFA3CAB2C48
 586	5146A8E3-0D6B-ACDD-DE55-988535033B4A
 587	0 359 0
 588	-1328 102 20
 589	F8AF3408-7A1A-33A4-E4F8-03C6C0A34D69
 590	infil_mbravo_alt_intro_4
 591	-1584 -414 16
 592	1202 -64 20
 593	tag_light_front_left_2
 594	-1168 296 64
 595	-680 -920 -8
 596	0FB34C9C-58A8-11EE-8E3A-6C6A77E3CEAB
 597	2920EDE2-A163-5219-62EF-3809B2CC5B76
 598	tag_bink3
 599	D7081933-6474-1D40-4FCE-10769836D708
 600	-9216 8128 0
 601	062E61F8-7740-11EE-8E40-6C6A77E3CEAB
 602	A3E2B761-1E17-D72D-4766-5D1B1AF99593
 603	bin_plastic_01_green
 604	AE0A3B7C-0591-1E00-60E3-F7ED1429A8F6
 605	21E59A17-6DA7-3C4E-E3A6-649B29292CB7
 606	1CC65C81-E9F5-11ED-8E26-6C6A77E3CEAB
 607	0 346.3 0
 608	A29C1867-BD48-11ED-8E1E-6C6A77E3CEAB
 609	pfd43ae01bef84ce0b_auto2108
 610	infil_mbravo_luxury_exit_6
 611	-1504 -326 16
 612	player_lock_look_1_second
 613	28D5DE6D-8BC6-9EFB-E0FB-BA6D4E1CA485
 614	1184 520 16
 615	0 45.9998 0
 616	1218 -432 -7
 617	47E6CAE0-BD13-11ED-8E1E-6C6A77E3CEAB
 618	wheel_center_front_right
 619	trunk
 620	062E61DF-7740-11EE-8E40-6C6A77E3CEAB
 621	-772.006 609.99 64
 622	pfbd37432e7550aab_auto2108
 623	scriptable_light_flicker_fast_no_model
 624	C1E1453D-BD12-11ED-8E1E-6C6A77E3CEAB
 625	66C0E0FA-547E-5A59-B678-B8029B3879D1
 626	339BA6C2-E9F6-11ED-8E26-6C6A77E3CEAB
 627	1168 256 16
 628	E0EA49E3-41A7-9C91-362C-5800EFAFB2D2
 629	0 330 0
 630	8851B1AA-F720-C299-BD41-BCB0B6F8A3E0
 631	-960 400 64
 632	3A7CF7DF-543F-F23B-38EE-2722BB7F2F27
 633	8B8DBD64-E9F9-11ED-8E26-6C6A77E3CEAB
 634	-1504 -214 16
 635	436BEEEE-E9F8-11ED-8E26-6C6A77E3CEAB
 636	-912 72 64
 637	310C688D-8ECC-3265-91CB-FBAE2B0971D2
 638	-1504 -382 16
 639	infil_mbravo_swapmeet_intro_3
 640	tag_window_front_right
 641	AF19E855-39DE-B76E-940C-F4CC5A0C88A9
 642	electrical_flicker_fast
 643	2D8AB6EF-BD13-11ED-8E1E-6C6A77E3CEAB
 644	on
 645	A29C185E-BD48-11ED-8E1E-6C6A77E3CEAB
 646	DAC051A3-F68A-11ED-8E27-6C6A77E3CEAB
 647	A60819A7-BD12-11ED-8E1E-6C6A77E3CEAB
 648	0 270.6 0
 649	4F625482-D8B4-7F7E-F561-A9725AD2178F
 650	051B0EE2-4517-837F-5847-C51FEB371812
 651	D00A34E5-58A7-11EE-8E3A-6C6A77E3CEAB
 652	0 146 0
 653	9B220D2A-48F7-134C-AC8D-023249546055
 654	tag_window_back_left_corner
 655	-771.994 606.01 64
 656	C83AC5BE-58A7-11EE-8E3A-6C6A77E3CEAB
 657	7E3FD790-E9F9-11ED-8E26-6C6A77E3CEAB
 658	-1496 -150 16
 659	1184 176 16
 660	A29C1864-BD48-11ED-8E1E-6C6A77E3CEAB
 661	E7E20F2D-E9F7-11ED-8E26-6C6A77E3CEAB
 662	heavy_smoke
 663	F33FD53C-75A0-B02D-BD48-F1B1B1509F66
 664	scriptable_wheel_tire_rim_01
 665	AD6D8200-BD12-11ED-8E1E-6C6A77E3CEAB
 666	BA7213C0-4A44-28CB-8FFD-D3E81EF1555B
 667	E96E705C-107F-11EE-8E29-6C6A77E3CEA8
 668	6507B478-F025-16E9-5CDD-4CD28B6EE283
 669	-1515.03 -262.54 18
 670	A2AAB47B-654E-4C52-E424-67AFBF4C27D6
 671	barrier_traffic_concrete_block_01
 672	1CC65C7E-E9F5-11ED-8E26-6C6A77E3CEAB
 673	window_back_right
 674	0C25E57E-5387-9A06-2348-95D16394A878
 675	1142 -854 -6
 676	ee_book_office_folder_pile_01
 677	35155FC1-7818-11EE-8E40-6C6A77E3CEAB
 678	38977CF7-C450-1A4E-2AAF-9CB7E1F33A26
 679	805.828 -769.828 -8
 680	21CC3799-9F7B-1D04-B1BC-4A99AA6159DA
 681	pfd0a5526925ebff44_auto2108
 682	scriptable_medical_clipboard_wall_a
 683	1078 -766 -6
 684	7806BEA8-E9F9-11ED-8E26-6C6A77E3CEAB
 685	0 183.597 0
 686	CD4AD6C8-BD12-11ED-8E1E-6C6A77E3CEAB
 687	-1310 -660 22
 688	scriptable_door_metal_single_b_02_grey
 689	47005FC0-AC89-9DF0-C87F-F5F38671B22A
 690	-164 -366 -12
 691	pfe442d1316c778668_auto2108
 692	4BE04F47-773E-11EE-8E40-6C6A77E3CEAB
 693	-961 407 60
 694	-304 262 64
 695	B4CC03B1-0D81-6BBA-4D0F-E163A1322FCA
 696	4403B3E9-304B-0BF3-9E68-65F84DB8769C
 697	B8837BBD-E9FA-11ED-8E26-6C6A77E3CEAB
 698	95BFB8B5-E9F6-11ED-8E26-6C6A77E3CEAB
 699	bucket_rusted_empty_01
 700	26EDAFFF-AA1D-3B3C-B26A-F1465756D6F7
 701	pf57c9330ed5a5a728_auto716
 702	-273 -793 -8
 703	D6B90AE2-1BAE-435F-E03D-6524B2EC1770
 704	6A5CC62F-E9FA-11ED-8E26-6C6A77E3CEAB
 705	755D6AF0-773E-11EE-8E40-6C6A77E3CEAB
 706	D7FF2163-E9FB-11ED-8E26-6C6A77E3CEAB
 707	-755.99 340.47 64
 708	1076 62 20
 709	9934D26D-CE3E-73FE-341C-81E1DDC97D5F
 710	6A1EBECC-E9F9-11ED-8E26-6C6A77E3CEAB
 711	-1114 -942 26
 712	BBD875F8-BD12-11ED-8E1E-6C6A77E3CEAB
 713	0B555F70-3CDC-D1F9-33B7-5A81D2B20100
 714	31577F83-0ADC-6842-9615-AB79F186E00F
 715	758 944 18
 716	E2940FC2-B13F-1A44-B065-1F735517505E
 717	44BFBF9A-AB6B-2714-440E-80FAB2DBDCCC
 718	674 942 20
 719	scriptable_container_trash_can_plastic_kitchen_01_br
 720	358 794 66
 721	cinderblock_wall_endcap_01_24
 722	4A26F5FB-7ACD-C0DB-7903-02C7A6F9E408
 723	1A3E3C75-E9FC-11ED-8E26-6C6A77E3CEAB
 724	0 231.4 0
 725	j_rope_200
 726	mp_xfire_spawn_allies_start
 727	0 255 0
 728	0F799668-58A7-11EE-8E3A-6C6A77E3CEAB
 729	jup_infil_blima_rope_crank_right
 730	0 240 0
 731	72CB8FE7-BD12-11ED-8E1E-6C6A77E3CEAB
 732	0 332 0
 733	12C57FE6-D45F-C3FD-5A91-6EDED43673F5
 734	1118 -382 -6
 735	496C0C7F-D646-C11E-F181-BDD71900F519
 736	659C7748-773F-11EE-8E40-6C6A77E3CEAB
 737	scriptables
 738	facial_infils
 739	1160 96 16
 740	0 43.9998 0
 741	0601B723-BD13-11ED-8E1E-6C6A77E3CEAB
 742	j_ball_le
 743	j_ball_ri
 744	pfec4d31a26e7d7711_auto2108
 745	infil_mbravo_swapmeet_exit_1
 746	AF634C63-AB55-2D8C-8889-BE1AA547B6C8
 747	F70181F8-80C8-10BF-F1FC-A95E13CD6C78
 748	-1592 -384 24
 749	0FB34C86-58A8-11EE-8E3A-6C6A77E3CEAB
 750	6401762F-9908-2862-9A1D-42AC4D461B55
 751	infil_mbravo_intro_4
 752	DAC051A6-F68A-11ED-8E27-6C6A77E3CEAB
 753	1082 206 14
 754	0 85.9998 0
 755	D5F67F62-E9F7-11ED-8E26-6C6A77E3CEAB
 756	vfx_slaughter_oct_bloody_drips_pipes_01
 757	window_back_left_corner
 758	-1592 -222 16
 759	electronics_control_panel_box_med_02
 760	53CEF9B5-E9F5-11ED-8E26-6C6A77E3CEAB
 761	right_70
 762	4
 763	8C1BF292-BD48-11ED-8E1E-6C6A77E3CEAB
 764	door_back_left
 765	window_back_left
 766	8E7FC26C-F007-CB7A-F2CC-C8ECD857A8FB
 767	container_trash_can_plastic_kitchen_01_br
 768	7DDD2334-EEBD-11ED-8E26-6C6A77E3CEAB
 769	1222 -430 -6
 770	AF37BEE0-7479-5EF8-0950-4046A18DDE6E
 771	scriptable_veh9_civ_lnd_suv_2020
 772	1192 752 16
 773	vfx_slaughter_oct_bloody_stream_sml_02
 774	scriptable_decor_blacksmith_tool_tongs_l_01
 775	-1168 232 64
 776	pf8453be2a0935f15_auto2108
 777	99258ACF-F42F-11ED-8E26-6C6A77E3CEAB
 778	B4056D80-4BBC-2DF8-B737-5BD64C185D50
 779	EBFDC4CF-B76C-5976-4714-C9747DF2E861
 780	pfcab037aed0a3fd23_auto2108
 781	5F72F6FB-79C9-11EE-8E40-6C6A77E3CEAB
 782	06F09FCA-DDE7-1354-38DF-2F567A3B6DDE
 783	7C5D33E3-E589-2023-2127-5287F24BDBE8
 784	F570471F-BD12-11ED-8E1E-6C6A77E3CEAB
 785	1056 16 16
 786	76AD899A-2EEE-2AEF-B740-F30F8F515FBE
 787	1BD19FEF-660D-5700-7C68-AD2436F74F1D
 788	1144 16 16
 789	-906 66 66
 790	-512 478 64
 791	1222 -838 -6
 792	AAB96B85-773E-11EE-8E40-6C6A77E3CEAB
 793	5F72F701-79C9-11EE-8E40-6C6A77E3CEAB
 794	1088 264 16
 795	locked
 796	70AF342A-E9F9-11ED-8E26-6C6A77E3CEAB
 797	ajar_owned
 798	C7D1F0F5-B6DA-5934-9F33-E5E46CE5C78C
 799	front_right
 800	7861A670-91CE-11ED-8981-6C6A77E3CEA8
 801	C5B1602A-E9FA-11ED-8E26-6C6A77E3CEAB
 802	3B7B5BA5-BD13-11ED-8E1E-6C6A77E3CEAB
 803	pf1ce1d323c5a63ad_auto2108
 804	41BAEDE5-7818-11EE-8E40-6C6A77E3CEAB
 805	0 74.9999 0
 806	046CF109-FC30-7659-CC56-402FE17C76A4
 807	53CEF9A5-E9F5-11ED-8E26-6C6A77E3CEAB
 808	0 231.591 0
 809	72CB8FDE-BD12-11ED-8E1E-6C6A77E3CEAB
 810	6F9FD7F2-BD13-11ED-8E1E-6C6A77E3CEAB
 811	pfaf1cfbdb10b471ae_auto2108
 812	vfx_slaughter_oct_bloody_hydrant_stream
 813	fingers_out_start_right_hand
 814	4CCBC5DC-7818-11EE-8E40-6C6A77E3CEAB
 815	-1444 -644 20
 816	D204BDB0-3DD1-CB50-8FE4-2684CDEE09D2
 817	5AA7841C-63AE-76DE-7F6D-FAEB95C2755C
 818	691902D2-33C3-9BD7-13AE-74601D7F727E
 819	0 91.3961 0
 820	-1576 -382 16
 821	-1496 -286 16
 822	infil_mbravo_luxury_intro_3
 823	5C9B5191-773E-11EE-8E40-6C6A77E3CEAB
 824	9250E88C-58A7-11EE-8E3A-6C6A77E3CEAB
 825	5799431E-E9F9-11ED-8E26-6C6A77E3CEAB
 826	1184 280 16
 827	32D90E15-7841-5AAE-99A4-BE30DF1F9FC4
 828	-954.859 -958.995 15
 829	1056 312 16
 830	621873DF-AE72-43CB-8CD5-6165C69CDE5F
 831	D7FF214D-E9FB-11ED-8E26-6C6A77E3CEAB
 832	13DDB409-773E-11EE-8E40-6C6A77E3CEAB
 833	C4D4196C-F42F-11ED-8E26-6C6A77E3CEAB
 834	844527F8-51C5-0573-609B-72119C3B427D
 835	mp_sd_spawn_defender
 836	snakecam
 837	98A181AA-F431-11ED-8E26-6C6A77E3CEAB
 838	vfx/jup/level/mp_jup_slaughterhouse_oct/vfx_slaughter_oct_bloody_thin_stream
 839	C4D41961-F42F-11ED-8E26-6C6A77E3CEAB
 840	44A53171-58A7-11EE-8E3A-6C6A77E3CEAB
 841	pf3a58b2c450e0ab49_2
 842	534 770 18
 843	bink1
 844	276162D1-7520-1C79-4950-EFDEBB750471
 845	pfe8ba1e552e5c992a_auto2108
 846	72CB8FCB-BD12-11ED-8E1E-6C6A77E3CEAB
 847	-936 -72 24
 848	scn_infil_mbravo_heli_npc5
 849	infil_blima_6
 850	113C96B1-2D2C-CE07-F5AA-970782E417B2
 851	vfx/jup/level/mp_jup_slaughterhouse_oct/vfx_slaughter_oct_bloody_stream_sml_02
 852	0 69.4998 0
 853	8D2B56F8-773F-11EE-8E40-6C6A77E3CEAB
 854	98A181B5-F431-11ED-8E26-6C6A77E3CEAB
 855	BC2DD77D-773F-11EE-8E40-6C6A77E3CEAB
 856	8BFA2DD0-58A7-11EE-8E3A-6C6A77E3CEAB
 857	-1168.01 240.006 64
 858	AC0A1373-0E98-BC5B-3695-99694C7002BA
 859	j_wrist_ri
 860	AA742192-BD48-11ED-8E1E-6C6A77E3CEAB
 861	pf27ee728f6f6dc3d3_auto2108
 862	pf665a0155c7812e31_auto2108
 863	13FB8D9A-93F8-32A6-74D7-D3006762F5FA
 864	141B47A7-E9FB-11ED-8E26-6C6A77E3CEAB
 865	4BE04F58-773E-11EE-8E40-6C6A77E3CEAB
 866	infil_mbravo_luxury_intro_2
 867	-1587.03 -198.54 18
 868	-960 424 64
 869	DFE6F268-CA57-2D41-4BF6-C44396E568CD
 870	infil_mbravo_exit_6
 871	C2D81854-47BA-34BD-AD59-AB7D9D8D6444
 872	03154EEE-58A8-11EE-8E3A-6C6A77E3CEAB
 873	CE1DD31B-60BF-72C4-4730-6DFC216B2FF9
 874	1192 730 16
 875	door_front_left
 876	-952 416 64
 877	0 321.899 0
 878	pfc59fb4c9c88e0c92_auto2108
 879	0 138 0
 880	1088 192 16
 881	-1515.03 -326.54 18
 882	scriptable_com_trafficcone_01
 883	79B483FC-ED72-AFD6-2E62-91FDF2BDB8CA
 884	-728 -876 -7
 885	pf743356d9da2834b8_auto2108
 886	-1504 -270 16
 887	13DDB437-773E-11EE-8E40-6C6A77E3CEAB
 888	-1587.03 -334.54 18
 889	pf217905147efa6fd7_auto2108
 890	mp_koth_spawn
 891	pf3a58b2c450e0ab49_3
 892	2D8AB6EC-BD13-11ED-8E1E-6C6A77E3CEAB
 893	1192 280 16
 894	B93DC304-F41A-6DF6-FBBF-1DA69CED337B
 895	decor_bicycles_01_white
 896	0 75 0
 897	78617F62-91CE-11ED-B3B0-6C6A77E3CEA8
 898	CE149F5B-3F45-C63E-A0C1-0FEAD120BF33
 899	scn_infil_mbravo_heli_npc4
 900	-227 -809 -12
 901	9871451C-F043-8971-8C49-94BBB0E64837
 902	1013.99 -737.216 -5
 903	equip_nvg
 904	6B255890-F431-11ED-8E26-6C6A77E3CEAB
 905	-1645.87 -119.031 24
 906	F2A36229-E9FA-11ED-8E26-6C6A77E3CEAB
 907	-1176 496 64
 908	BD6730E3-1110-53A0-4AD6-185902927283
 909	7861A672-91CE-11ED-8D5D-6C6A77E3CEA8
 910	1060 -756 -4
 911	1083 120 19
 912	headlight_left_dead
 913	110DAA51-E9F6-11ED-8E26-6C6A77E3CEAB
 914	3610ECAA-C01B-2709-FCA2-7B79B379D438
 915	1E071C30-E9F6-11ED-8E26-6C6A77E3CEAB
 916	950 510 18
 917	7861585E-91CE-11ED-9810-6C6A77E3CEA8
 918	63DFEB39-E9F6-11ED-8E26-6C6A77E3CEAB
 919	66E40275-F4F9-11ED-8E26-6C6A77E3CEAB
 920	A1472EDD-2C4B-0CC0-61B5-A06FA5C3A7C8
 921	scriptable_scriptable_construction_doors_metal_b_02_mp_lm
 922	C90B9E31-F431-11ED-8E26-6C6A77E3CEAB
 923	0 135 0
 924	1104 152 16
 925	DAA28F12-BD12-11ED-8E1E-6C6A77E3CEAB
 926	71BDB4D4-575E-D641-99E4-35C9077C849C
 927	-1066 -948 16
 928	-1577 -245 19
 929	6B3BCCCB-7191-DDB5-99EA-59385F6A3275
 930	DB3E4609-773E-11EE-8E40-6C6A77E3CEAB
 931	infil_mbravo_alt_exit_1
 932	1196 -67 15
 933	pf3a58b2c450e0ab49_4
 934	vfx_slaughter_oct_flies
 935	0 270 0
 936	vfx/jup/level/mp_jup_slaughterhouse_oct/vfx_slaughter_oct_bloody_drips_pipes_01
 937	-858 421 66
 938	1088 72 16
 939	F5123DB0-1AFA-4C27-A736-BEC07CD1D177
 940	D2679557-EC0C-7AC7-C0BA-B6C50ED9F238
 941	7DEEFA77-9187-8E59-D6BC-A882FB740299
 942	534 774 18
 943	mp_dd_spawn_defender_start
 944	-1176.05 485.967 70
 945	34A0B871-F35D-01DA-2CCE-ABD19E5432FB
 946	4A78E96B-62E4-503E-425F-2C15BEA39A0D
 947	0C381231-8829-1070-8EEE-CFA939A5C2CA
 948	fingers_in_start_left_hand
 949	0 234.598 0
 950	ED7A5512-B096-8E42-E3A4-056A72525F16
 951	-936 -752 16
 952	infil_mbravo_alt_intro_5
 953	44A5317C-58A7-11EE-8E3A-6C6A77E3CEAB
 954	EFBA52C7-773E-11EE-8E40-6C6A77E3CEAB
 955	1186 -62 20
 956	pf8bdd333878571e57_auto2108
 957	EE9617CE-2E19-A0BB-C029-C3310DB7FF07
 958	mp_control_spawn_defender
 959	4C478527-58A7-11EE-8E3A-6C6A77E3CEAB
 960	medical_clipboard_wall_a
 961	scriptable_ee_clock_wall_mounted_modern_dirty_glass
 962	destroyed
 963	vfx/jup/level/mp_jup_slaughterhouse_oct/vfx_slaughter_oct_bloody_drops
 964	-1378 -648 24
 965	tag_bink2
 966	1088 256 16
 967	0 174.799 0
 968	1160 24 16
 969	0F4CFE7C-EF2B-6526-EDC5-354DB95D2965
 970	E54D2B39-BA64-E624-1A78-26BB5A158015
 971	E14BCEA6-E9F7-11ED-8E26-6C6A77E3CEAB
 972	1218 -432 -6
 973	scriptable_trash_bin_metal_02
 974	473312C1-7643-9C0E-6C65-BAD320BE1B55
 975	0601B720-BD13-11ED-8E1E-6C6A77E3CEAB
 976	yellow::construction_hardhat_lowres_01
 977	1213 -844 -4
 978	B7DA6118-C89D-720F-C6A6-D1F56AC788A4
 979	-1639.87 -315.031 24
 980	scriptable_electrical_flicker_subtle
 981	-1158 306 62
 982	D35CB998-8C11-1CED-51C5-2C9E412AB920
 983	0 95.9996 0
 984	A607FEAB-5959-2553-C5BD-F8072DCA8522
 985	1FA89841-BD13-11ED-8E1E-6C6A77E3CEAB
 986	light_flicker_fast_no_model_part_0
 987	mirror_left
 988	CD9BE747-E9FA-11ED-8E26-6C6A77E3CEAB
 989	3EE6CC43-F431-11ED-8E26-6C6A77E3CEAB
 990	1196 -72 20
 991	wheel_center_back_left
 992	-1562 -502 26
 993	161031DB-9052-EAF0-E3E2-E9B20DA9FB08
 994	20B94D8A-39D6-5531-932D-80336797FB33
 995	door_front_right
 996	0 354.999 0
 997	left_30
 998	left_70
 999	7861A66A-91CE-11ED-977D-6C6A77E3CEA8
1000	infil_mbravo_swapmeet_intro_2
1001	2C8BED4C-BE73-ABBF-2882-9965628E0213
1002	pfe523477deef84d63_auto2108
1003	EC11ECBA-82B1-6840-7AE4-F21D0B9E53A4
1004	-1310 -608 22
1005	cp_disco_bar_stool_01
1006	0 89.9998 0
1007	1144 168 16
1008	pf7023feb327ab2a2a_auto4
1009	E4F71F2F-31FE-D835-17A0-0E258AD93426
1010	FC2D57E1-D4E9-4A37-D279-D00166ACD47F
1011	-720 -884 -8
1012	FBD886A1-BD12-11ED-8E1E-6C6A77E3CEAB
1013	j_wrist_le
1014	s4_usa_clipboard_w_pencil_01
1015	614DD6B5-2B39-6083-C1ED-8525E491340D
1016	-1304 -662 20
1017	-776 452 68
1018	vfx/jup/level/mp_jup_slaughterhouse_oct/vfx_slaugher_oct_bloody_rain_cam_ch_lookup
1019	897B1D1E-E9F6-11ED-8E26-6C6A77E3CEAB
1020	B1F0AC87-E9FA-11ED-8E26-6C6A77E3CEAB
1021	25F97C18-BD13-11ED-8E1E-6C6A77E3CEAB
1022	mp_dd_spawn_attacker
1023	rootmodelmanager
1024	2F0DAF24-EF74-397E-D617-A18B96298027
1025	-1500 -280 20
1026	99C75654-2E16-9A0A-7D96-FD1577BFE20F
1027	75CAAAD4-F4F9-11ED-8E26-6C6A77E3CEAB
1028	-1064.01 -95.9942 24
1029	mp_cyber_spawn_allies
1030	FEB02D4C-E6CD-1A5A-C134-22B108280727
1031	0 8.39969 0
1032	15EF31F7-F4F9-11ED-8E26-6C6A77E3CEAB
1033	-1592 -232 24
1034	7DDD232E-EEBD-11ED-8E26-6C6A77E3CEAB
1035	81855CC1-E9F0-E02E-47A7-4EBCEA0973CC
1036	-1650 -648 24
1037	vfx_slaughter_oct_bloody_fountain_splashes
1038	pfe2a2791d5951bda1_auto14601395618162339126
1039	2851A89E-F431-11ED-8E26-6C6A77E3CEAB
1040	E825AD07-BD12-11ED-8E1E-6C6A77E3CEAB
1041	scriptable_electrical_box_open_wall_01
1042	275886D5-107D-11EE-8E29-6C6A77E3CEA8
1043	pfff706986c6584021_auto2108
1044	pf3a58b2c450e0ab49_5
1045	chair_folding_folded
1046	1136 312 16
1047	3D8B5CAF-3C36-875A-2E15-4907F6490082
1048	E3A794A2-CC9D-A9A2-1162-2485D15B5A7B
1049	BD2B28CB-815B-EF0A-5461-3E70A609F215
1050	BC2DD772-773F-11EE-8E40-6C6A77E3CEAB
1051	DEEE2247-EEBC-11ED-8E26-6C6A77E3CEAB
1052	8C1BF285-BD48-11ED-8E1E-6C6A77E3CEAB
1053	BD9D4353-2E57-16E6-E2D8-B02063C9ADC3
1054	1168 320 16
1055	-1168 -384 16
1056	-1567.99 -246.006 16
1057	vfx_jup_slaugher_oct_cam_bloody_rain
1058	898 110 18
1059	062E61EA-7740-11EE-8E40-6C6A77E3CEAB
1060	8DB4C84E-726E-AF62-955F-15075227877A
1061	3D1933B5-BD12-11ED-8E1E-6C6A77E3CEAB
1062	0 92.0991 0
1063	E79D5B59-EB28-2B88-049B-91B6EA04A9A1
1064	tag_light_back_right
1065	1200 280 16
1066	infil_mbravo_luxury_intro_6
1067	mp_dd_spawn_defender_a
1068	0 176.899 0
1069	C4AE5E93-C3F2-D623-2CED-537636088167
1070	348 269 64
1071	-1586 -254 10
1072	pff20f0b2533bc3a58_auto2108
1073	infil_mbravo_exit_2
1074	7C9287EC-FCC0-AA69-1FE9-450B7D58BAFF
1075	0 178 0
1076	EBFF5269-9E3C-B6FC-D362-BEB1D4B266C2
1077	9AD57A61-8E4D-95ED-4446-807DB79441D8
1078	0 130 0
1079	0CCAA2DE-E9F8-11ED-8E26-6C6A77E3CEAB
1080	886 710 20
1081	1522FAB8-5E38-415A-97C0-B0B067A20E74
1082	E1A94CC9-773F-11EE-8E40-6C6A77E3CEAB
1083	13853507-32E4-4C0F-F3EB-AEFADE032E76
1084	72CB8FE1-BD12-11ED-8E1E-6C6A77E3CEAB
1085	1184 216 16
1086	85EB8C42-F431-11ED-8E26-6C6A77E3CEAB
1087	4C478524-58A7-11EE-8E3A-6C6A77E3CEAB
1088	2F4C43D0-E9FC-11ED-8E26-6C6A77E3CEAB
1089	none
1090	taillight_right_dead
1091	3B7B5B93-BD13-11ED-8E1E-6C6A77E3CEAB
1092	1168 232 16
1093	mp_dd_spawn_attacker_a
1094	380ABDA0-3077-066E-0C4B-4D044A5204C5
1095	D3A71822-BD12-11ED-8E1E-6C6A77E3CEAB
1096	-1576 -150 16
1097	traverse
1098	nav_door
1099	69C5F1C3-E7A2-5431-9F29-1FE7A05AC3F6
1100	FC77815F-58A7-11EE-8E3A-6C6A77E3CEAB
1101	759.464 954 16
1102	7861A674-91CE-11ED-B92A-6C6A77E3CEA8
1103	589CAC0C-FCAD-63D0-813E-21F5B0E8FA55
1104	7861A66F-91CE-11ED-8BF9-6C6A77E3CEA8
1105	8CAE416C-F3A4-9D9F-2CDC-13E16F1BA4BA
1106	pf6aa2b9277cad0e6c_auto2108
1107	C769E522-3664-1F2D-B11A-E286D741F164
1108	light_back_left
1109	52677D9A-45A7-4561-B95E-964FFAE84544
1110	anim_explosion_complete
1111	FA940C28-EEBC-11ED-8E26-6C6A77E3CEAB
1112	scriptable_scriptable_door_metal_single_b_02_grey
1113	A29C1848-BD48-11ED-8E1E-6C6A77E3CEAB
1114	-1002 -948 16
1115	85F0DA99-BD48-11ED-8E1E-6C6A77E3CEAB
1116	3D74B60B-C690-B83A-BF2B-B0F4156FE260
1117	-1584 -150 16
1118	bash_right_90
1119	1088 104 16
1120	pf39f4d24f27f6971_auto2108
1121	pf57c9330ed5a5a728_auto715
1122	-1504 -286 16
1123	7DDD2322-EEBD-11ED-8E26-6C6A77E3CEAB
1124	-912 80 64
1125	23EB3689-E9F8-11ED-8E26-6C6A77E3CEAB
1126	scriptable_oil_drum_big_01_blue
1127	5EC74B0D-8F26-60A5-CBCF-395E7D0EC74A
1128	177B9F40-E9F6-11ED-8E26-6C6A77E3CEAB
1129	374DE1C9-F431-11ED-8E26-6C6A77E3CEAB
1130	-1592 -414 16
1131	F8CB8A81-58A6-11EE-8E3A-6C6A77E3CEAB
1132	-1319.99 111.994 16
1133	jup_infil_blima_step
1134	construction_mobile_air_compressor_01
1135	-1089.72 503.562 64
1136	infil_mbravo_luxury_exit_3
1137	-1496 -222 16
1138	7DDD22F7-EEBD-11ED-8E26-6C6A77E3CEAB
1139	pf6c022111f1ca1580_auto4
1140	-1649.99 -118.006 16
1141	017D876E-773F-11EE-8E40-6C6A77E3CEAB
1142	1056 192 16
1143	2CAE0F52-B230-D11A-0411-D1617089CAF1
1144	760 944 16
1145	BE22A202-DF89-AC72-51E1-B0F84DC6C1C1
1146	pf62749e50d5c52630_auto2108
1147	BD52B322-D6ED-3BD4-D405-DA0DAD736ACB
1148	6B69924E-F448-F1FD-A6F8-079B37E33720
1149	4A892FF9-285E-1323-3027-81F891C9D549
1150	096C5963-58A8-11EE-8E3A-6C6A77E3CEAB
1151	-1576 -414 16
1152	DB3E4614-773E-11EE-8E40-6C6A77E3CEAB
1153	ik_in_end_right_hand
1154	pf2d8b595e79ebbb6a_auto2108
1155	left_50
1156	left_90
1157	infil_mbravo_swapmeet_exit_2
1158	pf9d099d60c222fa0_auto4
1159	AF28E5BA-2992-D6DB-6F43-54B710007DB4
1160	0 30 0
1161	ACD2C9A1-20F3-11EE-8E2B-6C6A77E3CEAB
1162	966D604D-80E6-4630-408E-12298D67A49D
1163	110DAA46-E9F6-11ED-8E26-6C6A77E3CEAB
1164	-1520 -414 16
1165	DB2C0B22-BD4B-F713-DCE7-9CEFC04FC8E3
1166	A53B7A79-773F-11EE-8E40-6C6A77E3CEAB
1167	phone_sfx
1168	-1160 216 64
1169	8F4F46FA-73BF-7F80-9C9E-571B4B7D07B3
1170	2DE61A98-182E-516F-6E0B-A524823F536F
1171	72CB8FBB-BD12-11ED-8E1E-6C6A77E3CEAB
1172	mp_control_spawn_attacker_start
1173	scriptable_ee_book_office_folder_pile_02
1174	683A064E-C828-11ED-8E21-6C6A77E3CEAB
1175	-1206 -402 16
1176	infil_mbravo_exit_4
1177	1144 104 16
1178	E7ED952D-D050-65BD-FA14-42EDE7A0F656
1179	EE899B8B-BD12-11ED-8E1E-6C6A77E3CEAB
1180	pfb63f28575b1b48c1_auto2108
1181	C80C25E2-4FCD-2F32-8360-9F1DD04080F5
1182	957 516 16
1183	AF975BCE-1C23-E9F3-4A5B-9DE2FEE864B2
1184	window_front_left
1185	C404BD9E-9F17-1347-3CCE-2C3545CA1E47
1186	-1186.72 436.562 64
1187	08092848-2BF5-5989-F94F-1387A215FB82
1188	DE14E412-353B-B10A-C5D1-CCDCC786BBDA
1189	4C7575CB-6445-D8D5-9F7D-B7D9B5DCBA3B
1190	7861A66B-91CE-11ED-81CC-6C6A77E3CEA8
1191	0E1DD604-CA23-3599-76C9-6204D48BF938
1192	5C6E31E6-E9F5-11ED-8E26-6C6A77E3CEAB
1193	E8BA8ACB-DF5D-5540-FE30-8631E47288E0
1194	BBD875FB-BD12-11ED-8E1E-6C6A77E3CEAB
1195	DC8A9C90-37C0-575C-A91D-FFB231422CB6
1196	-304 244 62
1197	9C82D559-E12D-695E-3D61-637EA4AA6A41
1198	infil_mbravo_alt_exit_6
1199	C942847D-3199-0AD0-3DA8-5F9A7F2ABCF6
1200	pf75b24abdbc895430_auto2108
1201	B6EC7C07-E9F6-11ED-8E26-6C6A77E3CEAB
1202	bink2
1203	-1192 -392 16
1204	0 46 0
1205	C05FA9D6-E182-1A6B-48D8-D9DF7762E6AC
1206	hide
1207	-1498 -360 16
1208	D3A71831-BD12-11ED-8E1E-6C6A77E3CEAB
1209	2B882985-7510-376F-6906-E842B6D52495
1210	7DDD2325-EEBD-11ED-8E26-6C6A77E3CEAB
1211	F32DD3E4-0F1B-AC1C-24B2-DD22C5550DEC
1212	scn_infil_mbravo_heli_npc6
1213	infil_blima_1
1214	0 344.999 0
1215	2101F8F8-5336-0D24-72B7-EB14F6BE189D
1216	57F3BDD7-E10E-0ED8-7088-FCA40CB361D2
1217	1072 96 16
1218	324 246 65
1219	taillights_dead
1220	scriptable_misc_wall_mounted_loudspeaker_01
1221	B10CE45C-1AF8-1A0F-E3A7-43980EADA0D0
1222	scriptable_decor_blacksmith_tool_tongs_s_01
1223	9F3200D2-F42F-11ED-8E26-6C6A77E3CEAB
1224	0 89.9999 0
1225	0E6E4025-E9F5-11ED-8E26-6C6A77E3CEAB
1226	off
1227	55D59D4D-773F-11EE-8E40-6C6A77E3CEAB
1228	jup_infil_shared_movement_post
1229	1332C842-107D-11EE-8E29-6C6A77E3CEA8
1230	me_electrical_box_street_01
1231	550B71F8-BD13-11ED-8E1E-6C6A77E3CEAB
1232	scriptable_ch_crate48x64
1233	E9ED6C4D-F68A-11ED-8E27-6C6A77E3CEAB
1234	1216 -843 -6
1235	F5115D24-9DA3-B5F4-2900-49A2F4963556
1236	865B8897-7344-1A31-D2BB-6C04CFE49138
1237	infil_mbravo_luxury_intro_1
1238	back_left
1239	A1F6EE9E-E9F6-11ED-8E26-6C6A77E3CEAB
1240	7A5D67F9-6F34-193C-5827-5582DEEE50A2
1241	694 74 18
1242	D7674F52-162B-20AF-A31A-E29C55BA8303
1243	infil_mbravo_exit_5
1244	jup_infil_blima_rope_fall_left
1245	-1232 -650 20
1246	9FC6E6AF-58A7-11EE-8E3A-6C6A77E3CEAB
1247	pf40093edbe91ee16e_auto2108
1248	65951048-F58B-7A44-FFD0-7013710A4983
1249	7F42E7B2-AA2B-4E5F-C6C5-81AA1AD8330D
1250	window_front_right
1251	F5FD7384-FFA8-55A4-D9D1-DEF006717F8F
1252	-1496 -350 16
1253	89EC4C14-8CD9-324C-F2D1-6C7EBFB150E1
1254	CE991F3B-F42F-11ED-8E26-6C6A77E3CEAB
1255	-1592 -280 24
1256	B2FC3DE9-A637-187F-90AB-9C44E5B49849
1257	-560 -44 60
1258	47E6CADD-BD13-11ED-8E1E-6C6A77E3CEAB
1259	DDD39FF0-690A-6284-2FDD-7C993FDDCD21
1260	F5704748-BD12-11ED-8E1E-6C6A77E3CEAB
1261	8BFA2DE6-58A7-11EE-8E3A-6C6A77E3CEAB
1262	scriptable_ee_construction_tool_box_metal_01
1263	1192 -64 16
1264	scriptable_me_electrical_box_small_01
1265	-1242 -648 24
1266	scriptable_hardpoint_chevron
1267	bink3
1268	decor_blacksmith_tool_tongs_s_01
1269	85372B57-4CD4-4D62-AE49-466E897737F4
1270	F9BD3A9D-19C7-DBFF-3FE1-C02B2AC752CD
1271	0 187.199 0
1272	pfe2a2791d5951bda1_auto8058249458202749151
1273	927F3599-9D27-C535-A8CB-455A4D6E94AA
1274	7E9B055D-48C3-0687-3C10-AC26B1E00B39
1275	50E0A939-447A-4E94-492D-82DDED9C1095
1276	0EED1AD5-F573-7D76-D056-E3856B3177D1
1277	5853A37D-70B8-36B0-BD38-C619FDDC388C
1278	scriptable_electrical_conduit_set_electrical_meter_large_01
1279	2D15B68A-696B-DA55-8E21-5B3C445F3BEF
1280	6EA3C6A8-8A50-F4EE-5383-0989DF27F7E0
1281	E4654D2E-6012-ED4E-2DE6-274A7D5C30E5
1282	-1320 114 20
1283	un_office_desk_phone_01
1284	A844286E-356E-56A9-5CA8-65843E73C3FA
1285	-1654 -610 20
1286	infil_mbravo_alt_intro_3
1287	683A062D-C828-11ED-8E21-6C6A77E3CEAB
1288	1071.99 -768.216 -2
1289	5F72F6EF-79C9-11EE-8E40-6C6A77E3CEAB
1290	1152 328 16
1291	pf57da920db3d0dc82_auto2108
1292	1B8FCF2F-E234-3BF6-2356-BC4EF1047127
1293	jump_up_80
1294	jump_up_40
1295	3D5FA93B-E9FC-11ED-8E26-6C6A77E3CEAB
1296	mp_rugby_spawn_axis
1297	FD26F046-E9FB-11ED-8E26-6C6A77E3CEAB
1298	53CEF9B2-E9F5-11ED-8E26-6C6A77E3CEAB
1299	756 947 14
1300	5F72F6F5-79C9-11EE-8E40-6C6A77E3CEAB
1301	helimedium
1302	pf31944f9eae8a44aa_auto2108
1303	EBBE5521-E9FA-11ED-8E26-6C6A77E3CEAB
1304	3D1933B2-BD12-11ED-8E1E-6C6A77E3CEAB
1305	15753AED-C828-E4CE-5831-5A75DE34800A
1306	61362B32-C829-11ED-8E21-6C6A77E3CEAB
1307	8F2CFC9C-0082-4B90-DA26-3126A956ABB9
1308	1150 -846 -6
1309	CD4AD6B9-BD12-11ED-8E1E-6C6A77E3CEAB
1310	0 195 0
1311	F8E98EFE-C2A4-5BAE-B91A-C263DC0425C4
1312	677 941 14
1313	vfx_slaughter_oct_bloody_drips_sml
1314	11E31428-963A-3DE2-D37B-8E365139853C
1315	9FC6E6BA-58A7-11EE-8E3A-6C6A77E3CEAB
1316	2070B8E0-5577-C95A-308F-122DB6E29A3A
1317	CA2AA7C7-773E-11EE-8E40-6C6A77E3CEAB
1318	infil_mbravo_swapmeet_exit_6
1319	fx_exploder( infil_heli_trash )
1320	pfe5913ac223c6f0f6_auto4
1321	scriptable_lm_machinery_hvac_roof_c_01
1322	pf4337cae715c98310_auto2108
1323	065BE936-79C2-B4F0-0DFD-DF25040D3FA0
1324	DAE849A5-59E5-4E4C-E1EC-65A437F03527
1325	vfx_slaughter_oct_bloody_drops
1326	2F885047-B568-F751-4747-6CE18072E8CB
1327	B5257000-773F-11EE-8E40-6C6A77E3CEAB
1328	A7EBA6B6-E9FA-11ED-8E26-6C6A77E3CEAB
1329	001956B2-E9FB-11ED-8E26-6C6A77E3CEAB
1330	-360 -81 60
1331	infil_mbravo_luxury_intro_4
1332	pf73b46fc70cdb5eb0_auto2108
1333	tag_window_back_right
1334	C1ACC7BC-58A7-11EE-8E3A-6C6A77E3CEAB
1335	0 261.391 0
1336	-1422 -316 16
1337	0 245.9 0
1338	mp_rugby_spawn_allies
1339	-1300 -664 20
1340	990C80A0-9DB2-E65A-6765-450CE3AA5BA8
1341	mp_ctf_spawn_axis_start
1342	3481CD31-BD13-11ED-8E1E-6C6A77E3CEAB
1343	jup_infil_blima_rope_kick_left
1344	scriptable_cp_disco_bar_stool_01
1345	B442FB96-58A7-11EE-8E3A-6C6A77E3CEAB
1346	mp_xfire_spawn_team_three_start
1347	F815A27F-2D87-08DE-0016-1126967C6B7C
1348	7F5ED51B-F431-11ED-8E26-6C6A77E3CEAB
1349	683A062A-C828-11ED-8E21-6C6A77E3CEAB
1350	A165303A-1A52-D370-9C8B-946A68F7C84A
1351	1466D959-F1C5-AA6D-D9CA-F2F8CF4F4B07
1352	electrical_street_box_01
1353	78615861-91CE-11ED-AB49-6C6A77E3CEA8
1354	D7FF2158-E9FB-11ED-8E26-6C6A77E3CEAB
1355	920F69EA-FFCC-11ED-8E27-6C6A77E3CEAB
1356	996AF334-7472-E0AD-26C8-D57612149DB9
1357	pf82d39597d4202309_auto2108
1358	misc_wall_mounted_loudspeaker_01
1359	3B1EDA0E-E9F8-11ED-8E26-6C6A77E3CEAB
1360	pf3a58b2c450e0ab49_1
1361	-1383.87 -653.031 24
1362	B2F9F325-CA4E-28E1-F6C1-5966D091C8C8
1363	pf2bd3d59e16c2eab5_auto2108
1364	0 334 0
1365	803CC962-EB36-7DE7-B313-D7A73C8B6D16
1366	EE899B88-BD12-11ED-8E1E-6C6A77E3CEAB
1367	7861A66E-91CE-11ED-9DD1-6C6A77E3CEA8
1368	6CBB0D46-F42F-11ED-8E26-6C6A77E3CEAB
1369	lights_controller
1370	scn_infil_mbravo_heli_npc2
1371	1196 286 16
1372	fingers_out_end_right_hand
1373	infil_blima_5
1374	-1376.13 -650.969 24
1375	7861A66D-91CE-11ED-AFFB-6C6A77E3CEA8
1376	anim_playerstandrock
1377	E218E128-BD12-11ED-8E1E-6C6A77E3CEAB
1378	7861313B-91CE-11ED-95C2-6C6A77E3CEA8
1379	99258AD2-F42F-11ED-8E26-6C6A77E3CEAB
1380	BD187974-E9F6-11ED-8E26-6C6A77E3CEAB
1381	mp_sd_spawn_attacker
1382	E5EB3BCE-E9FB-11ED-8E26-6C6A77E3CEAB
1383	tag_mirror_right
1384	66FA2C5C-7E8E-FB4F-14D8-E694BF04BEA7
1385	21093796-E9FC-11ED-8E26-6C6A77E3CEAB
1386	-1514 -326 10
1387	-9216 7360 0
1388	-920 72 64
1389	1192.54 518 16
1390	uk_battery_charger_01
1391	standby
1392	72CB8FC8-BD12-11ED-8E1E-6C6A77E3CEAB
1393	pf524e05750d857bc0_auto2108
1394	436BEEF9-E9F8-11ED-8E26-6C6A77E3CEAB
1395	497CC2F5-F4F9-11ED-8E26-6C6A77E3CEAB
1396	73941A40-E9FA-11ED-8E26-6C6A77E3CEAB
1397	mp_xfire_spawn_axis_start
1398	72C42508-EEF7-8220-F291-D10D612F5493
1399	scriptable_me_sign_office_wf_calendar1
1400	0 340.4 0
1401	BDC2614A-9FA0-8304-5A1F-B362D1807E48
1402	splash listener
1403	electrical_conduit_set_electrical_box_01
1404	F1DE79B7-EEBC-11ED-8E26-6C6A77E3CEAB
1405	-1666 -178 26
1406	537 766 16
1407	pf1613c02b1e29e279_auto2108
1408	70AF341C-E9F9-11ED-8E26-6C6A77E3CEAB
1409	1113 -388 -8
1410	F5A63F82-42F8-3318-165B-02E9D5EA1A4B
1411	vfx/jup/level/mp_jup_slaughterhouse_oct/vfx_jup_slaugher_oct_cam_bloody_rain
1412	base
1413	1072 192 16
1414	3C7CE9B6-64FB-A45A-D626-30153978A414
1415	0687A761-E9FB-11ED-8E26-6C6A77E3CEAB
1416	1088 184 16
1417	ch_crate48x64
1418	ik_in_start_left_hand
1419	allies_endzone_vis
1420	1174 326 18
1421	1072 24 16
1422	-1634 -630 26
1423	-772 600 60
1424	E2CAB7AB-773E-11EE-8E40-6C6A77E3CEAB
1425	-1140 505 60
1426	-1320 -32 24
1427	632666B3-AB4B-21B6-3BA2-3AFD3106D89D
1428	-1311.87 -665.031 16
1429	1136 168 16
1430	D3A7181F-BD12-11ED-8E1E-6C6A77E3CEAB
1431	EC66E85D-E9FB-11ED-8E26-6C6A77E3CEAB
1432	DC9D540F-4C85-CCF0-0EA0-0A830644C30B
1433	550B71FB-BD13-11ED-8E1E-6C6A77E3CEAB
1434	tag_window_front_left
1435	scriptable_decor_trash_can_plastic_office_01
1436	1140 -848 -12
1437	175E9D17-5603-5286-7F32-692809C0836E
1438	4C478521-58A7-11EE-8E3A-6C6A77E3CEAB
1439	EE121CDE-58A7-11EE-8E3A-6C6A77E3CEAB
1440	7E9B7192-3EED-B06C-D986-3E1FE31D50B9
1441	419FB726-E400-B408-BABB-A4BC2AFB621F
1442	0 133.495 0
1443	mp_rugby_spawn_allies_start
1444	infil_mbravo_exit_3
1445	j_rope_1
1446	-1160 240 64
1447	-1576 -214 16
1448	C4FBDA79-773F-11EE-8E40-6C6A77E3CEAB
1449	E8DFCA4A-773F-11EE-8E40-6C6A77E3CEAB
1450	15EF3201-F4F9-11ED-8E26-6C6A77E3CEAB
1451	unlocked
1452	AD5A2728-F431-11ED-8E26-6C6A77E3CEAB
1453	-1183.95 498.033 62
1454	pf34f2343b02d7cd76_auto2108
1455	9D63C736-773E-11EE-8E40-6C6A77E3CEAB
1456	6E384022-C828-11ED-8E21-6C6A77E3CEAB
1457	-638 224 70
1458	scriptable_uk_fire_extinguisher_small_01
1459	0AFACC55-DDA8-28C9-F916-A898E6169C5A
1460	-728 -876 -8
1461	0CAE1075-BD13-11ED-8E1E-6C6A77E3CEAB
1462	3B12C0BD-0CBC-DAC4-0745-CC7025EB29E1
1463	59528B32-1E55-8A70-D974-9031DFE4982F
1464	8D7D3A70-DFFF-DA12-7DA4-3E2A191B07E1
1465	F22158AB-F39C-80C8-7723-223E58B062B8
1466	pf3a520cfa5c252830_auto4
1467	98DA1A0D-58A7-11EE-8E3A-6C6A77E3CEAB
1468	03154EF9-58A8-11EE-8E3A-6C6A77E3CEAB
1469	9BC152BC-0424-92DF-F68C-4038C67E5735
1470	78615855-91CE-11ED-BF44-6C6A77E3CEA8
1471	759D944D-BD13-11ED-8E1E-6C6A77E3CEAB
1472	0 335 0
1473	A29C184B-BD48-11ED-8E1E-6C6A77E3CEAB
1474	E27BAA02-4C6C-A3BA-5E17-28669BE95E36
1475	scn_infil_mbravo_heli_npc1
1476	E529FAD1-E9FA-11ED-8E26-6C6A77E3CEAB
1477	283DAC4B-E9FC-11ED-8E26-6C6A77E3CEAB
1478	electrical_conduit_set_electrical_meter_large_01
1479	1136 104 16
1480	-584 476 68
1481	3406C74C-773F-11EE-8E40-6C6A77E3CEAB
1482	1A4D5094-87D8-9EAC-BAF2-0FCAD729D264
1483	E96E7047-107F-11EE-8E29-6C6A77E3CEA8
1484	2150E097-107D-11EE-8E29-6C6A77E3CEA8
1485	9A37FB36-268F-240B-75B9-F2070465D55F
1486	light_part
1487	760.536 950 16
1488	BAF99A7C-939C-BAC7-02D2-78C8585543D3
1489	47F4FA62-3E70-3AEA-0016-C58672A829AF
1490	0B034E2E-9DE7-D6EB-58FD-919374520A43
1491	-992 -128 16
1492	bash_left_90
1493	tag_windshield_back
1494	ik_in_start_right_hand
1495	C95A39D5-B146-9A00-9E6D-880EE6E214F4
1496	-777 -822 -6
1497	cinderblock_wall_topper_01_16
1498	vfx/jup/level/mp_jup_slaughterhouse_oct/vfx_slaughter_oct_bloody_fountain_stream
1499	66934606-EAF9-CDC7-A8C1-63D067BB20DC
1500	fingers_in_end_left_hand
1501	ws_safe_offscreen
1502	14478A52-7740-11EE-8E40-6C6A77E3CEAB
1503	-278 -809 -10
1504	631FCCE8-7726-325E-D580-6530E399E949
1505	fov_63_2
1506	DE121211-E9FB-11ED-8E26-6C6A77E3CEAB
1507	6182DD7B-565D-9F35-0513-D4611F65E013
1508	1192 640 16
1509	body
1510	0 280 0
1511	A85D3693-E9F6-11ED-8E26-6C6A77E3CEAB
1512	758 942 18
1513	AB869B71-7A17-2BC7-D8AD-5C72572E378A
1514	pfe96c98c7c8916b9b_auto4
1515	7E1E7935-2E30-C309-B527-EAE37FE8B605
1516	hardpoint_vis_03
1517	-1592 -350 16
1518	-1514 -462 10
1519	-963 405 62
1520	0 312 0
1521	5F72F6F8-79C9-11EE-8E40-6C6A77E3CEAB
1522	7F04F807-6195-BF6C-E17A-813D4CF273EB
1523	container_barrel_plastic_01_closed_white
1524	-936 -744 16
1525	-1598 -254 22
1526	44A53192-58A7-11EE-8E3A-6C6A77E3CEAB
1527	1174 6 18
1528	5F72F70A-79C9-11EE-8E40-6C6A77E3CEAB
1529	0F79966B-58A7-11EE-8E3A-6C6A77E3CEAB
1530	4683F796-9306-82C7-5841-237698BA3DD7
1531	-536 -152 56
1532	scriptable_me_camera_tripod_03
1533	25AFCB61-E9F6-11ED-8E26-6C6A77E3CEAB
1534	3DBECB3C-55C6-300D-904C-37F7E090EEE4
1535	252 814 74
1536	-1321 111 19
1537	3B7B5BA8-BD13-11ED-8E1E-6C6A77E3CEAB
1538	B8D7292F-E2DC-9475-99AF-70F0CC3F3239
1539	7DDD2331-EEBD-11ED-8E26-6C6A77E3CEAB
1540	A277FA40-1CC1-070E-98C9-6FEE96FECE68
1541	wires_hanging_ceiling_extension_cord_02
1542	-1025 336 62
1543	0 209.691 0
1544	1186 188 20
1545	scriptable_veh9_civ_lnd_suv_1996
1546	-1586 -398 10
1547	5F72F704-79C9-11EE-8E40-6C6A77E3CEAB
1548	1195 259 16
1549	-1543.03 -384.54 18
1550	886 714 18
1551	pf213e42e4602c7108_auto4
1552	7E84D634-B7F9-0ACA-186A-AB259EF33E9E
1553	2C780404-FD6B-43D8-10D4-986423518740
1554	84FBA005-66A1-8E37-2FA5-E2E2D653B914
1555	-774 604 68
1556	98579CD2-6EDE-9D6F-238A-6AB4DA9B1EFB
1557	1223 -847.464 -8
1558	infil_mbravo_luxury_exit_5
1559	7861A673-91CE-11ED-8C21-6C6A77E3CEA8
1560	0D10A9FD-451D-57E4-A1FE-25F560DF79EE
1561	jup_infil_blima_player_grab
1562	6BC4C8DD-773F-11EE-8E40-6C6A77E3CEAB
1563	-1504 -350 16
1564	E6A55F1F-D5F3-0D5A-03C7-C98EF8D3A6B2
1565	jup_infil_blima_rope_crank_left
1566	0F79966E-58A7-11EE-8E3A-6C6A77E3CEAB
1567	-774.836 -826.828 -7
1568	0 180 0
1569	E394F129-DC23-CCA7-186D-AAA43D0F70E9
1570	A7130872-A463-B36E-58C5-C97CF94E10B8
1571	-1579 -344 20
1572	-1176 432 64
1573	mp_koth_spawn_axis_start
1574	-1642 -172 20
1575	AF5A87EA-E336-25FF-1802-36951D4E83F6
1576	AD98D79D-2996-6B17-04E0-E78060831DC5
1577	pf9d35bde428eaa652_auto2108
1578	E218E125-BD12-11ED-8E1E-6C6A77E3CEAB
1579	me_camera_tripod_03
1580	CB908E3D-C955-55ED-4EB0-931A318AB72C
1581	DB3E461F-773E-11EE-8E40-6C6A77E3CEAB
1582	50CF76AA-E9F9-11ED-8E26-6C6A77E3CEAB
1583	0 340 0
1584	01839AE0-8AE3-3230-2493-4018C304793A
1585	pf5ac7566c0c961278_auto2108
1586	mp_tdm_spawn
1587	scriptable_un_office_desk_phone_01
1588	vfx_slaughter_oct_bloody_fountain_stream
1589	infil_mbravo_intro_1
1590	7189A776-F431-11ED-8E26-6C6A77E3CEAB
1591	tag_light_front_right_2
1592	9AFE0188-BD48-11ED-8E1E-6C6A77E3CEAB
1593	FBD886A4-BD12-11ED-8E1E-6C6A77E3CEAB
1594	92F22ACF-E9F9-11ED-8E26-6C6A77E3CEAB
1595	me_sign_office_wf_calendar1
1596	AA18DBF6-DF56-E4AD-F11D-DAD74A1D0618
1597	639BB0A6-E9F5-11ED-8E26-6C6A77E3CEAB
1598	scriptable_sign_emergency_exit_light_01
1599	1136 256 16
1600	-8800 7360 0
1601	1
1602	ee_clock_wall_mounted_modern_dirty_glass
1603	ship_hallway_fuse_box
1604	7636FD21-67D3-D2F4-2EBB-B21DED1F83CB
1605	8D38EC79-1851-438A-362B-69536D0CB497
1606	344.536 798 64
1607	FC1C13EA-464F-5F8D-C76B-657B01ECF866
1608	4DE2C8F8-BD13-11ED-8E1E-6C6A77E3CEAB
1609	-752 -912 -8
1610	light_front_right
1611	1096 208 16
1612	1F352AB3-58A8-11EE-8E3A-6C6A77E3CEAB
1613	pf7fe0d4f3a60dfa1b_auto2108
1614	1171 184 19
1615	1184 288 16
1616	D3A71834-BD12-11ED-8E1E-6C6A77E3CEAB
1617	scriptable_me_electrical_box_street_01
1618	EDB70976-BBAD-059A-F6C3-0194A4D6BF8B
1619	pf58d035b2e4fe3b28_auto2108
1620	694 942 18
1621	EB361402-59C5-142E-8566-722B8E961D87
1622	hardpoint_vis_02
1623	37B36368-86E2-FBFE-3E26-81D2E6EE58D4
1624	847CB322-E9F9-11ED-8E26-6C6A77E3CEAB
1625	vfx/jup/level/mp_jup_slaughterhouse_oct/vfx_slaughter_oct_bloody_drips_land_01
1626	scriptable_construction_doors_metal_b_02_mp_lm
1627	7628810D-F8C8-12F9-3765-615BF70C3BF2
1628	7861313C-91CE-11ED-9750-6C6A77E3CEA8
1629	-1520 -288 16
1630	54AF1594-0BFD-4E71-14E9-275D1F7006B8
1631	E1A94CD7-773F-11EE-8E40-6C6A77E3CEAB
1632	AA7CCC07-264B-4763-8D93-54422EBACF86
1633	1182 402 18
1634	5D461532-773F-11EE-8E40-6C6A77E3CEAB
1635	CD4AD6CB-BD12-11ED-8E1E-6C6A77E3CEAB
1636	-1520 -336 16
1637	base_scripted_anim_slot
1638	9F3200D8-F42F-11ED-8E26-6C6A77E3CEAB
1639	33053649-E9F9-11ED-8E26-6C6A77E3CEAB
1640	A8F38315-C25F-5298-70BC-C264D8503CBC
1641	F3E3CE38-50D7-BA50-6FAB-F8F074DD13B4
1642	6203B0FE-4B07-B7AE-F84C-D795D6BD1814
1643	-1006 -962 13
1644	7764BAA5-F42F-11ED-8E26-6C6A77E3CEAB
1645	-1166 296 62
1646	1222 -830 -6
1647	free_look
1648	scriptable_cardboard_box_small_01
1649	screen
1650	pf20b5ed371167b2b6_auto2108
1651	C97F5AD9-4E99-095A-A541-FFDE4090E598
1652	3EF80D76-4932-7D74-06D5-BB7BBA267867
1653	vfx_slaughter_oct_bloody_truck_stream
1654	1196 758 16
1655	pfd3b6fe8e27cc7ff1_auto4
1656	5DA39030-BD13-11ED-8E1E-6C6A77E3CEAB
1657	1200 64 16
1658	78615853-91CE-11ED-8847-6C6A77E3CEA8
1659	-768 -296 8
1660	C2DEFCA7-F431-11ED-8E26-6C6A77E3CEAB
1661	1219 -832 -6
1662	503AD594-E9F8-11ED-8E26-6C6A77E3CEAB
1663	infil_mbravo_luxury_exit_2
1664	6BC4C8C8-773F-11EE-8E40-6C6A77E3CEAB
1665	0 14.9998 0
1666	692F0632-2106-8D98-A14E-7F663BE313A6
1667	9F13A7EA-F431-11ED-8E26-6C6A77E3CEAB
1668	facial
1669	-1226 -654 26
1670	E989E21A-773E-11EE-8E40-6C6A77E3CEAB
1671	F15E9EAD-559F-9D18-13EC-116A39C1064D
1672	138289DA-09A6-226C-CEAE-0BD1D912ECF6
1673	ik_out_start_left_hand
1674	9E6EBCEA-0DD7-4735-0277-F49E4B31C71A
1675	760BD812-E305-9166-ADB4-9C9F6100A8B3
1676	F1DE799C-EEBC-11ED-8E26-6C6A77E3CEAB
1677	E9ED6C4A-F68A-11ED-8E27-6C6A77E3CEAB
1678	1FA8983E-BD13-11ED-8E1E-6C6A77E3CEAB
1679	1104 216 16
1680	infil_mbravo_swapmeet_exit_3
1681	6515EDAE-6E56-9E75-F464-E800D688C8AA
1682	0 226 0
1683	0 9.99889 0
1684	75CAAAC9-F4F9-11ED-8E26-6C6A77E3CEAB
1685	mp_tdm_spawn_axis_start
1686	E26EA239-1215-5ECD-E55F-8E152B11E00F
1687	2ECEFBC4-F431-11ED-8E26-6C6A77E3CEAB
1688	CF4C646C-5E01-885F-A244-37F2F1217329
1689	A88E0C65-359F-0B9C-8508-CFFD20FBCA44
1690	0CDBC5ED-BB9F-8A11-282C-12746C5CA505
1691	-1160 312 64
1692	0 69.9997 0
1693	13DDB41B-773E-11EE-8E40-6C6A77E3CEAB
1694	9E189B6E-B83E-B03F-0177-81FBF38F232C
1695	DA2CA845-D017-588C-5E53-557BED01D761
1696	F5704722-BD12-11ED-8E1E-6C6A77E3CEAB
1697	E825AD04-BD12-11ED-8E1E-6C6A77E3CEAB
1698	pf4c2ccea73176d3b0_auto2108
1699	-1586 -462 10
1700	98F858AC-9F5E-3619-B944-ABB537AEF26B
1701	DB3E462A-773E-11EE-8E40-6C6A77E3CEAB
1702	scriptable_ee_book_office_folder_pile_01
1703	-1643.99 -314.006 16
1704	A13A259B-CAB3-CDEB-15CC-4FD83FE42563
1705	48AA85A2-F491-F01B-3A7E-E7550100AD9C
1706	-1649.99 -406.006 16
1707	1226 -432 -7
1708	-1504 -150 16
1709	1D4EF0DE-F4F9-11ED-8E26-6C6A77E3CEAB
1710	0C8C3B71-773E-11EE-8E40-6C6A77E3CEAB
1711	4F07838D-773F-11EE-8E40-6C6A77E3CEAB
1712	1136 328 16
1713	1560AED5-19B8-168B-60D1-8464DD286761
1714	16EADC54-E902-E24E-CEA8-04666C97379E
1715	-962 -74 10
1716	0 124 0
1717	2ECEFBB7-F431-11ED-8E26-6C6A77E3CEAB
1718	scriptable_uk_electrical_box_medium_01
1719	F94E4F9E-4534-9E43-1D50-26137C4943D8
1720	0 23.9997 0
1721	tag_windshield_front_pristine
1722	C1DDEFF7-084C-99B8-916C-743C4C171633
1723	ee_construction_tool_box_metal_01
1724	CD4AD6DA-BD12-11ED-8E1E-6C6A77E3CEAB
1725	0 329.999 0
1726	1183 522 16
1727	0 268.191 0
1728	3481CD1F-BD13-11ED-8E1E-6C6A77E3CEAB
1729	7321776C-773F-11EE-8E40-6C6A77E3CEAB
1730	0 188 0
1731	infil_mbravo_alt_exit_5
1732	-776 600 64
1733	-584 388 68
1734	38E5063E-60E3-F50E-24E6-4C4816971200
1735	0 72 0
1736	BC2DD788-773F-11EE-8E40-6C6A77E3CEAB
1737	-1592 -336 24
1738	infil_blima_2
1739	scriptable_construction_mobile_air_compressor_01
1740	1168 192 16
1741	black::veh9_civ_lnd_suv_2020
1742	D52E009D-1D69-DEC7-868D-2393053A1475
1743	0 281.6 0
1744	5F72F6FE-79C9-11EE-8E40-6C6A77E3CEAB
1745	3FB88BF0-136C-70F1-4074-F9D4E64DDAAB
1746	scriptable_barrier_traffic_concrete_block_01
1747	7861A66C-91CE-11ED-8A74-6C6A77E3CEA8
1748	1160 320 16
1749	-1579 -222 20
1750	pfa4cac2238a1af209_auto2108
1751	352 680 64
1752	-1378 -654 26
1753	A25D5E6B-B17B-30EA-860B-F55E114EC6F2
1754	infil_mbravo_intro_6
1755	0 0 0
1756	decor_blacksmith_tool_tongs_l_01
1757	0FB34CAA-58A8-11EE-8E3A-6C6A77E3CEAB
1758	1199.46 522 16
1759	pfd2f51c5d5c70311c_auto2108
1760	B49252A3-BD12-11ED-8E1E-6C6A77E3CEAB
1761	vfx_slaughter_oct_bloody_drops02
1762	jup_infil_blima_rope_fall_right
1763	scriptable_toy_plastic_hawaiian_doll_red
1764	scriptable_cinderblock_wall_topper_01_16
1765	50FC1AEA-0C6A-BEB9-9EE1-60C62B6B64AD
1766	7861586D-91CE-11ED-BD76-6C6A77E3CEA8
1767	0 165 0
1768	13DDB41E-773E-11EE-8E40-6C6A77E3CEAB
1769	5E4DF589-E9FC-11ED-8E26-6C6A77E3CEAB
1770	0CAE1078-BD13-11ED-8E1E-6C6A77E3CEAB
1771	pff22145994171a1f2_auto2108
1772	109B7679-BFDB-2AA9-D699-145C07F12694
1773	0E49844D-7740-11EE-8E40-6C6A77E3CEAB
1774	3C5E48F6-2C54-8CB5-CA02-267018C3AAA9
1775	9D4E0443-773F-11EE-8E40-6C6A77E3CEAB
1776	63E327F1-3D81-25A7-2D6D-61D4925A76E0
1777	6F9FD7EF-BD13-11ED-8E1E-6C6A77E3CEAB
1778	jump_down_136
1779	-1234.13 -648.969 24
1780	64D48A23-8B2C-5E25-CC87-1857006A37A4
1781	174DF2F8-6D23-4C60-15F8-71006CF2D29F
1782	E718A78A-9696-721B-2967-3C4E9E76D912
1783	scriptable_uk_bottle_oil_med_03_blue
1784	5DDD8871-F431-11ED-8E26-6C6A77E3CEAB
1785	759486CE-EEBD-11ED-8E26-6C6A77E3CEAB
1786	-1183.68 493.569 68
1787	-1576.01 -245.994 16
1788	scriptable_equipment_satellite_dish_01_sml
1789	0 215 0
1790	2EF26763-9F13-F296-E87E-75D0353DFEBD
1791	9909F461-E9F9-11ED-8E26-6C6A77E3CEAB
1792	pf127c2fc00264e514_auto2108
1793	4F916190-F4F9-11ED-8E26-6C6A77E3CEAB
1794	80301332-665B-E69D-B871-304D0AF2D3F6
1795	86D95D4F-5DA4-1277-6EEF-12A978F9B817
1796	C44FF503-8E17-DB23-7409-DAED53FD0A13
1797	7493F823-3E2D-84F0-E27C-A598BAC7E483
1798	160FC461-E9F5-11ED-8E26-6C6A77E3CEAB
1799	c2
1800	EC66E852-E9FB-11ED-8E26-6C6A77E3CEAB
1801	pff5c243bb57ab411d_auto2108
1802	1198 759.464 16
1803	pfb6b0e616da352ae7_auto2108
1804	528 768 16
1805	-1504 -158 16
1806	pf72c446b2d03ed662_auto2108
1807	wheel_center_front_left
1808	-357 -79 62
1809	1176 272 16
1810	F039257E-6318-09D4-52B3-171A4CF5261B
1811	6701A376-D891-4F31-24E2-4FCBF2A2D9FD
1812	mp_ctf_spawn_allies_start
1813	pf1d8d1e60678ad100_auto2108
1814	-1320 112 20
1815	0C8CE8C9-E9FC-11ED-8E26-6C6A77E3CEAB
1816	5F72F6E6-79C9-11EE-8E40-6C6A77E3CEAB
1817	ik_out_end_left_hand
1818	ACBDBC3A-6F1C-8A3A-5E0B-D489A6AF921F
1819	-1580 -358 16
1820	-1572 -246 20
1821	3
1822	EB6F60AE-1B68-2D86-8577-E01B0014BEBD
1823	78617F63-91CE-11ED-85B4-6C6A77E3CEA8
1824	2C79869B-E9F6-11ED-8E26-6C6A77E3CEAB
1825	1184 40 16
1826	38A9C380-50ED-5031-BED4-86A35B514618
1827	-1504 -222 16
1828	pf2bc50f7333ad3cd3_auto2108
1829	78617F60-91CE-11ED-B961-6C6A77E3CEA8
1830	-1304.13 -662.969 16
1831	4DE2C90A-BD13-11ED-8E1E-6C6A77E3CEAB
1832	hardpoint_vis_04
1833	F4508AF7-9479-6B4A-F573-CEEEA64601F5
1834	C1E14540-BD12-11ED-8E1E-6C6A77E3CEAB
1835	1593B403-03EE-EF77-E5AD-909E634401E3
1836	pf3d921f8edbdf2c5b_auto2108
1837	-1310 108 22
1838	mp_tdm_spawn_allies_start
1839	744AA0E2-6D13-11EE-8E3F-6C6A77E3CEAB
1840	prefabs/createfx/mp_jup_slaughterhouse_oct_cfx.map
1841	458EBC00-DCC3-1F35-5D01-9FAA6F9D65B3
1842	-1117.04 -955.864 15
1843	BBD875E6-BD12-11ED-8E1E-6C6A77E3CEAB
1844	light_front_left_2
1845	43E6E73D-E9F9-11ED-8E26-6C6A77E3CEAB
1846	6B678EA9-19F8-1A0D-BB79-BE55B8BF981B
1847	6F24530B-77E4-C996-CEA6-8A75A8633316
1848	352E93F5-677B-8A5E-AD54-2C29D62A282C
1849	infil_mbravo_alt_intro_1
1850	show
1851	7307D1B9-2652-FC17-C515-CD0CF448ABE4
1852	0 156.698 0
1853	7D04256F-7487-0789-7ED8-6C23D3FEC71F
1854	4C47852A-58A7-11EE-8E3A-6C6A77E3CEAB
1855	579430C2-474D-1823-940C-06B030EEBD3A
1856	1192 514 8
1857	wheel_tire_rim_01
1858	CF37C089-EEBC-11ED-8E26-6C6A77E3CEAB
1859	oil_drum_big_01_blue
1860	-1584 -350 16
1861	traversal_door
1862	1E4D41BB-EEBE-11ED-8E26-6C6A77E3CEAB
1863	3EE6CC4E-F431-11ED-8E26-6C6A77E3CEAB
1864	0DB04F87-E31D-A1C6-BF15-5DCD3A6F48D6
1865	B1BE4E0B-CC1B-70B3-EC4E-8ECFDCA89A7C
1866	on_nolight
1867	tag_light_front_left
1868	A30B2DA2-3B47-7F1F-773E-5D1DBEBEDF0D
1869	5883A8C0-BF77-7871-EB83-40B7100E3585
1870	5C9B5186-773E-11EE-8E40-6C6A77E3CEAB
1871	7DDD232B-EEBD-11ED-8E26-6C6A77E3CEAB
1872	1088 320 16
1873	B803FB61-E748-8294-25D7-B0D88C67A461
1874	-1576 -270 16
1875	pfe2a2791d5951bda1_auto9980862769332880925
1876	exhaust_controller
1877	1174 182 18
1878	-1592 -346 12
1879	0 127.393 0
1880	1188 -66 17
1881	12C6C4A4-3DC2-30B6-879B-B0FB71897336
1882	A79699FB-B507-A359-E4DA-0A1C2C3A9465
1883	2E322FA9-D9EC-8DA2-1135-E69DA7076714
1884	0 210 0
1885	-1239 -651 19
1886	-758 341 62
1887	1088 128 16
1888	mp_ctf_spawn
1889	0 13.9996 0
1890	3B1ED9FD-E9F8-11ED-8E26-6C6A77E3CEAB
1891	D614FFC5-32F2-FDF8-5681-C8BD1BB5F572
1892	infil_mbravo_swapmeet_exit_4
1893	0 225 0
1894	decor_trash_can_plastic_office_01
1895	infil_mbravo_swapmeet_intro_6
1896	0 44.9998 0
1897	4DE2C8FB-BD13-11ED-8E1E-6C6A77E3CEAB
1898	80A12E9C-7ED3-A7BA-B9AD-7159B5C339D5
1899	-1313 -609 19
1900	CD9BE736-E9FA-11ED-8E26-6C6A77E3CEAB
1901	pfcfd1d3306aa415e9_auto2108
1902	1A6E0692-5572-0C2E-DA54-3D442FA9A781
1903	1072 312 16
1904	93B54896-D897-26E0-4E1B-B8F15B73D1EB
1905	160FC44C-E9F5-11ED-8E26-6C6A77E3CEAB
1906	F3BF95E1-A1E5-F3B3-C53F-777DA7E62D9D
1907	rock
1908	E39C9274-4A81-C242-4F71-D9E0812D4F7F
1909	50E0E30E-8930-DB32-625C-4C73D1CBE586
1910	window_back_right_corner
1911	mp_dom_spawn_axis_start
1912	AE45C765-58A7-11EE-8E3A-6C6A77E3CEAB
1913	67139DF7-9939-98FC-5F18-21E85D35714C
1914	-1514 -182 10
1915	5DA3902D-BD13-11ED-8E1E-6C6A77E3CEAB
1916	0 34.9995 0
1917	window_blast
1918	FA940C2B-EEBC-11ED-8E26-6C6A77E3CEAB
1919	-779 606 65
1920	FC77816D-58A7-11EE-8E3A-6C6A77E3CEAB
1921	1174 78 18
1922	me_electrical_box_small_01
1923	1056 136 16
1924	7861A669-91CE-11ED-817C-6C6A77E3CEA8
1925	vfx/jup/level/mp_jup_slaughterhouse_oct/vfx_slaughter_oct_bloody_fountain_splashes
1926	1064 16 16
1927	184 800 64
1928	scriptable_decor_plastic_buckets_01_big_white
1929	-1584 -462 16
1930	C2DEFCB5-F431-11ED-8E26-6C6A77E3CEAB
1931	8C1BF295-BD48-11ED-8E1E-6C6A77E3CEAB
1932	25AFCB56-E9F6-11ED-8E26-6C6A77E3CEAB
1933	7C3F89B2-DC02-40B9-4ABC-65B38274CE0B
1934	-1241.87 -651.031 24
1935	taillight_left_dead
1936	F6A1E077-0D12-1000-E759-37B2563F1304
1937	pff24d7db566bf61a8_auto2108
1938	5706800D-F431-11ED-8E26-6C6A77E3CEAB
1939	c1
1940	904.536 646 16
1941	1056 168 16
1942	exhaust
1943	vfx/jup/level/mp_jup_slaughterhouse_oct/vfx_slaughter_oct_bloody_hydrant_stream
1944	7B08FFCE-E9F6-11ED-8E26-6C6A77E3CEAB
1945	-1587.03 -262.54 18
1946	2851A888-F431-11ED-8E26-6C6A77E3CEAB
1947	3481CD1C-BD13-11ED-8E1E-6C6A77E3CEAB
1948	ik_in_end_left_hand
1949	scriptable_container_gas_tank_01
1950	0 322.7 0
1951	0 89.6951 0
1952	85F0DAAF-BD48-11ED-8E1E-6C6A77E3CEAB
1953	8123DD76-F42F-11ED-8E26-6C6A77E3CEAB
1954	03C5ED37-4D8B-6190-FF28-ADC27CD70474
1955	-1176 490 72
1956	1184 -64 16
1957	-680.994 -918.995 -8
1958	mirror_right
1959	1184 96 16
1960	1192 748 20
1961	3365B6B9-033A-939D-A996-7962AC1BC0C0
1962	com_trafficcone_01
1963	2411C43C-987B-3E9B-58FB-277B98FA7C14
1964	script_ignite
1965	F1DE79A7-EEBC-11ED-8E26-6C6A77E3CEAB
1966	1CC65C6C-E9F5-11ED-8E26-6C6A77E3CEAB
1967	-1184.27 439.264 64
1968	63EB844E-F431-11ED-8E26-6C6A77E3CEAB
1969	713B34D3-6F00-FEC8-8C11-11BBC411141A
1970	1222 -436 -8
1971	pfe4ba3878e399085f_auto2108
1972	vfx_slaughter_oct_bloody_thin_stream
1973	-1117.14 -941.718 16
1974	9250E87E-58A7-11EE-8E3A-6C6A77E3CEAB
1975	44A53187-58A7-11EE-8E3A-6C6A77E3CEAB
1976	braking
1977	-752 -920 -8
1978	scriptable_electrical_flicker_fast
1979	524 798 16
1980	B54629A5-4119-30CB-115B-8C3F100CEB7B
1981	-1559.99 -504.006 16
1982	1168 72 16
1983	-864 416 64
1984	2851A8A9-F431-11ED-8E26-6C6A77E3CEAB
1985	DAA28F0F-BD12-11ED-8E1E-6C6A77E3CEAB
1986	vfx/jup/level/mp_jup_slaughterhouse_oct/vfx_slaughter_oct_bloody_drips_sml
1987	966CC96E-93D4-070F-F79F-F8B50B935730
1988	ik_out_end_right_hand
1989	C650A8EF-A116-0838-4412-6E4853352EDA
1990	8EE3039C-773E-11EE-8E40-6C6A77E3CEAB
1991	scriptable_electrical_street_box_01
1992	mp_arena_spawn_allies_start
1993	67415485-14D9-9032-B5DA-1A465F9FAB2B
1994	78617F61-91CE-11ED-A18C-6C6A77E3CEA8
1995	-1203.87 -401.031 16
1996	01C3444C-E9F8-11ED-8E26-6C6A77E3CEAB
1997	3665382B-BD12-11ED-8E1E-6C6A77E3CEAB
1998	default
1999	end
2000	F9F81EC2-CB25-A772-129D-0A3C266A5BFC
2001	CC88E60D-7F82-6619-8CFA-450B2851B8AE
2002	0 176.694 0
2003	032482E8-B196-42C2-ADF6-A77CBA4ACFC9
2004	1218 -834 -6
2005	C42F4671-773E-11EE-8E40-6C6A77E3CEAB
2006	24E2C7BD-CD0C-1FC1-7E3A-26342A3CB771
2007	1184 152 16
2008	152D86FF-DA12-FB8C-E6D6-35675D82584B
2009	64B598EB-BCF0-37CF-5170-74DA9562089F
2010	1080 -768 0
2011	0832BAA3-9570-4E92-5E00-F0D573B9F523
2012	explode_left_90
2013	9BDB612B-0E7A-8CA3-4CCC-916C01E8F13E
2014	-1584 -222 16
2015	A60819B2-BD12-11ED-8E1E-6C6A77E3CEAB
2016	-960 -76 12
2017	B7230CF5-2804-1443-B158-EDFB8D16CFD6
2018	096C5958-58A8-11EE-8E3A-6C6A77E3CEAB
2019	ws_raise
2020	fingers_in_end_right_hand
2021	df_blima_interior
2022	0 67.1953 0
2023	9909F46F-E9F9-11ED-8E26-6C6A77E3CEAB
2024	676 942 16
2025	1186 720 20
2026	-774 606 66
2027	7861313E-91CE-11ED-A8F0-6C6A77E3CEA8
2028	no_process
2029	-8608 7360 0
2030	9F3200DB-F42F-11ED-8E26-6C6A77E3CEAB
2031	F80F6525-34CE-0EAC-7DBD-5FCE1D4164FC
2032	98948F5C-A6A3-96A4-3169-A2FC597D81D1
2033	610BABB5-7DC3-9D84-16A5-991826952518
2034	FD58E15A-6A29-022D-4A7A-4B005ED9A825
2035	36653828-BD12-11ED-8E1E-6C6A77E3CEAB
2036	0 47.9999 0
2037	6848D384
2038	380 806 64
2039	1072 264 16
2040	windshield_back
2041	AD6D81F1-BD12-11ED-8E1E-6C6A77E3CEAB
2042	-8192 7360 0
2043	546EC33C-A862-A938-F4A0-98E89C585433
2044	3E2D8AC0-E9FB-11ED-8E26-6C6A77E3CEAB
2045	1200 -72 13
2046	df_stop
2047	0 300 0
2048	0 218 0
2049	7861A671-91CE-11ED-87F9-6C6A77E3CEA8
2050	6BC4C8EC-773F-11EE-8E40-6C6A77E3CEAB
2051	pf50dbd8da1c7a3bb9_auto2108
2052	pf7304e200329cf26d_auto2108
2053	pf45e7337b9cfe49ce_auto2108
2054	infil_mbravo_swapmeet_intro_4
2055	1F5B2FA1-E9FB-11ED-8E26-6C6A77E3CEAB
2056	pfe2a2791d5951bda1_auto136851712706039306
2057	vfx_slaugher_oct_bloody_rain_cam_ch_lookup
2058	0 19.4979 0
2059	184 808 64
2060	CE991F48-F42F-11ED-8E26-6C6A77E3CEAB
2061	F8CB8A7E-58A6-11EE-8E3A-6C6A77E3CEAB
2062	6A5BCBDF-C556-78DD-29A1-BCC3C8C30884
2063	infil_mbravo_alt_intro_2
2064	1204 760 20
2065	pf9bc9429bd79aa279_auto716
2066	1F352AC7-58A8-11EE-8E3A-6C6A77E3CEAB
2067	1220 -832 -8
2068	F329E970-E91D-D52E-C956-C00FE55DA2C3
2069	1190 279 14
2070	6F0C8710-17B0-7312-F749-869232FEF889
2071	red::veh9_civ_lnd_suv_1996
2072	1198 -70 18
2073	BAB60648-F431-11ED-8E26-6C6A77E3CEAB
2074	10194C2F-447C-5F5C-6F11-15D1A9103EB3
2075	scriptable_container_electrical_box_01_small
2076	BAB60653-F431-11ED-8E26-6C6A77E3CEAB
2077	E087F0C4-58A7-11EE-8E3A-6C6A77E3CEAB
2078	wheel_center_back_right
2079	2DB1D430-34BD-4A18-41BE-2FFB06D5E465
2080	pfb4fffac7cfe90557_auto2108
2081	-1634 -318 26
2082	pfe25de6cbe3ac83df_auto2108
2083	48BDA54E-773F-11EE-8E40-6C6A77E3CEAB
2084	011F10A7-C4EA-1921-0565-FB7E987FCAEF
2085	-777.164 -821.172 -8
2086	BD83E767-525B-2532-F38E-56529D772B4E
2087	29D616ED-7153-471B-C4BC-78EEF49B20DA
2088	3DC2E97D-CCDB-11ED-8E22-6C6A77E3CEAB
2089	-1652 -633 19
2090	scriptable_chair_folding_folded
2091	F54CE602-108E-E473-FC67-F0A787F4D0F5
2092	92F22AC1-E9F9-11ED-8E26-6C6A77E3CEAB
2093	0 70.9998 0
2094	pf51c9166b411a731e_auto4
2095	90AD02F7-B30C-22BD-D032-0343E7A074F2
2096	0 355.799 0
2097	-760.01 333.53 64
2098	51BE71AA-E17B-6623-16EC-C74B02D088E7
2099	-719 -888 -6
2100	jup_infil_shared_movement_pre
2101	06B94654-3EEB-0A25-2EA9-F6FCF95EE546
2102	C599B669-EDEF-BF2C-C61B-269828FC02B8
2103	jump_down_40
2104	jump_down_80
2105	scriptable_electronics_control_panel_box_med_02
2106	E14FA574-4D9C-D3EA-3589-0AAE09C30667
2107	85F0DAA4-BD48-11ED-8E1E-6C6A77E3CEAB
2108	1136 192 16
2109	container_gas_tank_01
2110	902 606 18
2111	5AAA3C82-A0AB-220D-F816-8B3EF5256674
2112	pfb6dc6f033e63cd8e_auto2108
2113	infil_mbravo_alt_intro_6
2114	A60819C8-BD12-11ED-8E1E-6C6A77E3CEAB
2115	scriptable_construction_doors_metal_b_02_mp_blue
2116	-856 415 60
2117	44C9E785-2D05-16BC-5A2E-B9195668F09B
2118	6D3F9537-9327-F82A-7D53-F67AE25EDAC9
2119	headlights_dead
2120	61362B2F-C829-11ED-8E21-6C6A77E3CEAB
2121	0 73.2994 0
2122	80B3C283-CB0E-EC59-7FA1-4B2DFE72CFE0
2123	-1160 304 64
2124	0 105 0
2125	47020053-F431-11ED-8E26-6C6A77E3CEAB
2126	scriptable_un_office_computer_monitor_01_169
2127	electrical_conduit_set_electrical_meter_big_03
2128	CD4AD6DD-BD12-11ED-8E1E-6C6A77E3CEAB
2129	1030 -758 -4
2130	explode_right_90
2131	8F5C1DA2-8634-AD57-B9DB-804811C281AD
2132	pfb471ec101f3737c8_auto2108
2133	-1066 -96 20
2134	57068018-F431-11ED-8E26-6C6A77E3CEAB
2135	light_smoke
2136	8A29C7A1-53C6-4C5E-0946-4A54B5CCE54B
2137	CD4AD6B6-BD12-11ED-8E1E-6C6A77E3CEAB
2138	cardboard_box_small_01
2139	33053657-E9F9-11ED-8E26-6C6A77E3CEAB
2140	-1576 -222 16
2141	AD7EF656-F391-69FA-7F2D-C8F4958807A7
2142	64959D21-773E-11EE-8E40-6C6A77E3CEAB
2143	7144FA61-F11C-FFFF-2FAF-C6DCE3030DAF
2144	41FE2BFA-773F-11EE-8E40-6C6A77E3CEAB
2145	E46D21EA-5B40-AEDD-B2CC-CB004A83927F
2146	pf16587bc6b0b6ed5f_auto4
2147	0 60 0
2148	-171 -809 -12
2149	0 59.9999 0
2150	AD6D8203-BD12-11ED-8E1E-6C6A77E3CEAB
2151	pfed0b4565a64f14d0_auto2108
2152	0 228 0
2153	infil_mbravo_swapmeet_intro_5
2154	scriptable_s4_usa_clipboard_w_pencil_01
2155	0 44.9999 0
2156	0 44.9997 0
2157	ED8097B9-71D1-33F2-60A9-2FCFF249580F
2158	1076 -774 -4
2159	-1634 -406 26
2160	6BC4C8DA-773F-11EE-8E40-6C6A77E3CEAB
2161	13DDB43A-773E-11EE-8E40-6C6A77E3CEAB
2162	E512F57F-E499-A17F-A4B3-F4F25219E08E
2163	49951623-E9F8-11ED-8E26-6C6A77E3CEAB
2164	0B18B500-3BEC-A79E-31C9-9C7E82BFD447
2165	F90EA4F9-E9F7-11ED-8E26-6C6A77E3CEAB
2166	6BC4C8EF-773F-11EE-8E40-6C6A77E3CEAB
2167	C910A7A5-52CF-C25D-6CBF-9479580609E8
2168	E14BCEB4-E9F7-11ED-8E26-6C6A77E3CEAB
2169	-1320 96 24
2170	1208 -72 14
2171	1172 206 16
2172	-1666 -120 24
2173	33FB830B-261E-D6CD-0BE1-6BE14F2201B5
2174	mp_control_spawn_defender_start
2175	FF0FEC15-58A6-11EE-8E3A-6C6A77E3CEAB
2176	equipment_satellite_dish_01_sml
2177	A1BABACE-16E2-02CD-31C3-B216085BD881
2178	-1598 -382 22
2179	1187 142 19
2180	scriptable_bucket_rusted_empty_01
2181	A79364A8-1429-90A3-404D-6ED3F8F98D78
2182	4A2AD50C-691C-C8DA-9E37-0F6B3CD3EED0
2183	0FB34C91-58A8-11EE-8E3A-6C6A77E3CEAB
2184	7861585B-91CE-11ED-B343-6C6A77E3CEA8
2185	CB70CD40-C65B-0B19-21A3-0EC36159C186
2186	-511 480 66
2187	mp_rugby_spawn_axis_start
2188	mp_koth_spawn_allies_start
2189	E9069FA9-E28B-64DF-B323-03EE0CDBF6F6
2190	A0B31DF4-A1B0-B5C7-79A7-7AAE38020C9A
2191	210937A1-E9FC-11ED-8E26-6C6A77E3CEAB
2192	-1088 498 72
2193	5C2837F5-E9F6-11ED-8E26-6C6A77E3CEAB
2194	02B28C89-64AF-525F-4F1B-2C3648611C1F
2195	78615851-91CE-11ED-B0B3-6C6A77E3CEA8
2196	1136 80 16
2197	frozen
2198	infil_mbravo_swapmeet_exit_5
2199	0 220 0
2200	D7111033-CC9C-2034-3E9C-3E956C080275
2201	94E64D5F-5B36-BE79-49F4-04FB3168735F
