   1	ECEE3F80-B7D2-29E2-EB05-3C94D4E5B356
   2	-760 -2728 10
   3	DF7327CF-B0ED-11EE-AEFD-B0A460E76980
   4	8863D075-F284-B23F-DBB1-D938D2CFEB06
   5	ADDD27B8-1794-11EE-B8F0-68545AAE1653
   6	05594658-6166-11EE-AC4B-68545AAE1653
   7	-1487.25 1731.5 24
   8	-764 -2318 8
   9	-584 -2720 10
  10	-1024 1377.75 10
  11	22B809C6-DB47-11EE-AF05-FC3497283F54
  12	69986451-0A84-11EF-95B4-68545AD2D871
  13	197414A1-118E-8920-D2E9-B89F1768D7A8
  14	60750B82-6D3E-11EE-AC5B-68545AAE1653
  15	9F001268-5F39-7BB0-7DD7-3BFEA503050C
  16	-1024 -2512 8
  17	-544.75 -709.75 24
  18	6671816F-E008-8CE9-8E5B-3DCDD8452E99
  19	DEBA26A8-0461-8758-C797-4BBCEAF21E17
  20	08241451-0103-11EF-AF11-FC3497283F54
  21	A01E69C6-00F4-11EF-AF11-FC3497283F54
  22	CCCCD73E-00ED-11EF-AF10-FC3497283F54
  23	1EDCE0FA-0103-11EF-AF11-FC3497283F54
  24	-264 2568 -48
  25	40 2536 -48
  26	56 -1112 48
  27	-856 1544 16
  28	6C1F8717-DB62-11EE-AF05-FC3497283F54
  29	B9EEC582-DB48-11EE-AF05-FC3497283F54
  30	DD9F9DFD-DB5F-11EE-AF05-FC3497283F54
  31	8266CFFB-94C5-40E3-B556-81A17D097111
  32	-1315.75 698.5 24
  33	9BF96D5A-00F0-11EF-AF10-FC3497283F54
  34	F192D739-DB48-11EE-AF05-FC3497283F54
  35	scriptable_dem_vase_08
  36	-608 1832 8
  37	5DDF7595-9688-0A5E-0C3E-EE131B9F9710
  38	C7A14FE4-FB6F-11EE-AF09-FC3497283F54
  39	AE04A873-DB46-11EE-AF05-FC3497283F54
  40	-631.75 2365 15.8404
  41	full
  42	0 120 0
  43	24BBC64A-995E-11EE-AC46-0CDD24150E54
  44	ee_food_bar_cutting_board_01
  45	984 -1816 16
  46	-1101.5 1818.25 16
  47	01B0081E-0103-11EF-AF11-FC3497283F54
  48	-728 -2184 10
  49	-736 2344 10
  50	52.1423 -1116.64 48
  51	-413 -2440 16
  52	0 285 0
  53	56 -2312 16
  54	8D084BB0-DB5F-11EE-AF05-FC3497283F54
  55	-752 2416 10
  56	-176 2568 -48
  57	pfe26aa071ca1f0736_auto2108
  58	0F51B5B8-0103-11EF-AF11-FC3497283F54
  59	6E4719FE-FB73-11EE-AF09-FC3497283F54
  60	invisible
  61	CCCCD76D-00ED-11EF-AF10-FC3497283F54
  62	168 -1832 16
  63	A3419BE0-C5C8-7C40-07D2-D393E50C2BCE
  64	B37DDF5E-0A95-11EF-95B4-68545AD2D871
  65	-728 2480 10
  66	vfx/jup/level/mp_jup_elevated/vfx_elevated_train_01
  67	6F77C741-BBB3-79FE-780C-86E785F4E846
  68	-607 1814.75 16
  69	-280 -1768 16
  70	6399C4B6-103A-BFB6-91B4-CB1401371CEB
  71	505E0C09-DD57-E0F9-C8BE-658EC892A276
  72	-1349.07 -2021.07 16
  73	84078DDE-DFE7-7370-BD13-57B27C2DEF41
  74	vfx/jup/level/mp_jup_elevated/vfx_elevated_fluorescent_lensflare_pink_small
  75	216 1888 10
  76	8CBDA5C2-FB72-11EE-AF09-FC3497283F54
  77	914.528 -1106.32 48
  78	A85C9F57-7120-34AD-17F1-396D95190949
  79	-1513.5 -2203.75 16
  80	79BB1AA6-1C86-B1D7-F751-D967450A3CEF
  81	0 89.9997 0
  82	scriptable_base_book_group_03a_new
  83	14429FC5-1036-7D02-6186-B543EF642464
  84	6C38B1F4-6165-11EE-AC4B-68545AAE1653
  85	F3BC1FC0-0102-11EF-AF11-FC3497283F54
  86	vfx_elevated_fluorescent_lensflare_05
  87	1059.32 -1824 16
  88	28CFB8A2-0274-0DCA-663E-833C2017D225
  89	-968 -2584 16
  90	mp_dd_spawn_attacker_start
  91	CD2CF110-DB61-11EE-AF05-FC3497283F54
  92	-1107.75 1874 16
  93	93307916-DB5F-11EE-AF05-FC3497283F54
  94	A42D1BC3-2322-B611-F80E-4BA10764230A
  95	-672 -2584 10
  96	D2EAEF8C-3299-387E-D93C-E41DD66837F0
  97	ACB24FF7-0A92-11EF-95B4-68545AD2D871
  98	pf17022f3d7e68d1e5_auto2108
  99	mp_dd_spawn_defender_b
 100	32AE5C5B-6166-11EE-AC4B-68545AAE1653
 101	1E923146-0A92-11EF-95B4-68545AD2D871
 102	629BC5A7-E705-ABB2-1B02-8EFF2EE33BC7
 103	557B577A-00F4-11EF-AF11-FC3497283F54
 104	pfe55a53539445f2aa_auto2108
 105	B1ED573F-271E-FB65-18B4-5B77F3F83530
 106	A0E87E03-BE84-1590-F13B-312C89BC1C87
 107	-1512 1560 16
 108	549E4F83-AAC9-BC95-0048-0603620884E6
 109	570C3200-6166-11EE-AC4B-68545AAE1653
 110	mp_control_spawn_attacker
 111	-360 2576 -48
 112	EBBDC172-6728-3B2C-2F3F-1359ACF5D4CC
 113	-1497 -1513.75 24
 114	pf4297d6f179166642_auto12652760924337919636
 115	38E14621-D5A4-0461-35D1-B4A5A6D06DA7
 116	62528C53-2D03-E17B-7A5A-1EFDCEA6BFB4
 117	-334.75 -1722.75 16
 118	-1035.31 -2736 8
 119	-1528 2096 16
 120	6F996603-0105-11EF-AF11-FC3497283F54
 121	0D67D5CF-0A90-11EF-95B4-68545AD2D871
 122	-653 2360 15.7011
 123	-816 2408 10
 124	4EAD1A9A-B00E-DA52-6348-69399F70929D
 125	0 90 0
 126	-396.924 2044.51 16
 127	FCF5187D-DB52-11EE-AF05-FC3497283F54
 128	ED203B58-C06A-62C6-B815-8645598522F9
 129	pf41ac81c7937510fe_auto2108
 130	vfx/jup/level/mp_jup_elevated/vfx_elevated_soup_steam
 131	A3404E94-DB4E-11EE-AF05-FC3497283F54
 132	B3BC6A92-4CD9-2E49-2DA0-72F4C51E2759
 133	mp_dd_spawn_attacker_b
 134	0 45 0
 135	19E54C1B-D1DD-EA75-60C7-97F4FE2D8818
 136	4C19C175-E1BF-39C0-2AB8-92BB71CD2530
 137	mp_dom_spawn_secondary
 138	570C31E4-6166-11EE-AC4B-68545AAE1653
 139	-1352 -2032 16
 140	192 -2296 16
 141	087A5F69-4466-398C-F075-9ECA7DF90FCC
 142	5D4D4F8C-FB03-1154-9230-140B8FB21CFB
 143	vfx/jup/level/mp_jup_elevated/vfx_elevated_leaves_falling_green
 144	-1496 -1984 16
 145	DC2D9737-95A1-56E2-017C-382152A25073
 146	D0729C06-141A-3841-D1F7-07595A3D3655
 147	0B7C3711-03BB-D837-1E12-A743DA8ED8E3
 148	D00098D3-0A93-11EF-95B4-68545AD2D871
 149	1E2B1622-FF19-435A-051A-36CE23DA4B20
 150	371E7FAE-FB72-11EE-AF09-FC3497283F54
 151	-616 -2664 10
 152	-424 -728 16
 153	E408DB88-FB74-11EE-AF09-FC3497283F54
 154	vfx_elevated_fluorescent_lensflare_02
 155	-1464 1688 16
 156	FE2D5E84-0A8F-11EF-95B4-68545AD2D871
 157	tag_off
 158	un_office_computer_monitor_02
 159	-680 -2656 10
 160	1043.31 -1811.41 16
 161	auto_mp_jup_elevated_cfx.map
 162	-1104 1876.68 16
 163	BAB11DD4-DB61-11EE-AF05-FC3497283F54
 164	11B69302-200E-3F5E-1FD4-8A1F52908467
 165	ADDCD974-1794-11EE-A9C8-68545AAE1653
 166	0FB3BE9B-DB47-11EE-AF05-FC3497283F54
 167	BD997A2B-6165-11EE-AC4B-68545AAE1653
 168	423269D9-14C7-1372-7A90-95BE30EFB1C5
 169	0FC24152-FB72-11EE-AF09-FC3497283F54
 170	closed
 171	pf444157e48089abaa_3
 172	B1843080-D21C-8F62-BF95-1BD68CEA8BB8
 173	C08059E3-7FD7-CCD9-FA97-8E8549A0EEE0
 174	093C15C2-7262-DA67-A160-7B15B9410A03
 175	51EFDD58-0A92-11EF-95B4-68545AD2D871
 176	DDEC4F66-FB6F-11EE-AF09-FC3497283F54
 177	66F5C3EB-6176-11EE-AC4B-68545AAE1653
 178	DFABD9BE-DB50-11EE-AF05-FC3497283F54
 179	ADDCD990-1794-11EE-9738-68545AAE1653
 180	me_kitchen_coffee_bag_04
 181	F8BBA250-6165-11EE-AC4B-68545AAE1653
 182	F8740728-AC9E-1876-079A-F05C9E408C64
 183	transmissive::me_light_ceiling_fluorescent_tube_on_static
 184	-1392 -64 16
 185	0A794E9E-4470-93FC-DF6A-4B40FB7AF250
 186	2FCA480C-4607-0B61-A47B-EC41047AC22A
 187	D5E255F9-2079-DF2A-1A06-1518A19AE44F
 188	19E41052-0A95-11EF-95B4-68545AD2D871
 189	ADDD27B0-1794-11EE-902D-68545AAE1653
 190	8769398C-EB6A-20D8-1213-BE333B18083F
 191	mp_dm_spawn_start
 192	0 95.7797 0
 193	0D9EB5E2-0292-80F0-3C51-D4C2C283D688
 194	69986438-0A84-11EF-95B4-68545AD2D871
 195	-1487.5 1843 24
 196	1812BFFC-B790-1963-2590-A171282BF011
 197	scriptable_cp_disco_bus_bench
 198	570C31EA-6166-11EE-AC4B-68545AAE1653
 199	-760 -2976 10
 200	vfx/jup/level/mp_jup_elevated/vfx_elevated_floor_vent_steam
 201	85ACA7AC-00F0-11EF-AF10-FC3497283F54
 202	A269DD69-E73D-635F-B2AB-14800F01E068
 203	mp_dom_spawn_allies_start
 204	-960 2256 16
 205	-388 2546 -48
 206	-696 -2648 10
 207	bink4
 208	52716933-0103-11EF-AF11-FC3497283F54
 209	765.677 -2008.47 24
 210	scriptable_kitchen_appliance_toaster_02
 211	japanese_manga_book_01::base_book_04a_new
 212	203.305 1779.79 16
 213	F23A12A0-8F30-D0F7-869E-6AB66CDAC35F
 214	3D5AC001-995E-11EE-AC46-0CDD24150E54
 215	scriptable_decor_festival_pinata_01
 216	F3D7D2EB-9448-821E-DDF0-1D60006D65DD
 217	japanese_manga_books_01::base_book_stack_04a_new
 218	1FF5D816-A3FF-7E55-FB44-E5F4C58D0B09
 219	-984 2344 16
 220	125.41 1416.34 48
 221	3BA9A840-DB60-11EE-AF05-FC3497283F54
 222	64 -2288 16
 223	-936 2352 16
 224	5AFCF10E-5EA6-B0C4-BFCF-31D88F711810
 225	vfx/jup/level/mp_jup_elevated/vfx_elevated_leaves_falling_green_02
 226	-1016 2248 16
 227	F84F35BD-5CB2-0067-75C6-D477CFC35606
 228	scriptable_scriptable_lm_door_glass_metal_frame_l_brkn_mp
 229	BE384D0B-52F5-1EF4-34D6-BCE19FF2C45D
 230	CA1E3670-3D79-11EF-95D1-68545A904D17
 231	0404A2F6-34DE-E067-E8C7-E69C2055AC5E
 232	-728 2336 10
 233	-120 -1328 48
 234	-752 1448 10
 235	F289AD03-33FC-11EF-AF1C-B0A460E7697D
 236	-256 288 16
 237	631C4639-00F4-11EF-AF11-FC3497283F54
 238	AF7FB076-F555-08EB-A4EC-1266FC36D170
 239	-656 2464 15.5804
 240	62 1886 8
 241	-1510 -1690 24
 242	vfx_elevated_light_shafts_sm
 243	8D534D78-5968-2BCF-8020-2199F50AF5CF
 244	BB57DC22-2540-DB8B-2BD9-36ED62743C49
 245	-832 -2816 10
 246	play_sfx_4
 247	5
 248	B9EEC58D-DB48-11EE-AF05-FC3497283F54
 249	795.25 -2008.5 16
 250	6E77263A-C0AE-8129-CB3B-236A86A6E539
 251	30A12261-019C-11EF-AF11-FC3497283F54
 252	E4AD8701-D10F-B322-8C58-E4922C4012D9
 253	-824 2416 10
 254	vfx/jup/level/mp_jup_elevated/vfx_elevated_fluorescent_lensflare_04
 255	310237F6-EBE6-5DE5-8FA9-20E04F0B51C6
 256	B8136F7D-FB75-11EE-AF09-FC3497283F54
 257	4EFB8A19-D0C5-46DE-52B5-3057B9BE4F4A
 258	2F1AE22C-2A2A-D213-A57A-8FDEB472BFAB
 259	384 -1768 16
 260	14DF6808-0A90-11EF-95B4-68545AD2D871
 261	-56 -1328 48
 262	99DC895D-989E-FA24-FC0A-89C6C2067404
 263	400 -2304 16
 264	0 289.479 0
 265	525260F2-A9D1-B305-BA19-0A56116223C9
 266	26330C7B-D825-B06E-2AA4-73FF44D8FD96
 267	scriptable_base_book_group_01a_new
 268	D9651B14-B465-DFE3-3A6A-86A9D79C6AB7
 269	E3EC71E3-3794-03E4-E7E6-30568AA15566
 270	02B3110B-E162-5E4F-4805-19F258D63085
 271	413B2109-00F0-11EF-AF10-FC3497283F54
 272	-608 -2648 10
 273	7103B0BB-0103-11EF-AF11-FC3497283F54
 274	01A43265-019C-11EF-AF11-FC3497283F54
 275	5CB43917-5456-A98D-DC72-D36F6AF0A9F7
 276	-1350 -2022 24
 277	279B2410-DB62-11EE-AF05-FC3497283F54
 278	-800 2760 10
 279	D8E26DEC-02A7-A00D-1C4D-6FA71C695C26
 280	F1CD73B8-C37E-3C9D-4A2D-4EB93BDACAEF
 281	jup_electronics_cash_register_01
 282	DAFB11A3-0A91-11EF-95B4-68545AD2D871
 283	72F7F866-87C1-F238-8A6F-3A2B6A4D4BB2
 284	27E35ADB-411E-8BFA-B349-57FD98F4F7A6
 285	AC84EBB8-A330-6886-FEA0-98E6F3E9819E
 286	A0CE6AFB-3278-6E2F-C984-50D3DACABA89
 287	1E2B3E94-FB72-11EE-AF09-FC3497283F54
 288	-776 -2656 10
 289	-1152 2832 16
 290	scriptable_me_kitchen_coffee_bag_04
 291	3A9898D1-83F0-7CAA-C884-5C61EF4706EC
 292	B8136F7A-FB75-11EE-AF09-FC3497283F54
 293	-56 -1832 16
 294	9392C0A5-00F4-11EF-AF11-FC3497283F54
 295	75CA6606-0A94-11EF-95B4-68545AD2D871
 296	B5165FA5-FF3E-BF40-0B95-63636F5ED62E
 297	B3B7BD16-B70D-D109-3BF0-93F1C1D81A86
 298	C1EE821C-B6F1-084D-ABA6-78598E67E838
 299	-192.5 2607 -40
 300	vfx_elevated_fluorescent_lensflare_pink_large
 301	-552 -2728 10
 302	48A15082-21B1-1028-9673-0C538C904D7C
 303	32AE5C5E-6166-11EE-AC4B-68545AAE1653
 304	60C4D6A9-28C3-363A-B972-BDF265572050
 305	9E54BDBB-DB61-11EE-AF05-FC3497283F54
 306	tag_bink1
 307	scriptable_base_book_group_03a
 308	798C4490-5ADD-7409-D949-26A279DA0750
 309	-760 -2712 10
 310	0 107 0
 311	28AB59E6-752C-EDC3-E15D-0D037C72FB29
 312	-314 -1772.25 24
 313	FFEB29A5-7FA5-C48E-53EF-3E53E1658A8F
 314	-816 1176 10
 315	base_book_06a_new
 316	65349746-35E0-E798-AD1B-78B6E28D7A80
 317	279B240D-DB62-11EE-AF05-FC3497283F54
 318	4B3E4CCF-F517-60A6-E02F-8F97BA09D568
 319	9272D258-0A84-11EF-95B4-68545AD2D871
 320	BB596D83-F41B-E2DF-311C-0FE9FE822E45
 321	decor_festival_pinata_01
 322	4FBFF5F3-9565-1E41-F82D-3649624BCEC1
 323	47923E6E-0A8F-11EF-95B4-68545AD2D871
 324	CBBD13B7-DB55-11EE-AF05-FC3497283F54
 325	DC1F6252-847A-38FA-C4A8-BF5AB6125184
 326	5631E410-1AF7-BC93-B886-E4C54CC86B9E
 327	FE9AFCEB-4B88-94B5-00CF-E40598A46F9A
 328	-1495.75 -1610.5 24
 329	-500.924 1948.51 16
 330	-1536 1648 16
 331	-384 -2576 16
 332	-736 1456 10
 333	-792 2480 10
 334	-720 2344 10
 335	AE0038F2-DB56-11EE-AF05-FC3497283F54
 336	8F6F231E-78F9-B556-5CE9-643BB281C725
 337	7A0D48B7-61AA-11EE-AC4B-68545AAE1653
 338	ADDD4EA1-1794-11EE-AA56-68545AAE1653
 339	9ECAAFD6-7F06-AC91-D5D0-86D164FC44C0
 340	D6F28F4C-4828-4A0F-546E-4B745B0B6578
 341	2681881D-0103-11EF-AF11-FC3497283F54
 342	5933B097-FB71-11EE-AF09-FC3497283F54
 343	003BD5C9-54FA-CADC-0F72-D04B14D957B0
 344	-960 -2592 16
 345	0 15 0
 346	-768 -2648 10
 347	1742B329-338A-3455-5058-DD961EC1E11D
 348	CCCCD770-00ED-11EF-AF10-FC3497283F54
 349	2FA751B3-891D-B50A-B695-9BB3B973DF4D
 350	658A5CF2-6135-DDE4-45C8-685646530DC2
 351	325D44A6-2B31-8AD9-FEE0-1A6C54C0E6FA
 352	0 345 0
 353	95D695F5-1484-6C88-886B-CC715BADA99F
 354	172F246A-B0ED-11EE-AEFD-B0A460E76980
 355	C9CE7A88-61AB-11EE-AC4B-68545AAE1653
 356	mp_control_spawn_attacker_secondary
 357	30A1225E-019C-11EF-AF11-FC3497283F54
 358	ADDCD98A-1794-11EE-B5E7-68545AAE1653
 359	0 271.064 0
 360	82 1678 8
 361	pf685738fc96ca48e7_auto2108
 362	0 82.9999 0
 363	343A890C-CCDA-67FF-DBF5-0E935C6D5F9E
 364	-749 2424 10
 365	17294F0C-0C8B-E578-DBC7-9C049083529B
 366	-627.25 1714.5 16
 367	40A9A516-0A93-11EF-95B4-68545AD2D871
 368	C6128EA4-00ED-11EF-AF10-FC3497283F54
 369	0EA10BF4-B713-EAB5-04F3-D5EBE1EC93B2
 370	pf444157e48089abaa_1
 371	pf4869bed376bd35e4_auto2108
 372	0 15.4628 0
 373	jup_art_pitcher_roman_glass_flower_01
 374	278FF4CE-0A95-11EF-95B4-68545AD2D871
 375	6921DD59-00F4-11EF-AF11-FC3497283F54
 376	pf1c155dff18c51e45_auto2108
 377	DCA06A87-0103-11EF-AF11-FC3497283F54
 378	scriptable_dem_vase_07
 379	0 30.3569 0
 380	-400 2040 16
 381	AE04A865-DB46-11EE-AF05-FC3497283F54
 382	-175.5 1356.25 24.3286
 383	1878CDA7-53EB-7856-735B-C147DFA435F9
 384	809EB7AD-52A0-C5F1-B67C-51D84BBE15AA
 385	35EE3A5D-0A95-11EF-95B4-68545AD2D871
 386	scriptable_door_glass_metal_01_mp_reinforced_glass
 387	-1272 -2032 16
 388	09AB18D5-FB71-11EE-AF09-FC3497283F54
 389	3CFD9315-C0D6-9A40-472D-AEEFC866804B
 390	vfx_elevated_leaves_swirling_green
 391	-992 2352 16
 392	83164259-FB71-11EE-AF09-FC3497283F54
 393	4AC70897-AEBA-5530-C04F-8B9737D0EF4A
 394	E314BE26-31D0-26E5-76CF-A2E2C36E7A2E
 395	960 928 48
 396	-1672 -888 48
 397	windchime_sfx
 398	scriptable_ee_food_fruit_watermelon_02
 399	A07C454C-FF39-B1C5-85BB-4570D1F9B414
 400	1215EC66-255A-B0FF-854A-182BD0BB7DA7
 401	ADDD27A3-1794-11EE-98D8-68545AAE1653
 402	-132 1842 24
 403	-624 -1806 10
 404	602 1196 56
 405	2D17B6E0-995E-11EE-AC46-0CDD24150E54
 406	scriptable_lm_door_glass_metal_frame_r_brkn_mp
 407	mp_dd_spawn_defender
 408	B744EBCC-33FC-11EF-AF1C-B0A460E7697D
 409	ECB6E6F8-B36E-9CBF-AFF8-C6BA2DCCB1A4
 410	
 411	C8375A58-C4A0-685E-56B9-BC028A0AF622
 412	-856 2480 10
 413	0532D719-6AA8-6B95-DBC8-55072020B565
 414	4594DC1F-0A84-11EF-95B4-68545AD2D871
 415	pf4297d6f179166642_auto3467979913637752238
 416	F2C0BF1F-E5D1-06A7-F666-56A7F88F6988
 417	-288 -1760 16
 418	21418D92-E55F-2C02-D0D3-CF9DA9B921A6
 419	-1544 1640 16
 420	FCD2B93A-64DE-2063-8060-E76604F1CFAD
 421	9D44C75D-FA21-D2A2-EA84-9FFB7AB66A86
 422	176 -2296 16
 423	CA1E3652-3D79-11EF-95D1-68545A904D17
 424	C90488DA-00F4-11EF-AF11-FC3497283F54
 425	pf24f556a5156da6a4_auto2108
 426	A4DC33D9-B2E5-21DC-8EB4-580BE8151927
 427	ADDD4EA3-1794-11EE-A37E-68545AAE1653
 428	624 -2320 16
 429	tag_bink4
 430	D9AAE258-140D-14FD-7937-395C6D0E2FF7
 431	-1240 2048 32
 432	EA7C3AA6-D494-68A2-7546-6F1910EE03C5
 433	mp_dm_spawn
 434	6781534A-FB71-11EE-AF09-FC3497283F54
 435	-861 2488 10
 436	845CCAF1-DEF5-FA32-D838-973160C64FE3
 437	57253B09-FB73-11EE-AF09-FC3497283F54
 438	vfx_elevated_dust_blowing_ground
 439	948.464 1000.54 48
 440	-637.75 2264 15.8404
 441	976 -1808 16
 442	-1664 896 48
 443	-1432 -2112 16
 444	pfcc29eab93455751f_auto2108
 445	720D96C5-61AA-11EE-AC4B-68545AAE1653
 446	222D008B-3DDF-1EC7-B82F-97A259422326
 447	82982A58-854B-9996-8061-1D01E7850E6C
 448	2D24450C-93B0-89EF-83F7-F0244E8B57D2
 449	36DBE10B-44F0-EE79-0FD9-E244BB7FB2B9
 450	739BF4E9-DB48-11EE-AF05-FC3497283F54
 451	-168 2576 -48
 452	488A022D-1EBE-8E26-04DD-C899A3E46DE7
 453	pf7a1f4ec836a7fb73_auto2108
 454	57253AEA-FB73-11EE-AF09-FC3497283F54
 455	0 250 0
 456	9BF96D4F-00F0-11EF-AF10-FC3497283F54
 457	DCAC9B93-C6C3-CC8A-EB82-9EDAA68590BF
 458	C26F0D25-468F-18F9-1ACD-F454E9A21E6B
 459	930FCE10-995D-11EE-AC46-0CDD24150E54
 460	152 -1840 16
 461	-1097.85 1879.64 16
 462	-65.75 2044.75 16
 463	976 -1712 16
 464	F9CAE370-0102-11EF-AF11-FC3497283F54
 465	-528 -2656 16
 466	194CFFB5-00EE-11EF-AF10-FC3497283F54
 467	-1472 1648 16
 468	245A4802-E87F-E2E9-84D7-B0E225CD3A75
 469	-526.392 -1208.64 16
 470	ADDD4EA2-1794-11EE-BFEF-68545AAE1653
 471	vfx_elevated_water_drops
 472	C969272E-B0ED-11EE-AEFD-B0A460E76980
 473	-360 2575 -48
 474	-1200 1648 16
 475	9C2A3D15-B5EF-75B1-BBF5-2F54BBF6DA48
 476	517EDE89-E07F-44CA-2B87-A65745479DD7
 477	CF885C7A-010B-11EF-AF11-FC3497283F54
 478	EA90452C-DCCE-F6FF-8DD4-560C5F06EF1C
 479	CF37E81F-5503-7360-B9FE-5C080C6C8F60
 480	pfa72e4fbddc0bdfd3_auto2108
 481	-1202.34 1630.2 16
 482	37CCD6DB-C041-0579-12E6-8BF2B37F366F
 483	7BE9140A-B0ED-11EE-AEFD-B0A460E76980
 484	-360 2568 -48
 485	669B5936-3B51-65F4-E7FC-C6925C88D6E8
 486	CA1E367A-3D79-11EF-95D1-68545A904D17
 487	212FA263-019C-11EF-AF11-FC3497283F54
 488	B42C6260-3D79-11EF-95D1-68545A904D17
 489	CA9498D0-DB24-11EE-AF05-FC3497283F54
 490	CA1E3675-3D79-11EF-95D1-68545A904D17
 491	112 2072 16
 492	A9B9F581-0A91-11EF-95B4-68545AD2D871
 493	right_50
 494	right_90
 495	D2F7782F-D817-21F9-16BD-04F256FABF1D
 496	-381 -2568 16
 497	play_sfx_3
 498	2
 499	81621639-1029-E216-8773-21CDEC1E5578
 500	941C5465-436E-70E3-AD83-0B2A58D9E141
 501	C8D13330-0A84-11EF-95B4-68545AD2D871
 502	A8A72EC2-DFD9-83E2-B75E-C5BB412196D8
 503	973.48 -1798.59 16
 504	pf304af0c3ab66257f_auto2108
 505	-64 -2304 16
 506	1B0BA966-56C6-4C06-30C2-8F3E2ED65288
 507	0FFAF186-FB71-11EE-AF09-FC3497283F54
 508	0 229.157 0
 509	-1247.25 1410.75 24
 510	521D1A0F-B605-5658-60BE-877D8208B5C0
 511	vfx_elevated_boiled_steam
 512	8E96B4FE-0A93-11EF-95B4-68545AD2D871
 513	vfx/jup/level/mp_jup_elevated/vfx_elevated_fluorescent_lensflare_03
 514	127 -2000.75 16
 515	-266 -1782 24
 516	0786DB6D-DB61-11EE-AF05-FC3497283F54
 517	E3E84D59-947B-24A6-9AFB-D913D5F2466F
 518	-1042.93 -2509.07 8
 519	cp_disco_bus_bench
 520	550B78F1-76F4-1E44-41E2-AD8275011800
 521	-1536.5 736.5 24
 522	mp_dom_spawn
 523	60750B85-6D3E-11EE-AC5B-68545AAE1653
 524	896 -424 48
 525	BC382953-0102-11EF-AF11-FC3497283F54
 526	hardpoint_vis_05
 527	8717B014-00F4-11EF-AF11-FC3497283F54
 528	A6DDCBFA-0A84-11EF-95B4-68545AD2D871
 529	pf1731dea27302bb54_auto2108
 530	755D039C-DB53-11EE-AF05-FC3497283F54
 531	B3D5C7A9-B0EC-11EE-AEFD-B0A460E76980
 532	CBFEC51D-0A95-11EF-95B4-68545AD2D871
 533	-884.5 1572.75 18
 534	44.6864 2560 -48
 535	ADDD4EAA-1794-11EE-9EAD-68545AAE1653
 536	112 1416 48
 537	570C3203-6166-11EE-AC4B-68545AAE1653
 538	CCCCD754-00ED-11EF-AF10-FC3497283F54
 539	7B43F639-CDBC-DAAD-0954-475C67B85533
 540	6B5447DF-28AC-3DD7-0277-448100D442AB
 541	65EAA957-3A7C-5491-1EBA-5319B81F5B2E
 542	EE70ABBB-4DC4-FB6F-7648-81274B1BC316
 543	vfx_elevated_steam_ac_vent_vapor
 544	DA50C161-53D6-8359-04A8-580DF1A6D3DC
 545	8D084CFC-995D-11EE-AC46-0CDD24150E54
 546	0B745ED8-FB76-11EE-AF09-FC3497283F54
 547	C2B72B4F-0A92-11EF-95B4-68545AD2D871
 548	3F712D74-0A92-11EF-95B4-68545AD2D871
 549	DEA0EEB0-0A94-11EF-95B4-68545AD2D871
 550	-616 2184 15.94
 551	6706B8DE-0A92-11EF-95B4-68545AD2D871
 552	4A260368-F501-F982-79DF-65F4749AEF00
 553	18BDFE48-6DFA-FA51-22C4-2EDE4C6B23DA
 554	vfx_elevated_fluorescent_lensflare_pink_small
 555	1D59AFEF-6166-11EE-AC4B-68545AAE1653
 556	09AB18E6-FB71-11EE-AF09-FC3497283F54
 557	1B95639A-AFBD-0864-70F0-E901A70B3ED1
 558	75664B48-995D-11EE-AC46-0CDD24150E54
 559	scriptable_bathroom_soap_dispenser_01
 560	378.018 -1765.59 16
 561	pf62278f36c96af28d_auto2108
 562	vfx_elevated_leaves_swirling_petals
 563	-784 2344 10
 564	BF3CDAE2-DB5C-11EE-AF05-FC3497283F54
 565	93677E07-6165-11EE-AC4B-68545AAE1653
 566	9965CC70-6165-11EE-AC4B-68545AAE1653
 567	DD54CE0F-0C73-22F8-1D63-7987B8CDBC96
 568	4049508D-2CA6-768D-B93F-EB911B98E236
 569	E438902A-8E12-C54E-8A91-FA3953F42458
 570	-443 1830 24
 571	0 338.853 0
 572	CA9498A7-DB24-11EE-AF05-FC3497283F54
 573	scriptable_base_book_stack_03a_new
 574	C9CE7A8B-61AB-11EE-AC4B-68545AAE1653
 575	120 -2296 16
 576	DE7B35CA-9036-DD8C-2768-E0D893CB19F4
 577	5437F93C-21EF-3757-35A0-A366B2FC7C48
 578	-640 2712 15.3033
 579	6C38B21A-6165-11EE-AC4B-68545AAE1653
 580	46FD785B-8BAC-EE3A-30FB-8EE396532B94
 581	1F93153B-ECC7-3CA0-FB2B-134408A3C8C1
 582	76935CDA-F796-FA5D-8AAB-4D202D60FD57
 583	2CAB2EB9-0A85-11EF-95B4-68545AD2D871
 584	7BE913FF-B0ED-11EE-AEFD-B0A460E76980
 585	door
 586	F539276D-D8C8-3D86-7196-46E8732BCC35
 587	ADDD27A1-1794-11EE-8311-68545AAE1653
 588	static
 589	2681880C-0103-11EF-AF11-FC3497283F54
 590	395B35B2-DB47-11EE-AF05-FC3497283F54
 591	884 -1027.5 48
 592	jup_decor_misc_props_01_bottle
 593	-800 2352 10
 594	570C31FD-6166-11EE-AC4B-68545AAE1653
 595	pfe4ca89b0a8a2b2b5_auto2108
 596	171.076 2052.51 16
 597	-736 2352 10
 598	-792 2352 10
 599	CE650C58-CD25-97D4-0933-30444CF71561
 600	570C31E7-6166-11EE-AC4B-68545AAE1653
 601	bathroom_soap_dispenser_01
 602	-920 2344 16
 603	-1536 2096 16
 604	CA1E365C-3D79-11EF-95D1-68545A904D17
 605	533F25D8-DB4F-11EE-AF05-FC3497283F54
 606	-408 -1608 16
 607	B8136F86-FB75-11EE-AF09-FC3497283F54
 608	C922E92E-0102-11EF-AF11-FC3497283F54
 609	9247AF73-00F0-11EF-AF10-FC3497283F54
 610	pf4297d6f179166642_auto11591652291706722310
 611	00CF6EC9-177D-EA15-1C9F-4DF1D42AEB58
 612	un_office_computer_monitor_01_169
 613	194CFFBB-00EE-11EF-AF10-FC3497283F54
 614	72 -2296 16
 615	-1632 -896 47.9999
 616	BE5FB2FE-81DC-F54B-4D96-9A413CB0C223
 617	37B697D5-786F-5BA4-0391-4C395F8C1843
 618	8EEB7F01-0F58-CFD9-BABC-AD8C90A8E40D
 619	-760 2416 10
 620	53D1DCC9-C4DB-FD82-2E80-A07EBF584428
 621	0965677C-DB63-11EE-AF05-FC3497283F54
 622	E9C5F2CD-0A95-11EF-95B4-68545AD2D871
 623	C3D2AC0E-A7D7-B333-2F55-FF8DF5F2CD18
 624	9A6F29EA-36D0-0C7F-9BA4-1097FEDBCA55
 625	pf4297d6f179166642_auto14737154199373845058
 626	639A12AB-DB5F-11EE-AF05-FC3497283F54
 627	pristine
 628	6C1F8714-DB62-11EE-AF05-FC3497283F54
 629	4C571647-EE13-723E-D9BB-07B2B2169E78
 630	87DE392E-0A8F-11EF-95B4-68545AD2D871
 631	ADDCD98D-1794-11EE-87D5-68545AAE1653
 632	49B59DA4-6176-11EE-AC4B-68545AAE1653
 633	192 -2288 16
 634	-1000 -2936 10
 635	-752 -2052 18
 636	F608FDF5-FD03-47B1-29DC-A912C3842BD3
 637	FCAB951A-0C23-9271-7CC1-2CE095FB6351
 638	-976 2454 24
 639	608 -96 48
 640	-1490 1633 24
 641	right_30
 642	-848 2352 10
 643	9E6B6FCE-82FC-BB9E-2795-F9A6B9B509A4
 644	-528 -2648 16
 645	pfbdd770a0172cffdc_auto2108
 646	ADDD27B5-1794-11EE-A119-68545AAE1653
 647	scriptable_uk_tv_vcr_player_01_remote
 648	0 150 0
 649	scriptable_base_book_stack_01a_new
 650	9893D271-0AA1-0D74-E468-A56527BF6C6E
 651	F9CAE373-0102-11EF-AF11-FC3497283F54
 652	-696 -2664 10
 653	-1290.25 2047.5 24
 654	pffe6a721ee3f97b39_auto2108
 655	-400 -2432 16
 656	ADDD4E9F-1794-11EE-814C-68545AAE1653
 657	D3DCB4C9-53FE-AC3D-0710-0E506FE6A693
 658	dead
 659	french_science_books::base_book_group_06a_new
 660	784.25 -1518 24
 661	-528 -2664 16
 662	-1048 2072 16
 663	1133FA65-A210-2986-D557-E92A4CA2EC8C
 664	A83993C1-14B8-323B-6339-B4ECFF8AE32B
 665	vfx/jup/level/mp_jup_elevated/vfx_elevated_fluorescent_lensflare_07
 666	0 315.852 0
 667	-936 2752 10
 668	D8D7065F-AD7B-676E-5B2C-4BB5317801E8
 669	kitchen_appliance_toaster_02
 670	-1024 2544 16
 671	C2406E38-0102-11EF-AF11-FC3497283F54
 672	-1519.84 -2222.88 24
 673	2117E84A-DFA1-2330-60EE-8E0AD870D299
 674	1048 -1824 16
 675	176 -2312 16
 676	B0D14A24-9109-9FEB-7BF9-5D7F8D758872
 677	ADDD27A7-1794-11EE-B4AF-68545AAE1653
 678	7C72A8B0-0AAA-7CF5-13B9-5D754834A5C2
 679	11828F9D-FB76-11EE-AF09-FC3497283F54
 680	-376 -2584 16
 681	67.3136 2560 -48
 682	-952 -2664 8
 683	hardpoint_vis_01
 684	FC000458-6A25-B8AE-5567-9688A02CDDE1
 685	-600 1728 16
 686	10C65629-0A94-11EF-95B4-68545AD2D871
 687	80FB2EFE-00F4-11EF-AF11-FC3497283F54
 688	-1330.75 -2011.5 24
 689	closed_owned
 690	-88 -1824 16
 691	42E429CB-8487-304F-2FC4-64E812049F52
 692	7C09DF1D-DB53-11EE-AF05-FC3497283F54
 693	scriptable_toy_stuffed_animal_bear_01
 694	11DA1A88-2A07-BC37-6F8C-140B787A8232
 695	7CB200B1-A1DE-D498-8BE9-9ABA4718BBCC
 696	0 34.2074 0
 697	-1000 2344 16
 698	scriptable_food_trash_container_02
 699	scriptable_jup_art_pitcher_roman_glass_flower_01
 700	AB8BD26F-9598-3959-4C89-070BC3EF7EC3
 701	-160 2568 -48
 702	B6E1BCBE-2759-8690-4FCA-684AB36ED728
 703	pf49bb48f1dec57b03_auto2108
 704	AB24C1DB-B9FE-F8D9-D1BE-E1B60C8FC765
 705	3B911AD3-6F97-8E78-3346-AB08D622639A
 706	tag_full
 707	7A0D48C0-61AA-11EE-AC4B-68545AAE1653
 708	ADDD27B9-1794-11EE-AE9B-68545AAE1653
 709	E6CDF0B7-019B-11EF-AF11-FC3497283F54
 710	B1A63990-FB75-11EE-AF09-FC3497283F54
 711	-640 2728 15.2089
 712	60750B88-6D3E-11EE-AC5B-68545AAE1653
 713	314.018 -1829.59 16
 714	-800 2040 8
 715	scriptable_food_vegetable_cabbage_bunch_01
 716	C30B678A-0A93-11EF-95B4-68545AD2D871
 717	A0FE412C-4A97-A20F-511C-9F13B493930D
 718	pf3f8a948421d1abce_auto2108
 719	-1160 2760 16
 720	C5A1E1CE-3D40-0A83-CF1E-291C25D361DC
 721	-232 1352 16.3167
 722	-688 -2648 10
 723	1DA6A902-1064-0C65-C287-0B55C5C6B1E1
 724	4BC98D5B-0103-11EF-AF11-FC3497283F54
 725	-928 2352 16
 726	-848 2472 10
 727	2F01A9DB-4DE5-6017-21F3-5A7361081114
 728	79D9F810-0A93-11EF-95B4-68545AD2D871
 729	D7CFB135-FB6F-11EE-AF09-FC3497283F54
 730	91763321-0A91-11EF-95B4-68545AD2D871
 731	-728 2464 10
 732	jup_food_plane_catering_01
 733	-456 2576 -48
 734	4D464459-DB5D-11EE-AF05-FC3497283F54
 735	ADDD27B1-1794-11EE-844C-68545AAE1653
 736	0 271.571 0
 737	0965677F-DB63-11EE-AF05-FC3497283F54
 738	vfx/jup/level/mp_jup_elevated/vfx_elevated_fluorescent_lensflare_06
 739	-1498.2 -1401.66 16
 740	E498113B-C8AE-35C7-A171-1DBA6FF3B406
 741	mp_cyber_spawn_axis
 742	-448 -2752 16
 743	E20E00F5-7E70-11EE-AC63-68545AAE1653
 744	-112 2056 16
 745	E1D00AD9-0F59-745F-6401-06B8CB9B37D4
 746	8AA16BD8-C805-6992-18D1-448E3E96774F
 747	vfx/jup/level/mp_jup_elevated/vfx_elevated_dust_motes_med
 748	0099BBBD-568A-2DAC-2359-B804B05EE37A
 749	E035008A-0A93-11EF-95B4-68545AD2D871
 750	74F509F8-FB71-11EE-AF09-FC3497283F54
 751	96 -1096 56
 752	0E8126AF-C98D-2C64-C3C6-E39EA95C326E
 753	0C532697-67EE-B817-C9A3-956C5E5049FB
 754	616A26BF-DB63-11EE-AF05-FC3497283F54
 755	CE8FE7E8-DB48-11EE-AF05-FC3497283F54
 756	C00C1816-23DE-BC20-55B6-CC7BD8C3D308
 757	pf4708dad3b15d55b1_auto2108
 758	-56 2040 16
 759	scriptable_cp_disco_monitor_speaker
 760	-464 -2752 16
 761	E80DCFE5-2773-BE3A-FBAE-0F7D75C04001
 762	0 315 0
 763	835 -848.5 56
 764	-1008 -2504 10
 765	21F440A8-B59D-84F5-225B-225B65F4C082
 766	208 1768 16
 767	0 302.895 0
 768	360F6A5D-4B46-376F-CCE9-CBECADD53950
 769	C9692724-B0ED-11EE-AEFD-B0A460E76980
 770	97A43233-97A7-5F2F-B600-9D35FFE28385
 771	FB5A7530-DA51-5748-E04B-7C00D69EC10B
 772	2FF52DC0-9712-8A05-8C3B-BCE7A9CBEF0B
 773	2D17B6DA-995E-11EE-AC46-0CDD24150E54
 774	scriptable_scriptable_door_glass_metal_01_mp_reinforced_glass
 775	-60.9243 2044.51 16
 776	73AB8192-B697-F877-D9F8-44BA1453288D
 777	9BF96D3B-00F0-11EF-AF10-FC3497283F54
 778	968 -1808 16
 779	EE8183F7-0D6D-84CA-D0CE-14745D52D591
 780	4DAEBA68-0A8F-11EF-95B4-68545AD2D871
 781	ADDD27BB-1794-11EE-BAE7-68545AAE1653
 782	49EF7C2A-8E49-C6A5-6875-417FEBC3EB40
 783	7040D2D1-33FC-11EF-AF1C-B0A460E7697D
 784	5FE5C92E-0A94-11EF-95B4-68545AD2D871
 785	85ACA7B2-00F0-11EF-AF10-FC3497283F54
 786	AD3F3ED5-0EB5-FCDC-E5DF-1F07B194994A
 787	pf5d1e3d10ee91901f_auto2108
 788	86C2E383-DB51-11EE-AF05-FC3497283F54
 789	-768 -2664 10
 790	71AA3387-AAFB-2583-FEA0-A16ECB437A2D
 791	-600 -2720 10
 792	tag_bink3
 793	scriptable_food_vegetable_eggplant_bunch_01
 794	0 106.331 0
 795	0 84.5106 0
 796	2D497446-0103-11EF-AF11-FC3497283F54
 797	CCCCD741-00ED-11EF-AF10-FC3497283F54
 798	-1524 -1576 16
 799	31D30421-4BE9-CECB-E6FE-46000EFF7A0B
 800	scriptable_base_book_group_06a_new
 801	2931D505-6780-399E-9A52-DB37EE46AA83
 802	D9B885A4-703A-D349-D239-8E28C8BB6FD4
 803	pf4297d6f179166642_auto16228946754892030334
 804	200 1888 10
 805	4C48AF8F-827E-B918-B568-1AC037817CFE
 806	0027DCEF-3361-9A9D-3383-B242E0B73AFB
 807	8717B01F-00F4-11EF-AF11-FC3497283F54
 808	18CFF3D6-DB25-11EE-AF05-FC3497283F54
 809	-342 2044 8
 810	CD3F3619-0FEB-3C42-C769-639549909D38
 811	15631111-6166-11EE-AC4B-68545AAE1653
 812	-1360.75 2005.5 32
 813	63040C3E-DB48-11EE-AF05-FC3497283F54
 814	-752 2400 10
 815	B32F9C3E-B65B-0CC6-E2D0-B0314559F9CB
 816	7BA87ADC-C95F-D354-EB4B-06D8515F59B4
 817	04C7156E-FB76-11EE-AF09-FC3497283F54
 818	0 352.048 0
 819	BE3F18B7-DB62-11EE-AF05-FC3497283F54
 820	40A9A527-0A93-11EF-95B4-68545AD2D871
 821	0 63.872 0
 822	0 330 0
 823	-1480 1376 16
 824	789124C2-B6AA-AD23-6008-EA98C0E3EAA1
 825	4D009EEF-FF31-B8D4-743E-97C6FEBDDEAF
 826	scriptable_jup_decor_misc_props_01_bottle
 827	3D3830E7-DB61-11EE-AF05-FC3497283F54
 828	-1528 1656 16
 829	24BBC64D-995E-11EE-AC46-0CDD24150E54
 830	720D96D5-61AA-11EE-AC4B-68545AAE1653
 831	41082801-0A94-11EF-95B4-68545AD2D871
 832	89F01D78-0A95-11EF-95B4-68545AD2D871
 833	ADDD4EAF-1794-11EE-984A-68545AAE1653
 834	702F7A91-C70A-EC99-EA88-50B555C21440
 835	21ED2482-F25F-F6BF-9AE4-B3B07D3650B6
 836	-136 -1032 48
 837	80FB2EF1-00F4-11EF-AF11-FC3497283F54
 838	-928 2760 10
 839	C4C99D59-B451-4298-27D1-1C61AD04AC36
 840	32 2552 -48
 841	679CF764-8F57-B95D-AC3C-559EEB5EC3BC
 842	7C3DCBDC-FB72-11EE-AF09-FC3497283F54
 843	45491970-8337-89C6-261D-63308BBB27FB
 844	0 271.27 0
 845	F6C4A3A2-13E7-174D-DE9E-67B800700CBA
 846	B7585482-7F4F-586E-8816-0DFDE5912B02
 847	41DC02E2-FFDF-5FFC-5B7A-DB165CC3ED50
 848	vfx/jup/level/mp_jup_elevated/vfx_elevated_boiled_steam
 849	29.0601 1331.57 56
 850	212FA266-019C-11EF-AF11-FC3497283F54
 851	french_science_books::base_book_01a_new
 852	C7A14FD9-FB6F-11EE-AF09-FC3497283F54
 853	973.48 -1694.59 16
 854	03ACAC0A-DB5D-11EE-AF05-FC3497283F54
 855	18CFF3DC-DB25-11EE-AF05-FC3497283F54
 856	6198BD25-225F-693B-979C-9F587D73DE0E
 857	-452.25 -723.5 24
 858	1A318118-019C-11EF-AF11-FC3497283F54
 859	C543ECA2-AEE6-7B92-802A-6EF80E1CC7DC
 860	-1528 2104 16
 861	-864 2040 8
 862	85ACA7B5-00F0-11EF-AF10-FC3497283F54
 863	-792 2768 10
 864	6942ABB4-DC22-2BC8-F490-B90C14699CC5
 865	AC6DCE64-22E2-A72C-F702-72CA43175852
 866	B247091E-DB61-11EE-AF05-FC3497283F54
 867	C30BBC86-7075-13A9-9DA8-2D2ACEF4B9D3
 868	2F797D8C-4B24-3874-255D-B1A95E9651D1
 869	pfcc7ac6f4a5f46bc4_auto2108
 870	971.31 -1707.41 16
 871	-736 2040 8
 872	480CE6E7-9371-6B98-8449-80BACD10CF1B
 873	11DCA4F6-AD86-5575-B997-EDEF7F20527D
 874	19DBC573-DB63-11EE-AF05-FC3497283F54
 875	-144 -888 48
 876	828542F4-DB48-11EE-AF05-FC3497283F54
 877	0A117FAC-DB49-11EE-AF05-FC3497283F54
 878	127BD8B4-DB52-11EE-AF05-FC3497283F54
 879	-264 -1768 16
 880	ADDD27AF-1794-11EE-81FD-68545AAE1653
 881	1A3233C1-1A53-C601-69CB-3DFDFBF26CD0
 882	-1200 1584 16
 883	-1240 1984 32
 884	D0E3E673-DB24-11EE-AF05-FC3497283F54
 885	30A55CCB-371D-C7B0-9C81-FA110F91B495
 886	58BB5F45-315D-175D-EC84-8CE9096BA3FF
 887	-280 2568 -48
 888	B4B3E71C-DB4F-11EE-AF05-FC3497283F54
 889	-376.75 2045.75 16
 890	scriptable_s4_par_kitchen_wood_cuttingboard_01
 891	-226 1984 8
 892	-1536 2112 16
 893	-648 2704 15.2368
 894	-976 2768 10
 895	E6262477-AD36-E294-FCA0-4829A4A74192
 896	-1472 2104 16
 897	12A1610C-1A7A-96B7-5347-1BC2A49AAA2B
 898	1DFF7A0A-2450-F2D8-31ED-C49A219B9102
 899	557B5777-00F4-11EF-AF11-FC3497283F54
 900	8F69390A-A703-5AAB-AFFB-E5CF36C1AFE2
 901	-985 -2619.25 24
 902	760087D4-8F2D-C4C1-8D61-5052F688A312
 903	-620 -1702 10
 904	C48BBADA-29AF-2A40-4AD8-4D29E6C9A7CA
 905	0 59.9998 0
 906	0F4F1AB9-652C-170A-F4BD-BE2161CBBA0D
 907	pfdb0cc6d620a0cf1a_auto2108
 908	-640 -2664 10
 909	0D963C5A-B0EA-11EE-AEFD-B0A460E76980
 910	68A9B9CE-0103-11EF-AF11-FC3497283F54
 911	A37D4105-0103-11EF-AF11-FC3497283F54
 912	vfx_elevated_leaves_blowing_ground_petals
 913	C969270B-B0ED-11EE-AEFD-B0A460E76980
 914	8E3B7DDF-DF8B-DD52-8977-2B97D9607721
 915	7290B29F-57C4-A8B4-03CC-EC166EFC7DC0
 916	-202 2322 -40
 917	7361DF14-DB47-11EE-AF05-FC3497283F54
 918	F3477614-170B-9E83-438A-468CD62C5BE4
 919	DDAA6F7E-C438-0A6F-512C-DD837BD0FB5F
 920	0 91.9997 0
 921	-288 1576 8
 922	F6657986-5FCF-3803-7C7A-DC4D9629A9D2
 923	E4544560-A0C5-4B47-D81A-C2E6E1B3FA21
 924	858.62 -1524.21 16
 925	scriptable_food_trash_cup_tall2
 926	DC49E70E-0E5E-F5C2-217E-A08050AC90D0
 927	972 -1700 16
 928	pf1dc57676d5bb598a_auto2108
 929	-1441 -2159.5 24
 930	E84D9ABA-0103-11EF-AF11-FC3497283F54
 931	992 -1720 16
 932	-568 -2664 10
 933	082B01B6-876B-05FB-D970-F185A245CF48
 934	zmb_arcade_toy_robot
 935	0D963C25-B0EA-11EE-AEFD-B0A460E76980
 936	73368D88-6468-3FE0-86AB-76B441DCD546
 937	BA26223B-DB46-11EE-AF05-FC3497283F54
 938	-992 -2928 10
 939	FC08A8F7-6F0F-77C7-C991-A173C4F3CD13
 940	-725 2488 10
 941	5A2DC2DB-E46D-8A11-8649-EB707011BC77
 942	-672 -2712 10
 943	278FF4C3-0A95-11EF-95B4-68545AD2D871
 944	pfef3f383d0428a501_auto2108
 945	pf457bedbb03af74a2_auto2108
 946	ADDD008D-1794-11EE-9D8C-68545AAE1653
 947	C9CE7A91-61AB-11EE-AC4B-68545AAE1653
 948	appliance_espresso_machine
 949	D65DA248-CBAA-210B-5A11-86ED70B1F1DD
 950	BBA46955-00F4-11EF-AF11-FC3497283F54
 951	96C936D3-E026-192B-D885-75D21226469E
 952	-1194.5 1659.25 32
 953	2B711472-F06C-8BC0-D579-812645136829
 954	pf887aa854b0924482_auto2108
 955	ADDCD989-1794-11EE-B331-68545AAE1653
 956	0804ABCE-FB72-11EE-AF09-FC3497283F54
 957	-720 -2952 10
 958	8B2567D4-FDAA-BA4B-FB31-E863D6993BFF
 959	-752 -2984 10
 960	7E8C40C9-0102-11EF-AF11-FC3497283F54
 961	-512 -2728 16
 962	-632 -2664 10
 963	9DD9923F-FB75-11EE-AF09-FC3497283F54
 964	28FC4195-56D8-763D-0552-14B3643FC490
 965	-600 -2184 10
 966	2DF5801D-1BC9-27C4-EF23-944F944B972E
 967	mp_xfire_spawn_allies_start
 968	E20E00FB-7E70-11EE-AC63-68545AAE1653
 969	0 255 0
 970	F9984723-BB5B-AB64-D63B-E5197A3FCBD9
 971	-1506.5 -2125.75 16
 972	0049C402-618D-F836-BCC8-CDB61C092B95
 973	-1016 -2728 16
 974	CF885C88-010B-11EF-AF11-FC3497283F54
 975	0 240 0
 976	vfx_elevated_light_lens_flare_indoor_bulb
 977	A6AA8513-F763-B57F-AACD-BC3BAC4EDA7B
 978	bathroom_garbage_can_02
 979	3F943F93-99A8-DEDD-70BE-617788E841A9
 980	-556 -2656 10
 981	9965CC41-6165-11EE-AC4B-68545AAE1653
 982	65F97335-EE35-51DB-148D-E77BCE38064A
 983	01268A5A-ECF7-CE8F-561E-8F295B87D8A0
 984	76055E3A-7583-74C8-7AD9-91512C4C9636
 985	-440 -2744 16
 986	pf970da794de7d4d60_auto2108
 987	A2E04880-AD48-0A6C-C9DE-33C570DCBD13
 988	83164248-FB71-11EE-AF09-FC3497283F54
 989	-576 1568 16
 990	307DDE31-0A93-11EF-95B4-68545AD2D871
 991	C340760C-C4AF-36B9-2FD6-10B38DA6A291
 992	941.536 1004.54 48
 993	9BF96D65-00F0-11EF-AF10-FC3497283F54
 994	CA1E3657-3D79-11EF-95D1-68545A904D17
 995	-385.665 -2159.76 16
 996	18CFF3DF-DB25-11EE-AF05-FC3497283F54
 997	30A12264-019C-11EF-AF11-FC3497283F54
 998	-752 -2728 10
 999	-1512 -2112 16
1000	-1467 1832.5 24
1001	CD70E611-DB4E-11EE-AF05-FC3497283F54
1002	-808 2752 10
1003	-616 -2600 10
1004	C34823FE-61AB-11EE-AC4B-68545AAE1653
1005	-560 -2600 10
1006	scriptable_scriptable_lm_door_glass_metal_frame_r_brkn_mp
1007	33CC9701-DB52-11EE-AF05-FC3497283F54
1008	084F91A8-3132-7CD8-453E-1073EAD42D42
1009	5B3BA6BD-DB61-11EE-AF05-FC3497283F54
1010	A8725079-B84C-2077-C5CF-8CAA6BBE757F
1011	FA738A33-DB48-11EE-AF05-FC3497283F54
1012	C970209F-5D4A-1E79-BCA2-64204734080F
1013	CC675444-FE66-D3C3-9814-90C8AA376934
1014	8BD383A6-1351-7C43-46BC-D0FBBB0FA99F
1015	594F6C82-23FD-2A79-B4C4-63FA765C15FE
1016	8F92C1F6-B0ED-11EE-AEFD-B0A460E76980
1017	D13AFC76-DB5D-11EE-AF05-FC3497283F54
1018	39F93171-654E-7C27-8168-F06E757CBBCE
1019	-156.924 2412.51 -48
1020	85F411F0-EE7A-C969-76FB-D133ECA05AD7
1021	pfaa7e00697b36d383_auto2108
1022	vfx_elevated_dust_motes_med
1023	73456FFB-6166-11EE-AC4B-68545AAE1653
1024	right_70
1025	AE39660F-0F52-16EA-AF5B-4B6E20861E8E
1026	play_sfx_5
1027	4
1028	5FE5C93F-0A94-11EF-95B4-68545AD2D871
1029	-408 -2432 16
1030	F8BBA26A-6165-11EE-AC4B-68545AAE1653
1031	149EFC67-4551-31FA-5D11-434D98349D75
1032	18CFF3B6-DB25-11EE-AF05-FC3497283F54
1033	72647374-8304-14DC-B35E-904818D90111
1034	232C4460-A8B5-BCC0-B62C-7078CDD36308
1035	-824 2400 10
1036	-464 -2744 16
1037	vfx/jup/level/mp_jup_elevated/vfx_elevated_fluorescent_lensflare_05
1038	-512 -2584 16
1039	4447D203-6165-11EE-AC4B-68545AAE1653
1040	-624 -2728 10
1041	B7D0CEC3-1A30-A3AD-452E-13E2C686349E
1042	3C4551FE-6176-11EE-AC4B-68545AAE1653
1043	0DDC1D93-0A96-11EF-95B4-68545AD2D871
1044	-77.3801 -1812.21 16
1045	7A0D48BA-61AA-11EE-AC4B-68545AAE1653
1046	4447D1CA-6165-11EE-AC4B-68545AAE1653
1047	BD997A31-6165-11EE-AC4B-68545AAE1653
1048	99923130-00F4-11EF-AF11-FC3497283F54
1049	F320C382-0A8F-11EF-95B4-68545AD2D871
1050	BB544B52-478E-042C-3285-11327FE766BC
1051	D3A6826B-61AB-11EE-AC4B-68545AAE1653
1052	0 260.918 0
1053	632 -2304 16
1054	vfx_elevated_leaves_falling_green
1055	901D5EB0-CCDF-0290-C669-E4006D372FF6
1056	E78E6195-50C6-DC8F-3FA7-3642ED918BD6
1057	D3A68268-61AB-11EE-AC4B-68545AAE1653
1058	toy_stuffed_animal_bear_01
1059	5A893009-6487-EF3B-544F-C5965B3D4AC0
1060	-748 -1964 18
1061	6C38B211-6165-11EE-AC4B-68545AAE1653
1062	36344AB9-DE18-273B-4AA8-9DB91E4BB2C7
1063	27AE1DD2-8CDA-24EB-D728-80E608A6CFDE
1064	BBA46960-00F4-11EF-AF11-FC3497283F54
1065	-1450.25 -2201.75 24
1066	locked
1067	-187.5 1262.75 24.2649
1068	1032 -1816 16
1069	ajar_owned
1070	B4E5D94F-8E10-6FBA-229C-8FEDCA5DC128
1071	6D0AF824-6D3E-11EE-AC5B-68545AAE1653
1072	vfx_elevated_train_01
1073	6C32116D-BEE3-E4CA-F2EB-EDC914A0FD4F
1074	33CC96F6-DB52-11EE-AF05-FC3497283F54
1075	BE3F18BA-DB62-11EE-AF05-FC3497283F54
1076	7172023D-D775-AEE1-E556-BE3FB45A89C4
1077	pf3165d9e7b3a165b4_auto2108
1078	0 74.9999 0
1079	856 712 48
1080	3E475659-4052-2931-1731-D56EA1D5C34D
1081	37679E9D-0288-1D5D-576E-6B2C86293A62
1082	0 48.407 0
1083	-928 2336 16
1084	0BF820B5-A102-F77C-E9BF-48AFAF3847FC
1085	CF08B065-380E-4212-94BC-A3A9BCA291C9
1086	vfx_elevated_fluorescent_lensflare_07
1087	CA75F7D6-7F4D-FE15-DED1-4CDEC086BB09
1088	9839081A-53FC-1B14-A83E-79C1EDFF5907
1089	-592 -2416 8
1090	96CD477B-A776-96DF-9AF3-3568E528B6CC
1091	D214DA21-DB5C-11EE-AF05-FC3497283F54
1092	F25E70E3-FB75-11EE-AF09-FC3497283F54
1093	pfc83711fa2c994443_auto2108
1094	C922E944-0102-11EF-AF11-FC3497283F54
1095	679C4747-CA4E-2A01-29F0-52502B5EDE7D
1096	BB6E809D-E698-C8AD-E91D-8C7B2860729D
1097	vfx_elevated_fluorescent_lensflare_white_small
1098	242E3D39-57FE-8D89-242B-B46E49278200
1099	413B2114-00F0-11EF-AF10-FC3497283F54
1100	-760 -2984 10
1101	vfx/jup/level/mp_jup_elevated/vfx_elevated_birds_circling
1102	0DDCF1DF-0A84-11EF-95B4-68545AD2D871
1103	8D084CFF-995D-11EE-AC46-0CDD24150E54
1104	24B1F08C-0B08-5692-D059-814E0422773B
1105	5D36E8B4-B6E7-8FA8-DCBD-78B22AF6E966
1106	0 122 0
1107	-848 -1992 8
1108	53FCFD87-01B5-3D75-D7D5-FEE071DDD91F
1109	ADDD27A4-1794-11EE-BE55-68545AAE1653
1110	02060437-4EE9-4A0F-8139-8D2484DBAC0F
1111	-176 2584 -48
1112	792 1208 48
1113	-505.608 -1367.36 16
1114	mp_sd_spawn_defender
1115	78461FFC-B6CE-E432-40D3-09CCD09E2ECF
1116	snakecam
1117	food_vegetable_cabbage_bunch_01
1118	38051FE1-F3BF-0701-66B5-31AD63E18F22
1119	0289F4FE-2E0C-F771-F0EC-14EE98B6CE11
1120	20 2352 -40
1121	-1528 1688 16
1122	vfx_elevated_floor_vent_steam
1123	0 199 0
1124	92709351-0102-11EF-AF11-FC3497283F54
1125	0 67.9999 0
1126	BA3072F6-7A58-6EB8-A164-CB1B4FE70F9A
1127	bink1
1128	windchime_vfx
1129	880AC63D-F1FD-AAA8-7CAA-A36AAEC918E9
1130	dem_vase_08
1131	66F5C3EE-6176-11EE-AC4B-68545AAE1653
1132	130B0579-FB73-11EE-AF09-FC3497283F54
1133	CE8FE7FC-DB48-11EE-AF05-FC3497283F54
1134	9965CC44-6165-11EE-AC4B-68545AAE1653
1135	-952 -2608 16
1136	AAA682A0-0314-D795-BE47-1F22EEBF562B
1137	2049F37C-00EE-11EF-AF10-FC3497283F54
1138	scriptable_kitchen_knife_set_01
1139	845E3824-1D56-A0FF-391B-81E54EA2F1DC
1140	86C2E392-DB51-11EE-AF05-FC3497283F54
1141	B42C626F-3D79-11EF-95D1-68545A904D17
1142	82634648-FB72-11EE-AF09-FC3497283F54
1143	4397DDCA-6166-11EE-AC4B-68545AAE1653
1144	-1192 1640 16
1145	1D59B015-6166-11EE-AC4B-68545AAE1653
1146	0804ABC3-FB72-11EE-AF09-FC3497283F54
1147	896 -408 48
1148	E61EF620-8F70-A197-D9F2-248494CDB1B0
1149	vfx_elevated_fluorescent_lensflare_06
1150	scriptable_base_book_06a_new
1151	52716928-0103-11EF-AF11-FC3497283F54
1152	decor_religious_statue_horse
1153	-200.75 1273.25 24.2148
1154	EA54B4E3-FB74-11EE-AF09-FC3497283F54
1155	pfba6cdf8f4eed6ea9_auto2108
1156	-789 2488 10
1157	BA75E4FD-0A92-11EF-95B4-68545AD2D871
1158	456F556C-E401-3BAE-06F9-93ADD63FC760
1159	9657C90D-0903-D6BB-79F2-6CEAC3606224
1160	1024 -1776 16
1161	1D115AA4-55CA-73B8-1C4B-3578EFAE1A46
1162	BCC25A85-06CF-050D-4C2B-0106280903B7
1163	DCB8254A-0A84-11EF-95B4-68545AD2D871
1164	112 2056 16
1165	-496 -2592 16
1166	window_over_40
1167	FA1A897B-B83A-FA10-46A1-56AF58245F83
1168	0 121 0
1169	A0D7D9FB-0A84-11EF-95B4-68545AD2D871
1170	4447D209-6165-11EE-AC4B-68545AAE1653
1171	BC38296F-0102-11EF-AF11-FC3497283F54
1172	-215.75 2007.25 16
1173	toy_plush_lochness_monster_01
1174	411638FA-DB4F-11EE-AF05-FC3497283F54
1175	11828F89-FB76-11EE-AF09-FC3497283F54
1176	E9DE0D41-7CCC-4519-2509-7394564A860B
1177	-664 -2720 10
1178	34E746F9-1E62-8851-6717-8AD4DE392243
1179	8FA36CF0-B5A4-94D8-03A7-BD7B320D6C2F
1180	-648 2472 15.5711
1181	EEC1BA56-8276-0105-4D85-AD3852671EBF
1182	scriptable_jup_kitchen_cutting_board_walnut_01
1183	0CCF8072-0A95-11EF-95B4-68545AD2D871
1184	0 34.6652 0
1185	pf203c6881faadb048_auto2108
1186	33A94295-C11A-545A-9B28-0E95522AE950
1187	F8BBA24A-6165-11EE-AC4B-68545AAE1653
1188	-680 -2728 10
1189	EA1221C9-1CC7-5E3B-D317-D4E55CC2C18E
1190	mp_koth_spawn
1191	7040D2DA-33FC-11EF-AF1C-B0A460E7697D
1192	0 75 0
1193	E20E00F8-7E70-11EE-AC63-68545AAE1653
1194	218.928 1757.07 10
1195	vfx_elevated_light_shafts_sm_short
1196	0E756295-D798-94CE-761A-502F73D0DA07
1197	-1520 2112 16
1198	16D4A18B-7B71-5E4C-DA2B-7CE0B769EF5C
1199	3224820C-DB4F-11EE-AF05-FC3497283F54
1200	FB0421E1-0A91-11EF-95B4-68545AD2D871
1201	B3D5C7A3-B0EC-11EE-AEFD-B0A460E76980
1202	5B3D5162-01D9-1969-F98B-AFE737B83608
1203	-1664 -896 48
1204	2084475B-DADA-5AB3-2499-D13CCDAE5534
1205	992 -1696 16
1206	2707EB0A-B44A-5056-354F-22F32633DC5F
1207	B42E80EC-DB46-11EE-AF05-FC3497283F54
1208	B4644C25-4777-6064-92D8-928733DEFFB0
1209	-744 2408 10
1210	320 -1504 16
1211	69986446-0A84-11EF-95B4-68545AD2D871
1212	E1D49253-00ED-11EF-AF10-FC3497283F54
1213	-618.5 -659.5 24
1214	-752 -2592 10
1215	6FC57365-00F4-11EF-AF11-FC3497283F54
1216	2BECC1DF-6166-11EE-AC4B-68545AAE1653
1217	japanese_manga_books_01::base_book_02a_new
1218	39358318-6331-98DB-2589-533E332BAA45
1219	543 -2374.75 24
1220	-864 2344 10
1221	DA2C28A1-DEE6-57E9-FAEE-D5129B911E83
1222	9D293D91-DB55-11EE-AF05-FC3497283F54
1223	312 -1840 16
1224	D3D48747-0103-11EF-AF11-FC3497283F54
1225	8BBE4759-BC27-E140-0795-A79835AD3A8F
1226	E235CA0C-0142-80F8-BFE8-B902CF9B3DEF
1227	09B32855-CDC9-CC88-57EF-4A393C3B1367
1228	18CFF3D9-DB25-11EE-AF05-FC3497283F54
1229	-664 2352 15.7104
1230	me_kitchen_coffee_bag_01
1231	E233E1C6-48CD-C028-D0B6-F0BD58220DF4
1232	080E867C-F4F0-988C-F240-1087674A4DC9
1233	2035384A-BF96-8558-B148-1853DF62E247
1234	832A090B-36D0-7AEB-591D-0F767B5E50C7
1235	pf4c69b41880c27daf_auto2108
1236	0 135 0
1237	B9044140-24A6-CBEC-9AF4-256E521E886B
1238	019D3A27-852C-6F48-2A15-CB609D57A21C
1239	180E5316-D693-44FE-6BF3-5EABB6FBFA9A
1240	ADDD27B6-1794-11EE-9C6F-68545AAE1653
1241	971.31 -1811.41 16
1242	208 1760 10
1243	22A2075A-DB52-11EE-AF05-FC3497283F54
1244	pf88b0fdc84f18bf7a_auto2108
1245	EE808CA0-C539-A3F6-0D1D-182424441A25
1246	05594672-6166-11EE-AC4B-68545AAE1653
1247	-1104 1888 16
1248	-776 -2664 10
1249	-456.25 -2701.25 24
1250	66F5C41F-6176-11EE-AC4B-68545AAE1653
1251	0 270 0
1252	936 984 48
1253	674A33F7-DB5A-11EE-AF05-FC3497283F54
1254	0 76 0
1255	-600 -2712 10
1256	-348.686 2576 -48
1257	00C492E2-64BC-0389-BC19-94E901F3348B
1258	pf555f11011f5c916a_auto2108
1259	095876FB-A2DA-9A62-B851-AB2BB25B1D23
1260	mp_dd_spawn_defender_start
1261	2E7D472F-51A1-2D1E-980D-CAB23B983ACD
1262	68E712F0-EE06-AA5B-94D3-BFABB3861DBB
1263	-1024 -2496 16
1264	BD997A2E-6165-11EE-AC4B-68545AAE1653
1265	3535FC71-F43B-C4BD-DA1F-C12D9DFD8ECA
1266	6C38B214-6165-11EE-AC4B-68545AAE1653
1267	pfae9fe3f07844acd8_auto2108
1268	CCCCD773-00ED-11EF-AF10-FC3497283F54
1269	pfe2665edb2ee530e8_auto2108
1270	F0269713-0A95-11EF-95B4-68545AD2D871
1271	085CBD8F-27AE-536C-250D-263DC6605DA4
1272	3102CDB9-0A8F-11EF-95B4-68545AD2D871
1273	1D59AFF2-6166-11EE-AC4B-68545AAE1653
1274	59BC6B02-DB4F-11EE-AF05-FC3497283F54
1275	93677E04-6165-11EE-AC4B-68545AAE1653
1276	mp_control_spawn_defender
1277	C7A14FEF-FB6F-11EE-AF09-FC3497283F54
1278	86C2E38D-DB51-11EE-AF05-FC3497283F54
1279	-936 2344 16
1280	pfa297dc800f28013d_auto2108
1281	766F1FEC-F54A-A7D1-163C-F90C68B56CA2
1282	A1CC40E0-0E79-4875-C2A9-B3C35F5C64BF
1283	0 23.5043 0
1284	tag_bink2
1285	0FFAF189-FB71-11EE-AF09-FC3497283F54
1286	0F2B0F14-5DF1-57BB-D227-604177E429F2
1287	0ED4EE4C-990B-4C96-1D61-20FC117AEC9E
1288	38558019-0A92-11EF-95B4-68545AD2D871
1289	C2A7A20F-1582-BE06-38D2-7DB6EAFC7F7A
1290	vfx_elevated_fluorescent_lensflare_red_small
1291	kitchen_knife_set_01
1292	C4ECA2BD-3822-50B6-EAD0-507385A63D56
1293	B1C935C7-B7F9-6BD3-D781-F1A2E4373CFF
1294	E928CF66-B0EA-11EE-AEFD-B0A460E76980
1295	pfa31fe679ffdac38c_auto2108
1296	E1FCEECC-164F-5A56-FD58-89784B828F41
1297	-120 2040 16
1298	1A676AD1-7EC2-87A0-76A0-81BE9365C9D4
1299	45ED6ADA-5734-9CC2-C632-0578E021C6A3
1300	044BA700-00EE-11EF-AF10-FC3497283F54
1301	jup_electronics_speaker_system_03
1302	-1480 1432 16
1303	vfx/jup/level/mp_jup_elevated/vfx_elevated_generator_steam
1304	10BEFB4D-DB25-11EE-AF05-FC3497283F54
1305	22EBAA1E-0A94-11EF-95B4-68545AD2D871
1306	FF3A151B-BAF8-F534-8328-1D23AEABE98C
1307	E1D49248-00ED-11EF-AF10-FC3497283F54
1308	488D2331-C254-4F16-D3F7-28F6DE92EECD
1309	F84418B3-1C7A-B714-DCC8-74B4081E1BEB
1310	9F6CFD5D-7195-B1FE-BFE0-92CA5FC10FE6
1311	pf6ce6c37cee929066_auto2108
1312	scriptable_kitchen_01_metal_dish_01_group
1313	-853 2360 10
1314	0 256 0
1315	-1024 -2736 8
1316	6DB2DD77-0A91-11EF-95B4-68545AD2D871
1317	640 -2304 16
1318	2E761D7D-DB5D-11EE-AF05-FC3497283F54
1319	763697B0-E805-2381-592C-0EBAE4083848
1320	86C2E388-DB51-11EE-AF05-FC3497283F54
1321	-1072.8 1425.35 15.2505
1322	DD99B279-B2BD-36BC-3CFF-E191F797FB17
1323	-1136 2792 16
1324	4286E99F-03C0-91A7-C61B-03F622B36D39
1325	8D44CFFF-E35A-BC81-917B-387D2C035EAB
1326	-264 296 16
1327	left_30
1328	left_70
1329	184 -2288 16
1330	186BFE1B-5B64-E1F2-5A99-1E54AE95C9A9
1331	308 -1836 16
1332	1EC6F59D-6B30-820C-4D34-1FF2CE24C2F1
1333	pf1e48db105286558b_auto2108
1334	F3BC1FB5-0102-11EF-AF11-FC3497283F54
1335	-592 -2712 10
1336	B42C6274-3D79-11EF-95D1-68545A904D17
1337	8CF1097C-11CB-10DB-5B5B-72DD69C4B9C8
1338	0 89.9998 0
1339	B875278A-98C6-07DC-2BA9-A97945C16E1C
1340	F755D574-0A84-11EF-95B4-68545AD2D871
1341	1DDE1329-3C48-359A-577B-3FB28CC8BB0C
1342	-752 -2584 10
1343	3DD333AF-0A95-11EF-95B4-68545AD2D871
1344	7A66CD2A-FFF6-5B77-CC95-CB8C6917D4A3
1345	scriptable_appliance_espresso_machine
1346	-1024 -2720 9.99999
1347	C93E3A0D-5CAE-42D5-6E0A-216AA3539BB4
1348	-656 2352 15.7104
1349	1A71707F-5C1D-2CC4-B18E-DC06D1FBD694
1350	06B3CD0D-005A-16BC-B703-F37739E673FD
1351	AFE3C714-9A61-CAEC-E283-2F298D4288DB
1352	pf54dd53244f009eac_auto2108
1353	E86E9E90-33FD-11EF-AF1C-B0A460E7697D
1354	CA1E366B-3D79-11EF-95D1-68545A904D17
1355	mp_dd_spawn_attacker
1356	-209.75 2495.5 -40
1357	-512 1960 16
1358	6C38B1F7-6165-11EE-AC4B-68545AAE1653
1359	uk_tv_vcr_player_01_remote
1360	E1D63120-2FC5-1BD2-C59F-894BD67D751A
1361	2029F922-92DF-C360-26E7-149A9EE7D282
1362	7EBD6E35-001F-7434-90C2-2DDC09F131D7
1363	C887B275-A7FD-A6CA-00CD-B55E8A7031F5
1364	scriptable_base_book_04a_new
1365	57253AFE-FB73-11EE-AF09-FC3497283F54
1366	pf12d957e40d225478_auto2108
1367	18CFF3BF-DB25-11EE-AF05-FC3497283F54
1368	4C5E74AE-1BDC-CAE5-5A71-30A2FC3722AB
1369	528 -2296 16
1370	pf3ff4a93ad7c2f675_auto2108
1371	037AE03D-0A95-11EF-95B4-68545AD2D871
1372	CA1E3648-3D79-11EF-95D1-68545A904D17
1373	0 87.9998 0
1374	-792 2464 10
1375	3C6B35C1-4B7E-8AF9-93B9-AC9A31579B7C
1376	BD997A51-6165-11EE-AC4B-68545AAE1653
1377	BD997A04-6165-11EE-AC4B-68545AAE1653
1378	B42C6297-3D79-11EF-95D1-68545A904D17
1379	-920 2768 10
1380	mp_cyber_spawn_allies
1381	mp_dm_spawn_secondary
1382	-664 2344 15.7197
1383	246C6BD8-FB72-11EE-AF09-FC3497283F54
1384	-600 -2656 10
1385	8B949A9A-668B-208E-3B0E-B3BDFC8E478D
1386	065316CA-DB65-628D-D0D1-8BFC7AE35928
1387	-416 -736 16
1388	A6AEF40A-3EF7-84BA-E7BD-8608B62A6210
1389	7103B0CF-0103-11EF-AF11-FC3497283F54
1390	AEEBF64F-4C0A-556E-DC29-AD91FC079307
1391	BF3CDAF3-DB5C-11EE-AF05-FC3497283F54
1392	pf4297d6f179166642_auto10139205300314041797
1393	-422 2402 -40
1394	838B14B9-0A91-11EF-95B4-68545AD2D871
1395	64747439-FB73-11EE-AF09-FC3497283F54
1396	vfx/jup/level/mp_jup_elevated/vfx_elevated_fluorescent_lensflare_white_small
1397	-1024 -2720 8
1398	vfx/jup/level/mp_jup_elevated/vfx_elevated_dust_blowing_ground
1399	09AB18EF-FB71-11EE-AF09-FC3497283F54
1400	374A1233-CD84-07FB-A0A4-4ADC847EA117
1401	scriptable_base_book_group_08a_new
1402	9C7D7BAA-4CDC-45CF-407E-2347D14A1EE9
1403	-656 2712 15.2275
1404	4F8FAD6B-091E-AA4D-E854-1EC8B4B20FFA
1405	-456 -3016 16
1406	scriptable_toy_plush_lochness_monster_01
1407	-236.924 1348.51 16
1408	DA316D15-A991-C0F4-5339-1E8F97F60712
1409	mp_tdm_spawn_secondary
1410	5C03B673-B95B-DA0A-E89D-C208987A7121
1411	-512 -2720 16
1412	25A08133-DB61-11EE-AF05-FC3497283F54
1413	F13D90CE-7A8D-9261-97CB-71338BBA2AF4
1414	-72 -2288 16
1415	92AE31DC-8816-1527-75BD-934D05B20724
1416	-248 2576 -48
1417	-1524 -1488 16
1418	D4123FF7-0A91-11EF-95B4-68545AD2D871
1419	968 920 48
1420	18D808CF-0103-11EF-AF11-FC3497283F54
1421	4C5A8187-0099-413D-1865-7C0AF574B37D
1422	A8651D92-0922-95AF-8EA3-11C532C65F7E
1423	05594675-6166-11EE-AC4B-68545AAE1653
1424	D3B69A7A-DB4E-11EE-AF05-FC3497283F54
1425	0 341.066 0
1426	F8BBA270-6165-11EE-AC4B-68545AAE1653
1427	04C11818-C5E3-7646-8E2A-A5280761295C
1428	-908 -2478 8
1429	-704 -2664 10
1430	DF7327BB-B0ED-11EE-AEFD-B0A460E76980
1431	0D963C5D-B0EA-11EE-AEFD-B0A460E76980
1432	30C767D9-99D4-2BEA-F2A2-0C23A4FB557D
1433	-1462 -1132 24
1434	F042FDC7-5BC1-2644-CC4E-76AFA2AF1D18
1435	mp_dd_spawn_defender_a
1436	8D1C5800-231E-5E40-0C85-40FBE22A9360
1437	-1179.75 2050.75 24
1438	03F9EE99-513F-F8F6-E9EA-4C80A15D739D
1439	pf6438ac51d9d9338d_auto2108
1440	pf444157e48089abaa_5
1441	7810E233-00F0-11EF-AF10-FC3497283F54
1442	79D9F819-0A93-11EF-95B4-68545AD2D871
1443	0EDC95E0-0E6E-EB25-FD56-2A289AEB227C
1444	92B72F8F-9967-0585-18CA-51D84FBACF88
1445	C7C819DC-6BB1-44AB-C335-C7E13380C96D
1446	-1208 1640 16
1447	-72 -1832 16
1448	pf62b781444ebbf013_auto2108
1449	538.928 -2298.93 16
1450	0 88.9997 0
1451	E928CF6C-B0EA-11EE-AEFD-B0A460E76980
1452	75664B4B-995D-11EE-AC46-0CDD24150E54
1453	C217951A-0A95-11EF-95B4-68545AD2D871
1454	-1144 2840 16
1455	57157282-0A91-11EF-95B4-68545AD2D871
1456	0345E3C3-FB71-11EE-AF09-FC3497283F54
1457	-496 -2600 16
1458	1040 -1752 16
1459	-1470.25 1739.75 24
1460	3C850F74-76F4-EA6B-7D68-54DC4A1ED4A4
1461	A4FFFCB2-9ED7-580F-115F-A1662598B13C
1462	japanese_manga_books_01::base_book_group_03a_new
1463	C36AE9DC-02FA-4019-03F0-2E4E8B2403C6
1464	CA1E364D-3D79-11EF-95D1-68545A904D17
1465	-512 -2656 16
1466	-130.75 -964.25 48
1467	73457001-6166-11EE-AC4B-68545AAE1653
1468	pf1cec981e2051dabe_auto2108
1469	B6C07B31-897B-3022-29F6-5AA0D9631291
1470	-736 2480 10
1471	mp_dd_spawn_attacker_a
1472	decor_medieval_ceramic_pottery_05
1473	BA262230-DB46-11EE-AF05-FC3497283F54
1474	traverse
1475	-1334.25 1398.5 24.0009
1476	636120A3-51B3-F135-507E-AA3285F17D2A
1477	nav_door
1478	A7CE8C21-6384-DBFE-F7AA-BBF34EBDD20A
1479	9965CC47-6165-11EE-AC4B-68545AAE1653
1480	white::jup_decor_makeup_01
1481	ADDD4E9E-1794-11EE-9A34-68545AAE1653
1482	957836C2-B4EA-6D3E-E86D-9B593D46E9C9
1483	7A0D48DA-61AA-11EE-AC4B-68545AAE1653
1484	-304 1376 16.1133
1485	-888 1616 16
1486	4F053149-A04F-4EF1-7F39-5E5FEBBBAEB4
1487	pfb65cfb10aea13ad_auto2108
1488	50958B7C-6166-11EE-AC4B-68545AAE1653
1489	-1032 -2512 8
1490	-1445.84 -2220.88 24
1491	8AD94B44-FB71-11EE-AF09-FC3497283F54
1492	445699F1-0103-11EF-AF11-FC3497283F54
1493	2BECC1D9-6166-11EE-AC4B-68545AAE1653
1494	3EAA09F3-662D-180E-A97A-F17519E0169D
1495	D0E3E66A-DB24-11EE-AF05-FC3497283F54
1496	10872CF6-37CB-4126-381F-600B559CBE77
1497	pfd7bf9b2d79d54d7d_auto2108
1498	ADDCD976-1794-11EE-A88C-68545AAE1653
1499	C9692715-B0ED-11EE-AEFD-B0A460E76980
1500	E43CAB85-FB6F-11EE-AF09-FC3497283F54
1501	9A0BEAF9-6513-D0F6-8D1B-45D6A31E587E
1502	03C81D83-DC6B-91E2-5DBA-0C6436AA140F
1503	bash_right_90
1504	0FFAF183-FB71-11EE-AF09-FC3497283F54
1505	1ACB7360-0B84-914C-6D0B-4C12344B2765
1506	DF7327E8-B0ED-11EE-AEFD-B0A460E76980
1507	A5DDAD25-E2C8-5932-E3DF-A684E6CF94F4
1508	6921DD78-00F4-11EF-AF11-FC3497283F54
1509	5DCAC4FE-C013-8DAA-D4A9-A0DA72ACA825
1510	63F19B1A-DF28-B8F5-C958-7FCF921ED77A
1511	-840 -2808 10
1512	B8136F83-FB75-11EE-AF09-FC3497283F54
1513	B20A4B10-E0A2-2E2C-103E-E51C1DA713EB
1514	-1464 2112 16
1515	pfbd6e1db21352da55_auto2108
1516	scriptable_as_sign_street_stop_01
1517	pf4efe71c9fae5ee58_auto2108
1518	kitchen_01_metal_dish_01_group
1519	CA9498D3-DB24-11EE-AF05-FC3497283F54
1520	4397DDCD-6166-11EE-AC4B-68545AAE1653
1521	vfx/jup/level/mp_jup_elevated/vfx_elevated_clouds_01
1522	0 337.994 0
1523	03ACAC1B-DB5D-11EE-AF05-FC3497283F54
1524	631C4622-00F4-11EF-AF11-FC3497283F54
1525	scriptable_p7_diner_table_napkin_clean
1526	1D59B012-6166-11EE-AC4B-68545AAE1653
1527	scriptable_base_book_stack_04a_new
1528	-434 1792 24
1529	186 1722 8
1530	992 -1800 16
1531	56C35418-DB5A-11EE-AF05-FC3497283F54
1532	-680 -2712 10
1533	510C2390-796A-9B2E-18FE-A33044ACB64D
1534	910A7FDC-FB71-11EE-AF09-FC3497283F54
1535	172F246D-B0ED-11EE-AEFD-B0A460E76980
1536	0E213141-EAC8-3297-DE00-6C53617DBAC8
1537	F9CAE356-0102-11EF-AF11-FC3497283F54
1538	as_sign_street_stop_01
1539	vfx/jup/level/mp_jup_elevated/vfx_elevated_light_shafts_sm_short
1540	ceiling_round_sprinkler_01
1541	-752 -2712 10
1542	7F875E80-ACBC-639B-B8A6-B9BC809B17CC
1543	1BEB6308-78D7-5807-7EB7-B3C9F54B0434
1544	pf246c2e9c6d94a94a_auto2108
1545	C883C9D0-EA0E-7338-8EE5-5A925235B5C6
1546	AD6DC326-3486-49EF-B8E9-3817AE829EFD
1547	0FE8A842-33FD-11EF-AF1C-B0A460E7697D
1548	01B0082F-0103-11EF-AF11-FC3497283F54
1549	-1464 2088 16
1550	EBB9D8BA-DB4F-11EE-AF05-FC3497283F54
1551	1346C9B6-977F-ED7A-A74A-CDEC7C6A5E2B
1552	left_50
1553	left_90
1554	50571D11-699C-52E6-16A5-AD61FA268DCC
1555	4F6D696F-5C44-74B7-35D8-CF0C2068DC21
1556	CBCA78D5-0A94-11EF-95B4-68545AD2D871
1557	72 -2288 16
1558	21AED09D-A6B1-D940-033B-4944796B9D8D
1559	0 30 0
1560	-948.5 1631 18
1561	12 2524 -48
1562	C2406E5B-0102-11EF-AF11-FC3497283F54
1563	400 -2288 16
1564	4496A1AF-F9F6-C63B-FC5D-80B24D7A844A
1565	-616 -2648 10
1566	AF401254-DB49-11EE-AF05-FC3497283F54
1567	7FE39199-114C-3C44-3036-EA85F53C8B22
1568	799 1204.25 56
1569	F9597EB6-04D8-0F91-60CE-063E5411DA3D
1570	mp_control_spawn_attacker_start
1571	C0DF9017-7A83-4314-1B61-D00B7EF228C6
1572	DDB9C420-505D-EB04-B3B4-6C24D322E230
1573	-760 -2592 10
1574	19C7AB6C-FF84-843E-453F-D85C86594981
1575	320 -1440 16
1576	vfx_elevated_leaves_falling_petals
1577	285428ED-50E3-BBA3-6786-4B44C1731D30
1578	DA3FE229-10A3-F874-65F0-29B9E52F1420
1579	6C38B1F1-6165-11EE-AC4B-68545AAE1653
1580	DF7327CA-B0ED-11EE-AEFD-B0A460E76980
1581	CCCCD73B-00ED-11EF-AF10-FC3497283F54
1582	pfc4bc6f8e562f867b_auto2108
1583	617769D1-82D2-8710-568B-CE3DDE8E2A22
1584	C077BB36-E7F6-E242-E827-161C931F708D
1585	62B712BE-33FD-11EF-AF1C-B0A460E7697D
1586	scriptable_me_light_ceiling_fluorescent_tube_on_static
1587	pf4943b388f5d2dd9b_auto2108
1588	45225C68-FB72-11EE-AF09-FC3497283F54
1589	japanese_manga_books_01::base_book_group_01a_new
1590	A13D2FF0-2856-5ABA-8C8C-5BF54179B84B
1591	192 1888 16
1592	scriptable_base_book_02a_new
1593	78BD0F22-2081-2F5D-9F53-BBDF552A88DA
1594	5A35BC26-7E0C-0970-EC5F-22833A8B8488
1595	8F92C20A-B0ED-11EE-AEFD-B0A460E76980
1596	vfx_elevated_soup_steam
1597	69717310-0105-11EF-AF11-FC3497283F54
1598	F166900C-1219-4C56-526B-4DFA012D2036
1599	0 98.8904 0
1600	1D59B00F-6166-11EE-AC4B-68545AAE1653
1601	8D5F2096-00F4-11EF-AF11-FC3497283F54
1602	2A9C9FC0-FB76-11EE-AF09-FC3497283F54
1603	888 -416 48
1604	bink2
1605	15F16332-3066-FAF4-8FB1-C0B0A07CFE29
1606	dem_vase_07
1607	DE9E1B8C-0A95-11EF-95B4-68545AD2D871
1608	172F2467-B0ED-11EE-AEFD-B0A460E76980
1609	0 332.888 0
1610	CA9498CA-DB24-11EE-AF05-FC3497283F54
1611	pf728cb087af1d890a_auto2108
1612	ADDD4EA0-1794-11EE-ADBE-68545AAE1653
1613	7EF15B78-1D42-8FF8-FDBA-FB9D4C068AEC
1614	311335CE-B230-2A4A-96C4-0BF18654210F
1615	49B59DA7-6176-11EE-AC4B-68545AAE1653
1616	-1193.25 1794.5 16
1617	0 89.9999 0
1618	195.305 1899.79 16
1619	63DE6DB2-D505-DAA2-46CC-1FC2B5CA923D
1620	376 -1776 16
1621	-608 -1584 10
1622	-357.071 -2586.93 16
1623	64747447-FB73-11EE-AF09-FC3497283F54
1624	off
1625	-1512 -2096 16
1626	-371.314 2576 -48
1627	scriptable_pipe_metal_painted_sprinkler
1628	-792 2751 10
1629	scriptable_decor_ceramic_statue_dog_sm_01
1630	100.686 2072 16
1631	vfx_elevated_fluorescent_lensflare_01
1632	-976 2184 16
1633	1000 -1720 16
1634	EE5A323D-DFA3-9387-AAA0-67B3846CC5F8
1635	s4_par_kitchen_wood_cuttingboard_01
1636	4447D206-6165-11EE-AC4B-68545AAE1653
1637	-462 2546 -48
1638	0A149BEE-0A94-11EF-95B4-68545AD2D871
1639	CCCCD757-00ED-11EF-AF10-FC3497283F54
1640	vfx_elevated_moths_01
1641	6766B0C2-62F3-8998-DAF3-BE8721A2D415
1642	-992 -2920 8
1643	BD997A4E-6165-11EE-AC4B-68545AAE1653
1644	1A31811B-019C-11EF-AF11-FC3497283F54
1645	1EDCE111-0103-11EF-AF11-FC3497283F54
1646	0 68.5581 0
1647	-840 -2824 10
1648	9CC26864-7446-E4AD-DBEB-A5774D3B6EEC
1649	-1336.25 960.5 24
1650	A1DBB412-DB5A-11EE-AF05-FC3497283F54
1651	840 -1120 48
1652	-220 2504 -40
1653	CA9498CD-DB24-11EE-AF05-FC3497283F54
1654	pf3862769a55e886d7_auto2108
1655	-824 -2824 10
1656	DB08867D-33FC-11EF-AF1C-B0A460E7697D
1657	-512 -2592 16
1658	8390A565-A8D2-5781-89D0-96648E9C69A1
1659	D5BD9675-4842-4B34-A34B-ED5FD7440C6F
1660	DB3DC348-DB48-11EE-AF05-FC3497283F54
1661	11E8658B-70E9-5262-2879-1240A89B327B
1662	68498481-7E17-3CC0-4EBE-65C75C20BD50
1663	decor_ceramic_statue_dog_sm_01
1664	pf8cb49c4f93f4d61d_auto2108
1665	scriptable_hardpoint_chevron
1666	bink3
1667	50E3E72D-54BF-7062-E14B-C5E31DFE1533
1668	31298D5B-0CBD-B5C8-B841-244D7D6F3485
1669	-648 2352 15.7104
1670	vfx/jup/level/mp_jup_elevated/vfx_elevated_water_drops
1671	-368 -2568 16
1672	460.75 -991.25 48
1673	DACFE6D5-F304-953E-13CA-2D284843FFA8
1674	E5D61269-73C5-EBE7-E1E8-18A60275540F
1675	56F5FB7E-7C42-0799-90ED-D53FC42F51FA
1676	-172.924 1348.51 16
1677	pff91fe24cebf2f4ad_auto2108
1678	p7_diner_table_napkin_clean
1679	9270935A-0102-11EF-AF11-FC3497283F54
1680	-824 -2808 10
1681	585573EA-B1F2-FF52-6912-A6279B2D3354
1682	-920 2352 16
1683	2049F371-00EE-11EF-AF10-FC3497283F54
1684	9EB7B899-9A11-B02B-81BC-2DC56381A3DD
1685	541AF7D7-1D67-762A-49C2-B86EB91F6D4C
1686	772E8491-36B5-A2A5-AAF9-A936D65FDCEB
1687	scriptable_jup_electronics_speaker_system_03
1688	56 1416 48
1689	pipe_metal_painted_sprinkler
1690	-744 -2728 10
1691	0 29.9999 0
1692	B3D5C7A6-B0EC-11EE-AEFD-B0A460E76980
1693	3990FA7A-33FD-11EF-AF1C-B0A460E7697D
1694	BA9B827C-9FDC-6A90-B3F3-2CAD83CAC83D
1695	E88B03F1-5ED8-9C19-3C8B-ACD6A7DBA049
1696	-1368 -2024 16
1697	E554398E-4000-0DFA-B6B1-CAB949C840DD
1698	-1504 -2040 16
1699	jump_up_80
1700	jump_up_40
1701	8B595C92-841D-0CCF-A82D-65853EB2353A
1702	-1524 -1778 24
1703	-160 2583 -48
1704	pfe4124b53c4531a29_auto2108
1705	93946DF1-FB70-3E1F-7A69-F22CA11A13EF
1706	-725 2360 10
1707	japanese_manga_books_01::base_book_group_06a_new
1708	384 -1760 16
1709	5BCC4A39-0A95-11EF-95B4-68545AD2D871
1710	53C8FA7A-08E3-B1A9-B67E-2A807E885923
1711	pfb7eee3c0da1e3c07_auto2108
1712	F83E7FCA-9A71-75E4-5155-C80A530FE3B7
1713	92709357-0102-11EF-AF11-FC3497283F54
1714	B42C6292-3D79-11EF-95D1-68545A904D17
1715	A5ED86B6-DB4F-11EE-AF05-FC3497283F54
1716	-280 2584 -48
1717	B2B51DE5-B654-5F28-8460-2DF64AAED752
1718	758029C1-0A92-11EF-95B4-68545AD2D871
1719	71BC7B37-16DA-A0E7-A649-74E9E996CBE6
1720	C1B53DB7-00F4-11EF-AF11-FC3497283F54
1721	0 44.3699 0
1722	09AB18EC-FB71-11EE-AF09-FC3497283F54
1723	9EED9111-0A94-11EF-95B4-68545AD2D871
1724	A292F768-DB48-11EE-AF05-FC3497283F54
1725	F9CAE376-0102-11EF-AF11-FC3497283F54
1726	AABC3930-63D3-DA27-69A2-79787CC8F8DC
1727	EB1F46DE-848C-DF24-1B26-738EF6B8192C
1728	pfc855bdd83591f03b_auto2108
1729	0 195 0
1730	-1464 1656 16
1731	mp_koth_spawn_secondary
1732	-272 2576 -48
1733	00494F40-B0D6-FD3F-8D47-5BB879531CD3
1734	9EC4A3CD-DB5F-11EE-AF05-FC3497283F54
1735	86C2E397-DB51-11EE-AF05-FC3497283F54
1736	scriptable_ee_food_bar_cutting_board_01
1737	F44A37A0-9BA2-2647-2AC8-6629DB258390
1738	jup_kitchen_knife_japanese_02
1739	68650241-ADF7-0B21-AE87-2FEF6EFAF8C5
1740	913 -852.25 56
1741	-512 -2712 16
1742	B42C6265-3D79-11EF-95D1-68545A904D17
1743	-1152 2848 16
1744	pf7007017d8dd69ff3_auto2108
1745	9965CC6D-6165-11EE-AC4B-68545AAE1653
1746	327C5A06-B839-B64E-1709-3EB0F5924E10
1747	510CCA52-DB52-11EE-AF05-FC3497283F54
1748	-616 2312 15.8506
1749	12F1C796-DB49-11EE-AF05-FC3497283F54
1750	-190 2604 -40
1751	07DAF35C-3DAE-E586-1B82-83A09EA7B058
1752	F9CAE36D-0102-11EF-AF11-FC3497283F54
1753	0 30.9271 0
1754	4B514E22-ABC1-2361-3596-1126E64EBF1B
1755	ADDD27A2-1794-11EE-949B-68545AAE1653
1756	BDD274BD-1364-2972-E4FF-1EFF895FBE23
1757	D214DA0D-DB5C-11EE-AF05-FC3497283F54
1758	3EBA256F-8E41-02B4-0085-CA8C51F2089E
1759	vfx_elevated_fluorescent_lensflare_04
1760	-1672 904 48
1761	BB4D132B-DB4F-11EE-AF05-FC3497283F54
1762	pf4297d6f179166642_auto5163560952532369583
1763	8C3F5DBF-0A84-11EF-95B4-68545AD2D871
1764	10BEFB63-DB25-11EE-AF05-FC3497283F54
1765	CA1E3666-3D79-11EF-95D1-68545A904D17
1766	F91A5534-B63D-C34E-6F65-DDC36039E480
1767	4447D1D0-6165-11EE-AC4B-68545AAE1653
1768	67593D58-0A91-11EF-95B4-68545AD2D871
1769	pf1502b87cdbffc1cd_auto2108
1770	8717B003-00F4-11EF-AF11-FC3497283F54
1771	-1523.75 -1757.75 16
1772	303C2B32-5C27-A275-6F55-7194A8986379
1773	7CF66820-FB71-11EE-AF09-FC3497283F54
1774	66F5C41C-6176-11EE-AC4B-68545AAE1653
1775	-584 -2592 10
1776	C217950F-0A95-11EF-95B4-68545AD2D871
1777	1C1E836A-FB73-11EE-AF09-FC3497283F54
1778	-688 -2728 10
1779	pf4297d6f179166642_auto12034699513565452864
1780	-1480 1640 16
1781	mp_ctf_spawn_axis_start
1782	A3A3F007-EFE3-02DE-88DE-F90A4C3F6FA1
1783	3D5ABFFB-995E-11EE-AC46-0CDD24150E54
1784	5619B771-6B25-C5C1-630A-0E566B6A6585
1785	-1259.84 -2042.88 16
1786	FC8E27CA-556B-336F-B1FB-B611DFE00418
1787	713A50F0-CD8F-3FA5-F625-853C395C7E90
1788	mp_xfire_spawn_team_three_start
1789	-976 -2576 8
1790	-680 -2584 10
1791	-600 -2728 10
1792	CA33A436-C7E0-EAD2-19B5-86D7A7E2DDFD
1793	AC33E8A4-0103-11EF-AF11-FC3497283F54
1794	5AC77963-18D2-0044-5291-44441F1BC38E
1795	-792 2336 10
1796	-1672 896 48
1797	-448 -3008 16
1798	-53.0718 -2301.07 16
1799	3500523A-DB63-11EE-AF05-FC3497283F54
1800	CBDEC583-F457-5F7D-E03A-2DD1997F2053
1801	-644 -2656 10
1802	4B13763E-7D15-7BA5-C2D4-E916725CFEC2
1803	3403BB32-F8B7-CF9C-A374-C398AF400D22
1804	6BFF3575-4001-8EA9-C6A1-141BE2BCC549
1805	-264 -1752 16
1806	197.319 1904.69 10
1807	856 728 48
1808	BEBF23C4-F0D2-CD5F-7382-2C3D4CC39AD2
1809	BBCFB431-DB4E-11EE-AF05-FC3497283F54
1810	D8973DD9-0A94-11EF-95B4-68545AD2D871
1811	0 5.12657 0
1812	-1496 2112 16
1813	-724 -2656 10
1814	DB290828-4A23-9A67-F38E-0063EE4DBF1C
1815	mp_sd_spawn_attacker
1816	C8D1331C-0A84-11EF-95B4-68545AD2D871
1817	08A80153-1E37-9DE7-8DA2-1C07FD375A84
1818	8F6474AD-DB5D-11EE-AF05-FC3497283F54
1819	A208A2EE-010B-11EF-AF11-FC3497283F54
1820	3D4C32CA-0103-11EF-AF11-FC3497283F54
1821	624CF4DD-6165-11EE-AC4B-68545AAE1653
1822	-456 -2760 16
1823	-728 2352 10
1824	798D3625-6949-7F7D-9B11-2E950F3F996B
1825	FBC3212F-5892-7F34-CE6D-611DCEEDFBBA
1826	9354A40E-74E7-ACE7-8FFE-D0B54B55133D
1827	A5E9BEEE-6E73-35DD-1ED3-70C7935727D8
1828	99923148-00F4-11EF-AF11-FC3497283F54
1829	C3482414-61AB-11EE-AC4B-68545AAE1653
1830	73456FFE-6166-11EE-AC4B-68545AAE1653
1831	416 -2292.69 16
1832	pf668df97add42dfaf_auto2108
1833	DF45B3DD-1241-AB66-3DC0-4892C079C0A0
1834	F6BA6095-0A94-11EF-95B4-68545AD2D871
1835	35621B8C-DCB1-AC03-2237-D35B43309D12
1836	EE7DF11F-0103-11EF-AF11-FC3497283F54
1837	standby
1838	984 -1704 16
1839	-760 -2720 10
1840	pf4ffc5d9174d9ce9c_auto2108
1841	1DAB15DD-6048-7448-DE13-A332C1A8B023
1842	0649A242-D8D1-347E-2D6D-2903B36FDEDA
1843	japanese_manga_books_01::base_book_stack_03a_new
1844	-784 2352 10
1845	-672 -2816 16
1846	BBA3D844-5BF4-8363-0209-8BBB55AA50E1
1847	-839.25 -2862.25 18
1848	mp_xfire_spawn_axis_start
1849	011E05CC-AF8F-0CDE-77B3-8FE0FE80440A
1850	C922E95A-0102-11EF-AF11-FC3497283F54
1851	jup_decor_plant_succulent_planter_01
1852	0B01ED8E-776D-FE73-329D-E0B9B70B88F6
1853	8D43B0CC-AECB-CE14-2052-57551B3A8BD0
1854	2B09D297-3BDA-5C38-7E87-CF892E7E5633
1855	9965CC73-6165-11EE-AC4B-68545AAE1653
1856	0B396B4E-F6B3-781C-638C-3D129543351B
1857	-456 -3008 16
1858	09AB18E9-FB71-11EE-AF09-FC3497283F54
1859	133.41 1344.34 48
1860	D095904F-F017-FA1E-6206-E730F2BC1929
1861	517.072 -2293.07 16
1862	B4FE7D1F-A862-E597-BC3D-5627EB77FB40
1863	A51F0D74-0A95-11EF-95B4-68545AD2D871
1864	base
1865	scriptable_jup_decor_makeup_01
1866	E8424AC9-B266-E0D7-F874-0C1B1FB91D38
1867	-1424 -1976 16
1868	B42C6283-3D79-11EF-95D1-68545A904D17
1869	04C71582-FB76-11EE-AF09-FC3497283F54
1870	097D24B0-D6DA-F830-6045-D7A2F17658B3
1871	7F7F8087-91AC-D195-15A7-10E61F53B6B6
1872	B15A1D08-8CA7-B84F-25DF-C501F8A46A75
1873	pf761f5258be83e18_auto2108
1874	CA1E3661-3D79-11EF-95D1-68545A904D17
1875	4A93A99D-6166-11EE-AC4B-68545AAE1653
1876	-616 -2656 10
1877	D535235D-161D-0B81-7894-3C39662E665C
1878	023882D2-D0E3-D6CE-8AD7-A2AB4CF63C23
1879	459.25 1199.5 56
1880	752 -1120 48
1881	4447D1ED-6165-11EE-AC4B-68545AAE1653
1882	6D0AF827-6D3E-11EE-AC5B-68545AAE1653
1883	DB01DE66-0A8F-11EF-95B4-68545AD2D871
1884	-368 -2584 16
1885	7C1ADCDB-A3B6-38E4-1CEC-9E8E25D252ED
1886	4E2B5ECF-081F-D22E-B30D-9D7997605E10
1887	-1632 896 47.9999
1888	C53EA943-DB55-11EE-AF05-FC3497283F54
1889	-1213.66 1649.8 16
1890	74 -2312 16
1891	DF7327C0-B0ED-11EE-AEFD-B0A460E76980
1892	67593D66-0A91-11EF-95B4-68545AD2D871
1893	-648 2720 15.2182
1894	-1021 -2488 10
1895	-424 -736 16
1896	3E2A9DE0-22B4-8A18-6817-AA83E6C99180
1897	A077EE54-81F4-86E5-6254-3C86F53CF202
1898	59677608-8DC5-3BAF-FD13-FB435EE3CBFC
1899	pf790eba1a1fc4981_auto2108
1900	6501A847-A5F1-3EB6-1857-90DC47266D93
1901	CAA20A7C-7623-9D2B-0808-F0BC3B2BEF9B
1902	40E740D9-C739-282D-8345-094135831AEF
1903	-320 2040 16
1904	-978 2316 24
1905	pf444157e48089abaa_4
1906	749D5794-FB73-11EE-AF09-FC3497283F54
1907	-856 2336 10
1908	-1144.8 1425.35 15.2505
1909	pfb2423fa853cfa709_auto2108
1910	608 32 48
1911	-325.75 -1714.5 16
1912	unlocked
1913	BD997A34-6165-11EE-AC4B-68545AAE1653
1914	ADDD008B-1794-11EE-95CF-68545AAE1653
1915	073AE0E4-DB53-11EE-AF05-FC3497283F54
1916	783C36BE-40E3-71E7-59E0-F851DAAAA51A
1917	-752 -2976 10
1918	F755D588-0A84-11EF-95B4-68545AD2D871
1919	-736 2472 10
1920	400 -2296 16
1921	-400 -2440 16
1922	cp_disco_monitor_speaker
1923	3D5ABFFE-995E-11EE-AC46-0CDD24150E54
1924	ADDD4EA7-1794-11EE-B09E-68545AAE1653
1925	971CE2DD-48A6-FCA8-6D70-E9A0DAC18CB3
1926	-628 2770 23.4126
1927	365C6F92-F035-F212-C241-0B93055067C4
1928	74CA37DA-ED5E-A151-2BC8-544B8A34B215
1929	-1528 1620.5 24
1930	E568E236-0A91-11EF-95B4-68545AD2D871
1931	-760 2408 10
1932	-965 -2600 16
1933	978E1FB3-9B25-6E91-BB51-2F612039B857
1934	scriptable_cp_disco_microphone
1935	-250 -1774.5 24
1936	993E8026-AE0F-B7BF-342C-F58D7EE87CDB
1937	78644A7F-78B7-58B2-448D-7272A81FCA8A
1938	-308 -1694 24
1939	774 -1407.75 24
1940	-1521.75 1689.25 24
1941	ADDD27AE-1794-11EE-8E6C-68545AAE1653
1942	8CBDA5D3-FB72-11EE-AF09-FC3497283F54
1943	110.149 2071.64 16
1944	E5071500-B76E-7EE6-9AC8-20FC26D3F7CC
1945	scriptable_zmb_arcade_toy_robot
1946	-74.9282 -2306.93 16
1947	AFADA6F6-B6E4-076D-507E-AE158490F59C
1948	B8136F80-FB75-11EE-AF09-FC3497283F54
1949	-520 -2648 16
1950	57B3D1EB-6D3E-11EE-AC5B-68545AAE1653
1951	F0DBE38E-FB72-11EE-AF09-FC3497283F54
1952	bash_left_90
1953	9DB3FFA5-7685-D5D5-CE03-DEFD6493DB66
1954	-664 -2184 10
1955	BC05A662-0A93-11EF-95B4-68545AD2D871
1956	vfx/jup/level/mp_jup_elevated/vfx_elevated_moths_01
1957	19DBC58A-DB63-11EE-AF05-FC3497283F54
1958	ADDD27B2-1794-11EE-8F38-68545AAE1653
1959	91E77D12-0A94-11EF-95B4-68545AD2D871
1960	-634.75 2432.25 23.6382
1961	9C5186BD-32E7-4F8F-83C0-38070C928D92
1962	play_sfx_1
1963	base_book_group_03a
1964	-264 2583 -48
1965	8D084D02-995D-11EE-AC46-0CDD24150E54
1966	86C2E3A6-DB51-11EE-AF05-FC3497283F54
1967	7992B802-DB47-11EE-AF05-FC3497283F54
1968	536 -2280 16
1969	B9CD006E-E466-3B51-0FC6-6FDC5E0FE84D
1970	-800 2480 10
1971	scriptable_decor_religious_statue_horse
1972	vfx/jup/level/mp_jup_elevated/vfx_elevated_fluorescent_lensflare_01
1973	B42C627E-3D79-11EF-95D1-68545A904D17
1974	scriptable_un_office_computer_monitor_02
1975	mp_ctf_spawn_secondary
1976	-864 2480 10
1977	-1379.75 1404.75 24
1978	45B2739C-DC76-76BB-C382-A05C836163D6
1979	E05C435C-7589-A7D7-0145-7A26C7A77876
1980	4858B9C6-DB64-A470-1F9E-193F21EC9191
1981	B064BA77-AA73-F7C2-C81D-D6B206F53A06
1982	-1222 1060 16
1983	2E65130D-CB3A-9D26-FEBB-C4426AD7407E
1984	ACEDDEB4-D11B-D19E-2507-21CF64A7C136
1985	1045.48 -1814.59 16
1986	4A93A99A-6166-11EE-AC4B-68545AAE1653
1987	D3AD09C6-489F-4768-B78B-40F8C31F6237
1988	D8A85264-1F48-9F11-6A42-35C05168D5DC
1989	-69 -2288 16
1990	ADDD27B7-1794-11EE-BE7D-68545AAE1653
1991	41082818-0A94-11EF-95B4-68545AD2D871
1992	hardpoint_vis_03
1993	1BC10FEC-7A33-563A-2C5C-673A5B2252E3
1994	DD9F9DEF-DB5F-11EE-AF05-FC3497283F54
1995	DACBAED5-0735-7ACB-9741-2B786B1358C5
1996	-1480 2096 16
1997	-80.25 -1091 48
1998	-192 2576 -48
1999	49445FCE-DB4F-11EE-AF05-FC3497283F54
2000	4397DDC7-6166-11EE-AC4B-68545AAE1653
2001	1A318115-019C-11EF-AF11-FC3497283F54
2002	-656 2336 15.729
2003	-653 2488 15.5525
2004	901410BC-BEE7-7A19-964B-0B9AED420050
2005	829C3830-DB53-11EE-AF05-FC3497283F54
2006	46D95FB6-5E2C-7607-C286-CB37718CAB2A
2007	-461 -2736 16
2008	735330B4-FB76-11EE-AF09-FC3497283F54
2009	1D4B96DF-4B63-7994-C685-2805A5B8E9DA
2010	cp_disco_microphone
2011	04569C83-0104-11EF-AF11-FC3497283F54
2012	CA9498B7-DB24-11EE-AF05-FC3497283F54
2013	scriptable_jup_decor_plant_succulent_planter_01
2014	-760 -2656 10
2015	vfx/jup/level/mp_jup_elevated/vfx_elevated_leaves_swirling_petals
2016	C7A14FFA-FB6F-11EE-AF09-FC3497283F54
2017	8C3F5DA8-0A84-11EF-95B4-68545AD2D871
2018	55CE7184-0A95-11EF-95B4-68545AD2D871
2019	18CFF3BC-DB25-11EE-AF05-FC3497283F54
2020	24A4F64E-FB76-11EE-AF09-FC3497283F54
2021	-185.25 1352.5 24.2649
2022	-600 -2600 10
2023	-1472 2096 16
2024	2A9C9FB2-FB76-11EE-AF09-FC3497283F54
2025	3668BCB5-E7DB-F19C-1B63-06B52D17926E
2026	6CF0E646-00F0-11EF-AF10-FC3497283F54
2027	ADDD27A6-1794-11EE-87FF-68545AAE1653
2028	8651CB3B-2B8C-2098-F7AF-CD89F5460F7A
2029	2049F366-00EE-11EF-AF10-FC3497283F54
2030	3BDB961F-2A87-E25A-756B-0D9B66E5846F
2031	3335E89D-DB47-11EE-AF05-FC3497283F54
2032	2A3C8C06-8107-B6D7-E438-128D25B2558F
2033	8403B6C2-8991-6182-2A96-6FBF4969B9CA
2034	-832 2408 10
2035	pf2a7db783ddca5780_auto2108
2036	0F51B5AA-0103-11EF-AF11-FC3497283F54
2037	583910E7-C286-5430-55EF-7412343A8994
2038	-1464 1696 16
2039	scriptable_jup_food_plane_catering_01
2040	CD70E5FD-DB4E-11EE-AF05-FC3497283F54
2041	22A2076B-DB52-11EE-AF05-FC3497283F54
2042	85ACA7AF-00F0-11EF-AF10-FC3497283F54
2043	0 180 0
2044	452 1196 56
2045	-410.928 -2445.07 16
2046	61595B7A-6CF1-65ED-7304-95858B737148
2047	C3194B04-5168-DC2E-8E73-05D1D4D6232A
2048	play_vfx
2049	624CF4D2-6165-11EE-AC4B-68545AAE1653
2050	-389.072 -2450.93 16
2051	mp_koth_spawn_axis_start
2052	C922E939-0102-11EF-AF11-FC3497283F54
2053	EE50FC68-DB4E-11EE-AF05-FC3497283F54
2054	86C2E39C-DB51-11EE-AF05-FC3497283F54
2055	japanese_manga_01::base_book_01a_new
2056	pfc259d0ad364b3c5_auto2108
2057	79F8928E-DB5D-11EE-AF05-FC3497283F54
2058	6B0EE3C6-C95A-20D3-29E5-712B371B1FA6
2059	-856 2464 10
2060	761DB90B-661A-BB1A-0DE0-E5358F239A84
2061	-1440 -2104 16
2062	-736 2760 16
2063	806AAF8E-F229-F4F1-13AD-BF0A35029366
2064	-1000 2352 16
2065	828.427 -2303.97 16
2066	A7B76359-DBE1-ACA7-D647-B740E8481A7E
2067	75664B4E-995D-11EE-AC46-0CDD24150E54
2068	-560 -2728 10
2069	CCCCD75A-00ED-11EF-AF10-FC3497283F54
2070	0B6E82E8-DB52-11EE-AF05-FC3497283F54
2071	mp_tdm_spawn
2072	544 -2288 16
2073	74EC26B6-E284-8173-A11E-9EA3CA78DC2D
2074	1A382E7B-49DB-0A27-306B-E3923CD8A4D6
2075	3C4551F8-6176-11EE-AC4B-68545AAE1653
2076	C922E94F-0102-11EF-AF11-FC3497283F54
2077	A9B9F573-0A91-11EF-95B4-68545AD2D871
2078	0 320.178 0
2079	0FFAF18C-FB71-11EE-AF09-FC3497283F54
2080	-448 -3016 16
2081	-800 2472 10
2082	917E0405-99A8-AFC3-F1CE-6E5A9042867B
2083	-168 1352 16.3167
2084	1
2085	-1357.5 2063.5 32
2086	5B1BCEC6-1DD0-4AAF-FEBE-CF3881A1C511
2087	EC101D21-58E1-462D-CFDD-EE969310F613
2088	C9651108-DB4F-11EE-AF05-FC3497283F54
2089	-704 -2160 10
2090	0B23F773-6762-7C6A-B6C2-1095F9D011D2
2091	4F967111-9DED-08E5-8A22-8EA3ED64844C
2092	0 108 0
2093	-714 2472 10
2094	4A93A9A0-6166-11EE-AC4B-68545AAE1653
2095	756.427 -2303.97 16
2096	93677DF7-6165-11EE-AC4B-68545AAE1653
2097	-1520 2096 16
2098	3A9DEAB3-99EB-2721-FF46-209ACDAF5685
2099	0D963C57-B0EA-11EE-AEFD-B0A460E76980
2100	08241440-0103-11EF-AF11-FC3497283F54
2101	AF891470-B0ED-11EE-AEFD-B0A460E76980
2102	1563110E-6166-11EE-AC4B-68545AAE1653
2103	-1521 -2159.5 24
2104	F40E89BA-0380-2832-9230-B18544CC804F
2105	0D963C28-B0EA-11EE-AEFD-B0A460E76980
2106	C3482409-61AB-11EE-AC4B-68545AAE1653
2107	910.578 -1107.3 48
2108	D49E7202-246C-B3E4-A782-F090CEF4D196
2109	hardpoint_vis_02
2110	pf5cb8e8b5128ed0e9_auto2108
2111	2AFBBB09-F849-B2B7-EA4D-8FCCFA767C7D
2112	65FC68E3-6D6B-D7D3-47E2-B1606568297C
2113	BD997A54-6165-11EE-AC4B-68545AAE1653
2114	48 2552 -48
2115	B3C17685-588A-13AD-5106-0438A93A74A6
2116	E427CF9F-DB5F-11EE-AF05-FC3497283F54
2117	vfx_elevated_steam_ac_vent_vapor_02
2118	scriptable_ceiling_round_sprinkler_01
2119	-1528 -2112 16
2120	-1104 1864 16
2121	635.314 -2320 16
2122	903755FB-DB5C-11EE-AF05-FC3497283F54
2123	-680 -2592 10
2124	-496 -2720 16
2125	69AD59AD-B311-AD49-D644-81337E098223
2126	101455EF-978B-F101-7D57-2D2733CFFC2D
2127	44D3E441-1CC8-59D6-710A-95769137FD63
2128	0 75.9611 0
2129	scriptable_base_book_stack_02a_new
2130	72E985A4-910D-E8AA-52F6-F0778B567D75
2131	-392 -2576 16
2132	-576 -2664 10
2133	992 -1824 16
2134	05594652-6166-11EE-AC4B-68545AAE1653
2135	-1028.5 -2426 8
2136	80AD1456-F61D-6F77-1D5D-693516F59E9F
2137	56 -2296 16
2138	FF4A7BDF-A9FC-6D66-D9D1-582381D60F0B
2139	BFD486D9-BF13-B335-0BE3-90A830049749
2140	856 1208 48
2141	-450.25 1794.75 24
2142	EE7DF11C-0103-11EF-AF11-FC3497283F54
2143	A1DBB415-DB5A-11EE-AF05-FC3497283F54
2144	17FD4A28-7B64-D4E9-2033-17104032FB9E
2145	252ED6A5-391E-A647-FAC3-B36E82459382
2146	C7E65FB9-0A89-3C54-3660-25B59F472ACA
2147	milk_crate_iw6
2148	763FDC89-6331-C3A8-A702-7BA9F422B188
2149	screen
2150	57B3D1E8-6D3E-11EE-AC5B-68545AAE1653
2151	-64 -1824 16
2152	BC9B20FF-0103-11EF-AF11-FC3497283F54
2153	-456 -2752 16
2154	-175.5 1262.5 24.3286
2155	557B577D-00F4-11EF-AF11-FC3497283F54
2156	4A54F9CC-2B3E-CECD-E668-10C8DCBD8318
2157	613419CE-EFF3-9AB0-ECB3-5203CA9E40AD
2158	0 82.0156 0
2159	EA94AD14-010B-11EF-AF11-FC3497283F54
2160	416 -2304 16
2161	449.569 1183.94 56
2162	0E02F98A-1B43-519B-C815-0F46042E8AE2
2163	-592 -2584 10
2164	-760 -2600 10
2165	2971D56E-E85C-C952-220D-B928D639BFE3
2166	1B2941DF-EA4E-5C46-42E0-16756437FC45
2167	CBCA78E9-0A94-11EF-95B4-68545AD2D871
2168	6E628090-FB71-11EE-AF09-FC3497283F54
2169	pfcea00767789d0e50_auto2108
2170	pfeff1fa88e4585b1f_auto2108
2171	0 1416 48
2172	0345E3B8-FB71-11EE-AF09-FC3497283F54
2173	7DCA837A-28FA-028C-C784-696FE0BDC7D6
2174	915ED72E-E5C3-40BB-1E26-CFAAC705D390
2175	vfx/jup/level/mp_jup_elevated/vfx_elevated_fluorescent_lensflare_red_small
2176	F9CAE353-0102-11EF-AF11-FC3497283F54
2177	50C2B365-4F9A-83D8-0AAD-8D123EB271E5
2178	-800 -2944 10
2179	6EDF42BE-F8A1-B81A-C54A-8DC90FABD853
2180	english::base_book_group_01b_new
2181	C620CDCB-F36D-4480-094E-9B1ACDA7E999
2182	FA019D7D-AF7B-BFBC-66FB-C7F806A81E04
2183	FB0421D0-0A91-11EF-95B4-68545AD2D871
2184	66F5C419-6176-11EE-AC4B-68545AAE1653
2185	047FC11A-AB16-A6DC-C8DB-9D6A8FD88541
2186	BE6AA978-0104-11EF-AF11-FC3497283F54
2187	212FA269-019C-11EF-AF11-FC3497283F54
2188	-1104 1899.32 16
2189	-744 2416 10
2190	-784 2472 10
2191	0 329.886 0
2192	66F5C3F1-6176-11EE-AC4B-68545AAE1653
2193	3157A89E-3D1E-6038-36FE-0D272D1A97E5
2194	F7EC513B-175A-8E6F-6BF3-EDB89F7E5427
2195	C1FE0624-0B7D-EECB-F62A-C0CE190C69E4
2196	pff65338629f1867ad_auto2108
2197	0 70.1042 0
2198	184 1768 16
2199	9965CC6A-6165-11EE-AC4B-68545AAE1653
2200	0 226 0
2201	-1193.85 1639.64 16
2202	0BC8C345-0A85-11EF-95B4-68545AD2D871
2203	-816 2416 10
2204	5D58673B-FB73-11EE-AF09-FC3497283F54
2205	mp_tdm_spawn_axis_start
2206	-64 2048 16
2207	-925 2360 16
2208	EF77089F-0A93-11EF-95B4-68545AD2D871
2209	55F90298-0A8F-11EF-95B4-68545AD2D871
2210	9690D9DB-AF17-FE4E-308E-A579DEA1E8E0
2211	scriptable_jup_toy_rubber_duck_01
2212	F8BBA24D-6165-11EE-AC4B-68545AAE1653
2213	-1480 2112 16
2214	F7EA17C0-DAC0-33B6-483A-EEB770742976
2215	-277.38 -1748.21 16
2216	-789 2360 10
2217	-864 2472 10
2218	976 -1824 16
2219	vfx_elevated_fluorescent_lensflare_03
2220	-1096 1880 16
2221	E6CFE9B2-A489-2340-A548-C4369BAA4463
2222	41DE5F2F-DB53-11EE-AF05-FC3497283F54
2223	68349531-AE66-945F-D54A-0F652C582A0D
2224	E3B66AE3-DB4F-11EE-AF05-FC3497283F54
2225	pf444157e48089abaa_2
2226	0DDCF1CE-0A84-11EF-95B4-68545AD2D871
2227	3594B782-2BDA-B861-5A1A-685D7B0C93A5
2228	BB6F4596-FC71-4256-B41D-54B1ADB0A257
2229	D7C21E6B-6286-5B2A-152E-EFFB5E20EFD8
2230	53776FE8-188D-9BCB-681C-E8A242A2EDBA
2231	2141B32D-BF69-57B1-26E1-A778D8955EFE
2232	-1048 1056 16
2233	97EC01C2-AC8C-8ED2-DF66-40B5723E7DEA
2234	-1483.84 -2144.88 24
2235	F8BBA26D-6165-11EE-AC4B-68545AAE1653
2236	20585114-9B47-6020-71FB-D43BE734FADD
2237	C4D6AA38-2D4B-38EB-ECC5-E33D62E0ED73
2238	6D0AF821-6D3E-11EE-AC5B-68545AAE1653
2239	scriptable_ee_food_fruit_orange_stack_06
2240	vfx/jup/level/mp_jup_elevated/vfx_elevated_leaves_falling_petals
2241	720D96D2-61AA-11EE-AC4B-68545AAE1653
2242	-720 2352 10
2243	-1012.69 -2736 8
2244	DF7327D9-B0ED-11EE-AEFD-B0A460E76980
2245	C9692706-B0ED-11EE-AEFD-B0A460E76980
2246	48B2AFEC-E68A-C650-24FE-E5598FFC44A9
2247	91CAB3F3-DB47-11EE-AF05-FC3497283F54
2248	CA1E3643-3D79-11EF-95D1-68545A904D17
2249	664 472 48
2250	C75DFF30-0A91-11EF-95B4-68545AD2D871
2251	EB11895B-628A-011D-C262-2E58D19EC0EA
2252	-1536 1496 16
2253	41384590-DB52-11EE-AF05-FC3497283F54
2254	46E89933-42B2-AF1C-B899-282AB579DEC1
2255	6E36EAA3-0A8F-11EF-95B4-68545AD2D871
2256	0 80.7118 0
2257	-664 2480 15.5618
2258	3C4551FB-6176-11EE-AC4B-68545AAE1653
2259	japanese_manga_books_01::base_book_group_08a_new
2260	24BBC650-995E-11EE-AC46-0CDD24150E54
2261	B0FB9CBC-6095-195A-BF4C-FC12634E9151
2262	2C70F7B9-19FB-6518-9827-070DA7042728
2263	-1508 -1396 16
2264	283E52C9-8EF7-5051-C162-4E2BB1126A0D
2265	208 1888 10
2266	BC3DD8DC-CD25-9E4C-66A1-8E376213A840
2267	-720 2472 10
2268	0 0 0
2269	3FDBEF4E-A149-6B58-B881-F42AB8DDF45D
2270	1563110B-6166-11EE-AC4B-68545AAE1653
2271	1DD83550-3B2F-1D99-4FB7-FC8BBFCD67AC
2272	2BB80848-DB4F-11EE-AF05-FC3497283F54
2273	-1393.5 1360.5 24.7895
2274	1ADDAC0F-B657-84CA-409B-15773BCB435A
2275	6C38B217-6165-11EE-AC4B-68545AAE1653
2276	184 -2304 16
2277	E04E7156-84A8-4B25-A304-667BFB5C1BCD
2278	vfx_elevated_generator_steam
2279	13AE9309-0A95-11EF-95B4-68545AD2D871
2280	84D9BCE2-0102-11EF-AF11-FC3497283F54
2281	0 165 0
2282	9813BDA7-182B-4E3E-213E-10D660F6CC58
2283	8928B927-DB5D-11EE-AF05-FC3497283F54
2284	-448 2048 16
2285	920 -1120 48
2286	-1528 1696 16
2287	-744 -2592 10
2288	123.314 2072 16
2289	416 -2315.31 16
2290	8C80F93F-3F34-6501-3D98-5CD77026913B
2291	47F9B9A7-C812-B4BF-1BB3-FBF941478318
2292	6925AC05-9CF6-63B1-DDE3-3A4CD5573D82
2293	FB5B2641-7497-DAC8-078E-205600051BDF
2294	-124.924 2044.51 16
2295	5E251096-0A91-11EF-95B4-68545AD2D871
2296	930FCE0D-995D-11EE-AC46-0CDD24150E54
2297	67815339-FB71-11EE-AF09-FC3497283F54
2298	-1448 -2112 16
2299	762.62 -1524.21 16
2300	9247AF84-00F0-11EF-AF10-FC3497283F54
2301	2EFFDE70-0A95-11EF-95B4-68545AD2D871
2302	668E2EFC-00F0-11EF-AF10-FC3497283F54
2303	2D2724EF-F16A-A91E-5107-1F9A07D04FA4
2304	CC275BC9-2C85-C2A2-E998-DF3DBCC2E874
2305	B4FE8199-35E6-8FB9-0AA0-17C57E07309C
2306	CC3E4DAE-5C69-FA4A-5D49-639213BF9A8A
2307	DF7327E3-B0ED-11EE-AEFD-B0A460E76980
2308	D13AFC65-DB5D-11EE-AF05-FC3497283F54
2309	4447D1EA-6165-11EE-AC4B-68545AAE1653
2310	-504 -2712 16
2311	-472 -2936 10
2312	B37DDF72-0A95-11EF-95B4-68545AD2D871
2313	scriptable_equipment_satellite_dish_01_sml
2314	6A90CDEB-1A94-19F0-E34E-01430043FE7A
2315	BA5A105B-9FB8-07E0-817C-8D89A64F6F9D
2316	624CF4E8-6165-11EE-AC4B-68545AAE1653
2317	556BAE42-A321-315B-50B1-25B69313CDD4
2318	C85F8863-DCC9-C215-0CC9-D7B52C202A35
2319	F25E70D5-FB75-11EE-AF09-FC3497283F54
2320	DA67782F-DB4E-11EE-AF05-FC3497283F54
2321	51223DF4-5D48-9C99-3D50-0142677A1DCD
2322	pf3de137a6064f9998_auto2108
2323	-984 2352 16
2324	50958B7F-6166-11EE-AC4B-68545AAE1653
2325	-480 2272 -48
2326	251D1C5F
2327	-552 -2600 10
2328	520 -2288 16
2329	mp_ctf_spawn_allies_start
2330	EC11AFA0-AA6F-8724-5803-633D00149ABC
2331	F6BA6079-0A94-11EF-95B4-68545AD2D871
2332	-248 2610 -40
2333	4ECF40BA-FB73-11EE-AF09-FC3497283F54
2334	scriptable_ee_food_fruit_apple_stack_04
2335	scriptable_jup_kitchen_knife_japanese_02
2336	D535F4B8-CF4C-FEB6-5C8C-73174E112EF4
2337	play_sfx_2
2338	pfb4f99d9a62acd338_auto2108
2339	3
2340	32AE5C61-6166-11EE-AC4B-68545AAE1653
2341	pf71d77cd6302b7997_auto2108
2342	-1005 2536.75 24
2343	45298A7A-0276-E12E-B81A-B12431D91E2F
2344	uk_lighting_ceiling_fixture_01_on
2345	ee_food_fruit_apple_stack_04
2346	B14F4070-E73B-876F-0C6C-A37EDD699D5B
2347	vfx/jup/level/mp_jup_elevated/vfx_elevated_fluorescent_lensflare_02
2348	-1672 -896 48
2349	DDEC4F87-FB6F-11EE-AF09-FC3497283F54
2350	ED8C9424-A3B0-AD0C-FA53-C70745B6E5E2
2351	B42C626A-3D79-11EF-95D1-68545A904D17
2352	7EA43638-6027-FF60-03B7-D2EF5C8FA650
2353	-400 -2424 16
2354	AFD56D6A-0A96-11EF-95B4-68545AD2D871
2355	japanese_manga_books_01::base_book_stack_01a_new
2356	-1152 2840 16
2357	1036.68 -1824 16
2358	ADDCD973-1794-11EE-AB31-68545AAE1653
2359	56 2551 -48
2360	674A3402-DB5A-11EE-AF05-FC3497283F54
2361	hardpoint_vis_04
2362	-600 -2592 10
2363	FCF51872-DB52-11EE-AF05-FC3497283F54
2364	pf9ec4267e213d4b43_auto2108
2365	0 128.998 0
2366	-12.75 -2021.75 16
2367	7F9F57FB-1851-9C58-873E-49295DBE51F6
2368	3D76D6E4-6165-11EE-AC4B-68545AAE1653
2369	mp_tdm_spawn_allies_start
2370	57B3D1EE-6D3E-11EE-AC5B-68545AAE1653
2371	208 1936 8
2372	-864 2760 16
2373	5BB2F9D5-A3A7-BEE7-0E2D-99DEEE727A17
2374	pf108d92fb6a0e846b_auto2108
2375	-640 2280 15.794
2376	7A0D48BD-61AA-11EE-AC4B-68545AAE1653
2377	-800 2344 10
2378	968 936 48
2379	-752 -2600 10
2380	E6549A80-4619-A3FA-CA27-3CD68193097B
2381	-360 1648 8
2382	AFC273AC-4E22-FEA9-C78D-C9A2518D84B8
2383	A15B2CBD-0A93-11EF-95B4-68545AD2D871
2384	-648 2480 15.5618
2385	FC24C54B-DB4F-11EE-AF05-FC3497283F54
2386	vfx/jup/level/mp_jup_elevated/vfx_elevated_leaves_swirling_green
2387	73120C80-C872-AF91-C602-1F8CB7998E12
2388	7A0D48DD-61AA-11EE-AC4B-68545AAE1653
2389	vfx_elevated_leaves_falling_green_02
2390	656 480 48
2391	sealion_sidequest_windchimes_chime_fx
2392	9DBAB6FB-65E5-68DD-03DB-2783EA9E1ACD
2393	-989 2360 16
2394	81BE7CA5-33FD-11EF-AF1C-B0A460E7697D
2395	-98 2330 -40
2396	CC50A504-10F1-06C6-7A85-B81AD4F74632
2397	170 2058 8
2398	207820FE-25D4-5BEE-30B1-37E9A7951912
2399	979ABFE5-0A91-11EF-95B4-68545AD2D871
2400	-336 2056 16
2401	-760 -2584 10
2402	19E41060-0A95-11EF-95B4-68545AD2D871
2403	6F1EEE24-FF76-AE5E-BCDA-B8BC53C447A2
2404	-504 -2584 16
2405	traversal_door
2406	F9B0DBDB-9687-0166-FE6E-59BED21B7ECD
2407	06714B3F-48D7-7708-4CAC-9F3262AEE1A3
2408	ADDD27A0-1794-11EE-B009-68545AAE1653
2409	930FCE0A-995D-11EE-AC46-0CDD24150E54
2410	43C8E561-A09B-3247-0D4C-187478F21A2D
2411	848 720 48
2412	-856 2352 10
2413	6B3B5863-4352-9FCF-F087-1DF7B6E9052F
2414	-821 2424 10
2415	45658BDA-7065-895D-5395-CD401D10CB33
2416	16 2432 -48
2417	7E8C40DA-0102-11EF-AF11-FC3497283F54
2418	3D76D6EF-6165-11EE-AC4B-68545AAE1653
2419	5518E5FC-72B9-2331-0433-D16AEF6AD5C8
2420	197.072 1762.93 10
2421	922.528 -1114.32 48
2422	5E21A775-DB5A-11EE-AF05-FC3497283F54
2423	0 290.305 0
2424	2D17B6DD-995E-11EE-AC46-0CDD24150E54
2425	49B59DAA-6176-11EE-AC4B-68545AAE1653
2426	7C2B6D98-8EEF-1EFC-0E09-10E93C206464
2427	pf90e69c808fea8bc3_auto2108
2428	pf4297d6f179166642_auto8466685311780645588
2429	scriptable_jup_electronics_cash_register_01
2430	333E00F8-74E8-E8C0-E036-DE5C30283ED5
2431	C99524CE-DB5D-11EE-AF05-FC3497283F54
2432	-744 -2968 10
2433	18CFF3B9-DB25-11EE-AF05-FC3497283F54
2434	8CA93D47-9202-197E-4210-948FF3934257
2435	vfx/jup/level/mp_jup_elevated/vfx_elevated_fluorescent_lensflare_pink_large
2436	9BBDC7FD-B74A-BD05-690D-CF2F1B027625
2437	7FD0B23B-B965-EDBE-74CD-6BE6FD81D2BC
2438	-1021.07 -2514.93 8
2439	E427CF94-DB5F-11EE-AF05-FC3497283F54
2440	0 210 0
2441	194CFFBE-00EE-11EF-AF10-FC3497283F54
2442	033F6179-96F0-BD4E-B411-3C8B9D6F30A1
2443	4447D1CD-6165-11EE-AC4B-68545AAE1653
2444	9BE84D25-0103-11EF-AF11-FC3497283F54
2445	-400 -2448 16
2446	-680 -2600 10
2447	mp_ctf_spawn
2448	9D71E32A-93B0-E253-1C12-065EF5CEA025
2449	-624 -2600 10
2450	0 225 0
2451	EE011562-0A94-11EF-95B4-68545AD2D871
2452	0 44.9998 0
2453	56 2560 -48
2454	scriptable_base_book_01a_new
2455	8CE53136-40FC-682A-5C04-3B91C65AD6A6
2456	87292E56-99BF-4DD3-4CE7-6053F46F1080
2457	-864 1064 10
2458	37F808B5-B8AD-1521-05A4-C00801EA4880
2459	78A688C7-0A84-11EF-95B4-68545AD2D871
2460	423D7219-8EC0-D0B7-73FF-0543ED2718F5
2461	84C4CEC7-D5E0-9521-F4C2-593328AC20A3
2462	F9CAE350-0102-11EF-AF11-FC3497283F54
2463	scriptable_uk_lighting_ceiling_fixture_01_on
2464	A120A830-B0ED-11EE-AEFD-B0A460E76980
2465	ADDD27A5-1794-11EE-B613-68545AAE1653
2466	8ABCD062-2679-C005-E6D3-6B888F55AB6B
2467	910A7FED-FB71-11EE-AF09-FC3497283F54
2468	0D963C22-B0EA-11EE-AEFD-B0A460E76980
2469	C969271A-B0ED-11EE-AEFD-B0A460E76980
2470	19E41044-0A95-11EF-95B4-68545AD2D871
2471	6DCA706D-F0A3-52ED-E0FA-DEFE1413C71D
2472	EF56C19D-1FAD-850C-A1F0-D8FFAF2EE142
2473	-616 -2728 10
2474	mp_dom_spawn_axis_start
2475	-720 2480 10
2476	67A1070B-8A8B-E513-5156-F558CCD433C6
2477	701AA5EA-88B9-D55D-2CCC-C6F0C80E2DFA
2478	DEA0EE98-0A94-11EF-95B4-68545AD2D871
2479	965F0222-CD74-8004-CE72-681D0C0756A9
2480	99DEB080-8846-C756-4E01-4B187B66870F
2481	-994 2452 16
2482	86C2E3A1-DB51-11EE-AF05-FC3497283F54
2483	ee_food_fruit_orange_stack_06
2484	60A96D9D-04E8-0404-CD59-D0433578471B
2485	-1517.8 -1390.34 16
2486	12F1C7A1-DB49-11EE-AF05-FC3497283F54
2487	-1192 1656 16
2488	B9E3C824-E692-0DD4-50F5-81143045D122
2489	-224 2010 16
2490	-1144 2832 16
2491	-1509 -1951.25 16
2492	81AF42FB-34B3-D964-F883-AF9170C8DB64
2493	D0E3E66D-DB24-11EE-AF05-FC3497283F54
2494	5DC96E9E-EF3D-BB82-3CAB-C2B1436BDBCD
2495	pf496ec518dcbf339e_auto2108
2496	59184459-5BFD-4A37-B378-21CE73932ADD
2497	64 -2304 16
2498	11828F7E-FB76-11EE-AF09-FC3497283F54
2499	616 -2312 16
2500	F0DA009D-58F1-283E-6F13-C6B1CC620362
2501	FEB1BF05-B699-E846-7B75-0F889FEB11B4
2502	70F0D887-6DE6-4A70-22A6-25D1A9612637
2503	FBE8D69D-A0B1-04CC-C5A4-ED6CE5801128
2504	68CF538C-482F-204D-0C8A-DC8EE2155500
2505	78D28AF7-FA06-5EF1-0642-9B2DD354589A
2506	55791E9A-3132-4A81-E471-9A25EED18739
2507	vfx/jup/level/mp_jup_elevated/vfx_elevated_light_lens_flare_indoor_bulb
2508	824 1208 48
2509	E096F00D-E590-BB24-7799-D2737F228232
2510	vfx/jup/level/mp_jup_elevated/vfx_elevated_steam_ac_vent_vapor
2511	E5CABB10-9F5A-E569-EC0F-90CCDB721F83
2512	0 317.73 0
2513	6A303A2E-DBF6-BDB7-ADB3-AB52F9B6AA62
2514	-1448 -2096 16
2515	-1324.25 874.75 24
2516	AE2878C7-97A9-25E2-85CE-05BAF2EB4F02
2517	07EBE98F-8F5E-B974-414D-08892E174152
2518	9A202657-FB72-11EE-AF09-FC3497283F54
2519	0 216 0
2520	-456 1688 8
2521	D76F1812-B0EA-11EE-AEFD-B0A460E76980
2522	-696 -2656 10
2523	pfbbc4763c12b4f5ff_auto2108
2524	C9CE7A8E-61AB-11EE-AC4B-68545AAE1653
2525	64822C34-BCF5-8C24-66E7-4A0416C5E52D
2526	83A4CE5E-0A93-11EF-95B4-68545AD2D871
2527	906.528 -1114.32 48
2528	D83E85FC-33FD-11EF-AF1C-B0A460E7697D
2529	9BBD2C70-317E-8631-333B-B30DC87F0DD3
2530	-324.924 2044.51 16
2531	320 -1824 16
2532	-976 2336 16
2533	pf1c49579c3f3e1970_auto2108
2534	-1144 2839 16
2535	806D5E96-DB5D-11EE-AF05-FC3497283F54
2536	D76F1815-B0EA-11EE-AEFD-B0A460E76980
2537	7A0D48E0-61AA-11EE-AC4B-68545AAE1653
2538	scriptable_decor_medieval_ceramic_pottery_05
2539	pf4ad26e166dd73be_auto4
2540	B37DDF7D-0A95-11EF-95B4-68545AD2D871
2541	-1360 -2032 16
2542	BCAB8D51-2E6D-2C7A-6BB2-1DBB0B6391D0
2543	A9742BFA-C877-CC28-3BB3-4D29BC4266FE
2544	C9692729-B0ED-11EE-AEFD-B0A460E76980
2545	0 92.2881 0
2546	-1503 -1387 24
2547	608 -32 48
2548	A56529B9-DB5F-11EE-AF05-FC3497283F54
2549	base_book_group_01b_new
2550	10BEFB58-DB25-11EE-AF05-FC3497283F54
2551	194CFFB8-00EE-11EF-AF10-FC3497283F54
2552	44407A60-6498-3A96-28CE-58CB41E10F21
2553	271C0B8D-00EE-11EF-AF10-FC3497283F54
2554	FC86FE00-8B7E-7FBC-C070-63883EB0E651
2555	scriptable_lm_door_glass_metal_frame_l_brkn_mp
2556	DDEC4F71-FB6F-11EE-AF09-FC3497283F54
2557	0 106.474 0
2558	1F45DC5C-DB61-11EE-AF05-FC3497283F54
2559	08D6019A-DB47-11EE-AF05-FC3497283F54
2560	1E7E2B00-0B0A-FB84-5DAB-451BAC5C45D0
2561	pf66dac7ada8587930_auto2108
2562	DDEC4F7C-FB6F-11EE-AF09-FC3497283F54
2563	7877815F-7B4D-AF67-6A47-AD87B7A007C6
2564	3B1E3B45-00F0-11EF-AF10-FC3497283F54
2565	B9EEC598-DB48-11EE-AF05-FC3497283F54
2566	F97D56E4-EFBA-C91A-81CE-922C7F3BF4E6
2567	3449A7F7-52A4-DD51-1A6A-9DCF47EFE384
2568	mp_control_spawn_defender_secondary
2569	48B26979-93FF-A30B-B077-04522909DE50
2570	2C04C1E3-1F59-0422-0A82-7DAB39C17185
2571	1878970D-9A30-1C1C-737A-C679EF11D4B1
2572	05594655-6166-11EE-AC4B-68545AAE1653
2573	F17E864B-80A7-7B69-1FB6-ADD894B8FFF0
2574	445699FC-0103-11EF-AF11-FC3497283F54
2575	43E46A50-CC02-C08F-68C0-E5CEB825BF81
2576	F1ACE546-3DB3-0EDF-E368-6990728F0137
2577	A78608D7-B2F3-FBCA-FD73-046F57F772CA
2578	0 10.8865 0
2579	25B03CAC-0039-4FFC-85EC-69637168AABA
2580	-1494 1854 16
2581	DFA3E9A0-49EA-D6A7-5CD4-F5A310F52FC4
2582	pfc1ae6782f800d060_auto2108
2583	85ACA7A9-00F0-11EF-AF10-FC3497283F54
2584	411C5211-051C-5BFF-404D-520BDB596E8F
2585	D76F180F-B0EA-11EE-AEFD-B0A460E76980
2586	7843F1C7-FDBE-B4E6-396E-8E3616FAF92E
2587	87B78746-DFFF-AEBE-A75A-7347664A883D
2588	FA383E5E-202D-9F4A-417F-74F50F42955B
2589	224B8105-A670-CA2E-133D-74830C750A56
2590	-930.75 1630.5 16
2591	-632.75 1702.25 24
2592	AFCCAE56-6869-230C-1C08-F44C56A93CF2
2593	6EC0A0AC-B197-2BC5-A77D-B1E492B6A736
2594	default
2595	scriptable_me_kitchen_coffee_bag_01
2596	888 -424 48
2597	EE50FC73-DB4E-11EE-AF05-FC3497283F54
2598	3F21E18D-B938-8C17-9E74-FCF73387AF1D
2599	-512 -2600 16
2600	F497A1C3-6A32-C3C1-951D-31757DBFD038
2601	prefabs/createfx/mp_jup_elevated_cfx.map
2602	5C909C77-00F4-11EF-AF11-FC3497283F54
2603	1E2B3EA5-FB72-11EE-AF09-FC3497283F54
2604	vfx/jup/level/mp_jup_elevated/vfx_elevated_ground_petals_blowing
2605	-848 2344 10
2606	2A8817B3-FB72-11EE-AF09-FC3497283F54
2607	C888002D-DB48-11EE-AF05-FC3497283F54
2608	0 267.352 0
2609	explode_left_90
2610	F77B7EA1-69A1-CA8C-3A09-3A4C0ADBF23A
2611	200 1896 16
2612	23AAE8B6-33FD-11EF-AF1C-B0A460E7697D
2613	8E661D35-6870-CA94-00A8-EAC33B819760
2614	control_vis_b
2615	19D0F397-DB4F-11EE-AF05-FC3497283F54
2616	F3C0CF61-4191-6CA3-412D-BDC78D5365D1
2617	-648 2554 23.4759
2618	-776 -2648 10
2619	E9F3FE5A-06A9-2299-E193-13BB06737EF9
2620	4DBA1F80-0A84-11EF-95B4-68545AD2D871
2621	99FCFA4A-DB53-11EE-AF05-FC3497283F54
2622	4E5E77FD-DE8C-F741-1904-C63CCAB52B68
2623	-1021 -2728 9.99999
2624	624 -2304 16
2625	829C382D-DB53-11EE-AF05-FC3497283F54
2626	-688 -2600 10
2627	53D72AE6-0B88-8832-9B25-2667E8EFF877
2628	jup_toy_rubber_duck_01
2629	5B6BD5D0-DB63-11EE-AF05-FC3497283F54
2630	05594678-6166-11EE-AC4B-68545AAE1653
2631	-784 2480 10
2632	853.25 1167.75 56
2633	D3A68265-61AB-11EE-AC4B-68545AAE1653
2634	ADDD279F-1794-11EE-AB88-68545AAE1653
2635	0 300 0
2636	05961A7B-3E0E-78CE-E067-2BA40717EF1B
2637	-664 -2592 10
2638	2E23A054-DB63-11EE-AF05-FC3497283F54
2639	-1460.5 -2180.75 24
2640	AD9683C8-6333-90AC-A414-DDE564E578F4
2641	-1481.75 1406.5 24
2642	4E533BE5-C1DF-3F56-F103-6421F1ED72D7
2643	0 353.878 0
2644	ADDD008A-1794-11EE-8566-68545AAE1653
2645	-56 -2288 16
2646	C5AF8D20-7F71-8F1A-6A9D-5A39D58CFE54
2647	5B3BA6CE-DB61-11EE-AF05-FC3497283F54
2648	D61D65F0-E43B-2491-DD7D-93A970640628
2649	-632 -2952 10
2650	-848 2480 10
2651	8103E00B-2941-22FA-CBB2-6109633888CF
2652	-800 -2160 16.0286
2653	01A43255-019C-11EF-AF11-FC3497283F54
2654	-300.924 2404.51 -48
2655	vfx_elevated_birds_circling
2656	280 -1096 56
2657	808 -1304 16
2658	vfx/jup/level/mp_jup_elevated/vfx_elevated_steam_ac_vent_vapor_02
2659	ADDCD975-1794-11EE-B675-68545AAE1653
2660	CA9498B4-DB24-11EE-AF05-FC3497283F54
2661	pf8c898dda9473fcd4_auto2108
2662	F3BC1FAA-0102-11EF-AF11-FC3497283F54
2663	scriptable_bathroom_garbage_can_02
2664	0 300.49 0
2665	50958B82-6166-11EE-AC4B-68545AAE1653
2666	-1195 1600 24
2667	BD997A0F-6165-11EE-AC4B-68545AAE1653
2668	pf568fa6684191de9_auto2108
2669	109.319 2056.69 16
2670	D3A68262-61AB-11EE-AC4B-68545AAE1653
2671	139BBBD7-EDC4-05FD-74FE-2396E6F53BE3
2672	0 17.1243 0
2673	1FABA1DF-DB62-11EE-AF05-FC3497283F54
2674	4447D1F0-6165-11EE-AC4B-68545AAE1653
2675	vfx_elevated_ground_petals_blowing
2676	A0E8A4B6-2003-060B-38D2-1BFA7F90BF89
2677	B6326865-91C4-4D25-54B0-B61A730FE89C
2678	612.686 -2320 16
2679	9473A629-0BDF-A214-09AD-EB82F18AE713
2680	3CCBB14D-651F-7987-B1F9-ADC99311F12A
2681	828542F1-DB48-11EE-AF05-FC3497283F54
2682	81904DF2-CD8B-83DD-AB62-5D67262971EA
2683	-392 -2128 16
2684	29E54523-0A8F-11EF-95B4-68545AD2D871
2685	9325E45D-2723-A8A0-779A-C0EA65C6C6D7
2686	0 251 0
2687	-1302.25 -1951.25 24
2688	9A202649-FB72-11EE-AF09-FC3497283F54
2689	-882.25 1546.5 16
2690	food_trash_cup_tall2
2691	-56 -1816 16
2692	9889BBF1-149F-BC09-B593-242767F0609C
2693	664 488 48
2694	49A8137F-882F-EEC9-9946-25C537ED6A75
2695	A51F0D60-0A95-11EF-95B4-68545AD2D871
2696	7103B0DA-0103-11EF-AF11-FC3497283F54
2697	-864 2352 10
2698	-264 288 16
2699	8DFACC5A-C096-EC0D-AD06-84D6CC209713
2700	F8268AC6-4665-83F6-1F67-CB581E094311
2701	jump_down_40
2702	jump_down_80
2703	C2DC7954-DB5D-11EE-AF05-FC3497283F54
2704	-621.5 1903.5 16
2705	-920 2751 10
2706	-680 -2720 10
2707	C6128E96-00ED-11EF-AF10-FC3497283F54
2708	7595DD32-8FB9-625F-25E8-C9C95FF73FC7
2709	486D2BDB-3625-304D-C94C-7CD5F3031024
2710	58EC7991-4570-9E8C-6203-2BD5012506B6
2711	B6BB89F8-DB49-11EE-AF05-FC3497283F54
2712	pf93cd73db0adb752a_auto2108
2713	8FE7D417-FA61-C4AB-5C70-DB0B66ECD7B4
2714	-646 2430 23.6199
2715	vfx/jup/level/mp_jup_elevated/vfx_elevated_light_shafts_sm
2716	B42C6279-3D79-11EF-95D1-68545A904D17
2717	1D59AFF5-6166-11EE-AC4B-68545AAE1653
2718	BC38295E-0102-11EF-AF11-FC3497283F54
2719	536 -2288 16
2720	jup_kitchen_cutting_board_walnut_01
2721	016A616D-EFE0-7086-4C13-886E51943EE4
2722	pf9a276d042f21c684_auto2108
2723	8D084BA2-DB5F-11EE-AF05-FC3497283F54
2724	food_trash_container_02
2725	CFBFC25C-FB6F-11EE-AF09-FC3497283F54
2726	16F56E6B-FB72-11EE-AF09-FC3497283F54
2727	1EA4E10D-CBFD-0778-FEC0-4D0354CF55CB
2728	-1528 -2096 16
2729	-1016 -2496 16
2730	ee_food_fruit_watermelon_02
2731	B505B8A8-8CE9-B2B6-F1FB-E8597EB49B16
2732	94 -2050 16
2733	BD997A1A-6165-11EE-AC4B-68545AAE1653
2734	0 105 0
2735	B42C6288-3D79-11EF-95D1-68545A904D17
2736	8DB1457D-8399-1299-59F3-B792C8E339F7
2737	35F9E603-3E7D-77AD-D886-25F0786B21FD
2738	scriptable_un_office_computer_monitor_01_169
2739	7A0D48D7-61AA-11EE-AC4B-68545AAE1653
2740	-648 2344 15.7197
2741	58E92B50-9564-1E09-551B-D0F4DB822697
2742	DD46010C-DB4F-11EE-AF05-FC3497283F54
2743	24 2296 -48
2744	632FAF13-0CCD-FF32-B0B5-9EC10F81D91A
2745	-144 -984 48
2746	3B99F98A-DB63-11EE-AF05-FC3497283F54
2747	explode_right_90
2748	D0E3E670-DB24-11EE-AF05-FC3497283F54
2749	BBA4693E-00F4-11EF-AF11-FC3497283F54
2750	70249F88-FC89-F4F5-005B-1B921C03231A
2751	A3712C8F-D6FD-E3E9-67A4-8138BD19AA05
2752	F1FC7F1E-010B-11EF-AF11-FC3497283F54
2753	BB4D1315-DB4F-11EE-AF05-FC3497283F54
2754	scriptable_milk_crate_iw6
2755	073AE0D0-DB53-11EE-AF05-FC3497283F54
2756	AFD56D6F-0A96-11EF-95B4-68545AD2D871
2757	C9CCE83F-3C44-40F5-4CC1-5563DEDC3B1A
2758	0 190 0
2759	-468 -2656 16
2760	food_vegetable_eggplant_bunch_01
2761	BC05A66D-0A93-11EF-95B4-68545AD2D871
2762	A208A2F9-010B-11EF-AF11-FC3497283F54
2763	vfx_elevated_clouds_01
2764	B617AD4F-02DE-D758-FBE9-F40B25B3AC4F
2765	BD997A4B-6165-11EE-AC4B-68545AAE1653
2766	-1432 -2096 16
2767	E9A0B6B1-469A-3B11-4D20-B28DB435A2EC
2768	0 264 0
2769	402564E5-C176-C0AA-F592-6ACAFF7AA379
2770	0 60 0
2771	scriptable_base_book_group_01b_new
2772	2BECC1DC-6166-11EE-AC4B-68545AAE1653
2773	14611FA9-616E-6077-48F6-25E410D7303A
2774	0 59.9999 0
2775	C2406E43-0102-11EF-AF11-FC3497283F54
2776	E928CF69-B0EA-11EE-AEFD-B0A460E76980
2777	-252.75 2614 -40
2778	-1354.93 -2042.93 16
2779	japanese_manga_books_01::base_book_stack_02a_new
2780	9965CC4A-6165-11EE-AC4B-68545AAE1653
2781	58AA0937-D0F4-C284-31FE-40319B4C3784
2782	0 44.9999 0
2783	-1008 -2712 16
2784	9B920A56-D8DC-A218-D084-7586802B5D53
2785	0 283.139 0
2786	336BFBE9-17D3-C957-E28C-C9758CE5E283
2787	E61EEFAB-DB50-11EE-AF05-FC3497283F54
2788	0 16.7202 0
2789	F6BA6087-0A94-11EF-95B4-68545AD2D871
2790	FD57B082-3ECC-7307-C07B-6A2FB18D97ED
2791	E2395C24-6CA7-1487-CDCF-70573B1EE3A3
2792	92709354-0102-11EF-AF11-FC3497283F54
2793	01A43262-019C-11EF-AF11-FC3497283F54
2794	CFAFF4F1-DB5F-11EE-AF05-FC3497283F54
2795	AFD6A0BC-2932-AFEA-6977-AB0CFEB36E2D
2796	28099DCB-DB63-11EE-AF05-FC3497283F54
2797	-378.929 -2581.07 16
2798	ADDD4EA8-1794-11EE-8468-68545AAE1653
2799	23AB0EA6-F7BE-86D8-81CB-4AA3A246B6C7
2800	-1270.5 1411.25 24
2801	pf47880f9a3471c92e_auto2108
2802	A24361E3-9D11-9424-D8B4-A8E3FF3A68BB
2803	D2D0BD4B-F0BD-72C9-8D71-0600D544152F
2804	3102E567-A398-BD0F-AAA1-52B2D0EF965F
2805	mp_control_spawn_defender_start
2806	F9A9D96F-5AA3-1BA0-F9C5-BF76A015E07A
2807	FCF51888-DB52-11EE-AF05-FC3497283F54
2808	equipment_satellite_dish_01_sml
2809	-600 -2584 10
2810	control_vis_a
2811	-1112 1888 16
2812	-656 2480 15.5618
2813	68A9B9D9-0103-11EF-AF11-FC3497283F54
2814	-1520 -2104 16
2815	vfx/jup/level/mp_jup_elevated/vfx_elevated_leaves_blowing_ground_petals
2816	7BE25235-1FF4-88A8-5DCD-53898CB768E9
2817	9828D0FC-77AB-0546-9229-CD12A00141A6
2818	mp_koth_spawn_allies_start
2819	ADDD4EA6-1794-11EE-A06A-68545AAE1653
2820	17DAAD37-1445-541A-F37B-5DDE13C79B9C
2821	F9CAE34D-0102-11EF-AF11-FC3497283F54
2822	6C38B1FA-6165-11EE-AC4B-68545AAE1653
2823	0F687F02-3175-93CC-0FC9-F8D94771D90F
2824	136 -1832 16
2825	-464 -3000 16
2826	DDC5D784-DB5D-11EE-AF05-FC3497283F54
2827	385942D9-DB4F-11EE-AF05-FC3497283F54
2828	-992 2336 16
2829	21D7043A-0A96-11EF-95B4-68545AD2D871
2830	-1480 -2112 16
2831	7536E8DA-6220-6D56-413F-3187300F06B6
2832	-272 -1760 16
2833	C26FFCF8-C56A-2B40-E55E-4F8F808932FA
2834	frozen
2835	B42C628D-3D79-11EF-95D1-68545A904D17
2836	-760 -2664 10
2837	pf74be3d6b4185c86c_auto2108
2838	-744 -2600 10
2839	3759B133-59BF-5C7C-3EAF-5451AA39B07D
2840	0 220 0
2841	-1464 2096 16
