   1	0 53.1002 0
   2	A15AD57B-1196-882F-AD82-DC45A83ECDFC
   3	-2273 -10223 153
   4	pf4dae1a9f6b3c858d_auto1
   5	-297.13 -8105.08 166.512
   6	4AF7F4E8-DF46-B9E0-7144-9FA73AEF3656
   7	top
   8	0 58.9067 0
   9	7379109A-4CE4-11EE-9489-A4AE122C4F38
  10	33C86DB5-63C5-3B7B-1FDF-B54A6B20934A
  11	0 128.4 0
  12	2757968E-27E2-E1EF-CB55-4EC431709ED7
  13	scriptable_scriptable_door_wood_ornate_exterior_01_mp
  14	pffd2f5b01b2302d8_auto1631111513056630096
  15	6F933DDA-C059-11EE-9494-A4AE122C4F38
  16	64B1C325-73F8-11EE-948B-A4AE122C4F38
  17	pf341eef5b30530711_auto4
  18	bathroom_sink_02
  19	pfebe7b1c058ee4f35_auto8440339965006942692
  20	58 -8808 152.391
  21	-791 -8642 151.087
  22	-2097 -10837 152
  23	-944 -12471 184
  24	AA4DD8D5-C441-11EE-9494-A4AE122C4F38
  25	full
  26	D00F8089-FAAA-21A3-FD8B-B623C77AA1B9
  27	A1841376-D0D5-11EE-9497-A4AE122C4F38
  28	pf7b4aa12e3d7cd3dd_auto4
  29	pf7e672b4216b0eb11_auto4
  30	A5856F8F-394C-6165-5E8D-7E09D707F828
  31	A5054E03-586F-58F3-8266-D88EA7A5D323
  32	-1957 -12474 184
  33	D7FE7BFA-CFF6-11EE-9496-A4AE122C4F38
  34	D9DD7C52-48F4-0E4D-A112-02169F2095C4
  35	-284.683 -8173.34 163.598
  36	invisible
  37	8C00CA91-1AB0-6392-5E9F-FB692CB3ED4A
  38	-1579 -12311 184
  39	15C6F513-422A-F880-0571-011B8C2D044F
  40	scriptable_door_wood_ornate_exterior_01_mp
  41	0A812C76-05F9-9A9B-FE6A-BADCFC2BD229
  42	5CB7E876-CB3F-11EE-9496-A4AE122C4F38
  43	-1705.6 -12250.3 184
  44	military_ammo_restock_noent
  45	E357355A-46C3-960E-DF56-CFD45BB172F0
  46	96CFF127-734B-11EE-948B-A4AE122C4F38
  47	pf5359ffcee98cb81_auto1
  48	pfcd260521e987e01_auto1
  49	DD30314F-CD21-11EE-9496-A4AE122C4F38
  50	11A7DFD2-1B52-D9FA-F4AB-8FDED95B9147
  51	8DEF5E93-C3BC-9F9A-84FE-DB3DFF4A2018
  52	44D60905-519B-11EE-9489-A4AE122C4F38
  53	pf306cb39e936be900_auto4
  54	54F955EE-E142-11EE-9499-A4AE122C4F38
  55	C05F758E-9CA4-DC7C-1823-79BA0333D6DD
  56	pf37282ba664beb7e_auto1
  57	0 89.9997 0
  58	0 268.23 0
  59	pf3992104359791fa0_auto4
  60	-143.129 -8277.64 163.133
  61	BCF32A3A-85BF-C930-CD18-F8EDBAC8E56E
  62	vfx/jup/level/mp_jup_escape5/vfx_esc5_steam_lg
  63	7ECE9DCD-74C4-4FA4-ABA7-3519F46F199D
  64	-832 -8602 153.395
  65	B1C8E227-FB23-B02E-48CB-C9A876649B61
  66	pf6449568288570869_auto4
  67	scriptable_ee_can_paint_closed_01
  68	96D2B228-5B61-DC14-7C56-06827AEA0EF8
  69	mp_dd_spawn_attacker_start
  70	pf640294857e9e4f32_auto4
  71	0 25.099 0
  72	scriptable_base_book_stack_01a
  73	B1772912-7D11-ADBC-F82D-298D4E064434
  74	mp_dd_spawn_defender_b
  75	-110.871 -8154.36 180.018
  76	pf2bd4ade0538e47fd_auto1
  77	pf20932b952fc2f303_auto4
  78	mp_control_spawn_attacker
  79	fully_opening_unusable
  80	54CD6E99-772E-11EE-948B-A4AE122C4F38
  81	-206.621 -8261.84 162.189
  82	0 89.998 0
  83	pfa809fd7d06426b3c_auto4
  84	0 90 0
  85	-1568.25 -9649 152.459
  86	EC73CC8C-7505-F7D0-6645-EB2681495FCB
  87	A5D65D26-4CE4-11EE-9489-A4AE122C4F38
  88	45E80101-AE5D-BE44-E6DC-D436CFA6738F
  89	7ECB2F3C-7406-11EE-948B-A4AE122C4F38
  90	pf3c7bffe5725964eb_auto4
  91	-801 -10838 152
  92	mp_dd_spawn_attacker_b
  93	0 254.398 0
  94	scriptable_scriptable_construction_doors_metal_b_02_mp
  95	icon
  96	0 45 0
  97	pf329eaab9b76a855_auto1
  98	-1645 -12182 184
  99	7DBDD1B7-F5A8-3DDA-DE9A-89A89C247C05
 100	7ECB2F28-7406-11EE-948B-A4AE122C4F38
 101	mp_dom_spawn_secondary
 102	script_model
 103	-1774 -12376 184
 104	-1739 -12313 184
 105	pfbbb6d010a7b8c035_auto1
 106	pfb39d3c14a560509d_auto4
 107	un_backgammon_game_01_flat
 108	BA03C9E8-467E-11EE-9487-A4AE122C4F38
 109	-1674.3 -12313.5 184
 110	-221.225 -8190.45 167.55
 111	CB028E3B-1E2A-3C8F-7E9A-41E07EE72538
 112	0 125.499 0
 113	-2223.25 -12360.5 184
 114	AA4DD8C1-C441-11EE-9494-A4AE122C4F38
 115	7ECB2F14-7406-11EE-948B-A4AE122C4F38
 116	-299.33 -8103.99 170.206
 117	vfx
 118	5BA4A55E-CBB9-8381-0988-891029449FE8
 119	pf9402a0bce3c10d1c_auto1
 120	74588368-0676-018D-5885-5229631D4982
 121	-1211 -12099 183
 122	tag_off
 123	pfb131444031efc138_auto1
 124	3AB628E3-C441-11EE-9494-A4AE122C4F38
 125	pf62931e11be0f51bb_auto2947938573612102350
 126	B5435949-26AA-359E-46B5-70078268C386
 127	un_office_computer_monitor_02
 128	-1775 -12248 184
 129	pf92bb327ef727653c_auto1
 130	3B0A829F-E3D8-70AF-55BD-29A6B8EA9DDF
 131	017BC119-6115-C668-82AA-0D21A06209BA
 132	closed
 133	0DDAD941-73FD-11EE-948B-A4AE122C4F38
 134	pfba376f6a9c3c11de_auto1
 135	D87FDA9A-D004-11EE-9496-A4AE122C4F38
 136	B07779EE-B81A-63FF-8B91-CD836F24E9F1
 137	76EDFF24-7349-11EE-948B-A4AE122C4F38
 138	5EE19E64-772E-11EE-948B-A4AE122C4F38
 139	13AD3975-7029-348A-14DE-891EFF0CA6AE
 140	913885EC-772E-11EE-948B-A4AE122C4F38
 141	FC88AE2B-1CB7-FFCB-3F45-DF9973186970
 142	pff1bc15d3b8fea12d_auto4
 143	mp_dm_spawn_start
 144	994A3650-4C44-5B9A-411B-9DC50F970ABC
 145	0 219.48 0
 146	3742A6F6-73FD-11EE-948B-A4AE122C4F38
 147	EE52EC65-73F7-11EE-948B-A4AE122C4F38
 148	0 259.411 0
 149	-1707 -12249 184
 150	F5335282-7B00-13AA-D5B8-FE67CADA414D
 151	pf5a4c0c58fb2f5c2b_auto8937534355647439325
 152	mp_dom_spawn_allies_start
 153	mp_arena_spawn_axis_start
 154	E9BC3EB2-CFFB-11EE-9496-A4AE122C4F38
 155	pfd8c9e2be808af02f_auto1
 156	bink4
 157	-114 -8157 181.379
 158	6F933DC1-C059-11EE-9494-A4AE122C4F38
 159	-111 -8154 180.079
 160	pfce896df055066b48_auto1
 161	-330.445 -8228.68 158.663
 162	pf91fe337ede4f614e_auto4
 163	-2223 -12360 184
 164	-686 -12453 184
 165	electronics_headphones_02
 166	pf23640e8b038c9415_auto1
 167	6FE29456-73FB-11EE-948B-A4AE122C4F38
 168	pf928c07120d8e2bc5_auto1
 169	E9BC3E71-CFFB-11EE-9496-A4AE122C4F38
 170	DB5B0562-677D-F581-8087-8278902BC3B4
 171	7380FC0D-757E-241D-4C9D-A8D8D21F7E0E
 172	-1677 -12246 184
 173	A950A235-A1B9-798C-661E-E282F4CB2F7B
 174	E9BC3E6C-CFFB-11EE-9496-A4AE122C4F38
 175	scriptable_un_appliance_water_cooler_dirty_01
 176	FEFAC4BA-B9F0-11EE-9494-A4AE122C4F38
 177	pf62c65f2b1696dd05_auto4
 178	DEF9B56D-CC0D-11EE-9496-A4AE122C4F38
 179	-212.725 -8260.85 163.988
 180	-1137 -12299 184.25
 181	0 322.8 0
 182	0 222.7 0
 183	8B700DE0-930F-D7D4-8C63-0268AE2A38FB
 184	5
 185	pfa46073ce4f8834e5_4
 186	-1777.25 -9342.25 153
 187	03AD9F7F-B9F0-11EE-9494-A4AE122C4F38
 188	pfa47003fe2d6d8e46_auto4
 189	0 226.5 0
 190	-332.458 -8227.63 162.564
 191	tool_shop_broom
 192	-945 -12469 184
 193	pfebe7b1c058ee4f35_auto1
 194	-1611 -12475 184
 195	310E9A22-7422-11EE-948B-A4AE122C4F38
 196	-335.766 -8226.57 160.462
 197	3922D469-CE2B-774D-92F3-77B6132B6BF2
 198	044159E3-5195-11EE-9489-A4AE122C4F38
 199	pf2dadb37201c737d6_auto1
 200	ee_can_paint_closed_01
 201	pf9d29c0d80e2e9f7a_auto1
 202	E9BC3EAD-CFFB-11EE-9496-A4AE122C4F38
 203	pf6fabca2060126cb3_auto1
 204	8306595D-653B-D0A3-5477-7DCC36DAA305
 205	E7BB1013-D413-8781-D52D-FCF438EECB7C
 206	F6D2A5E1-7B9D-81E3-89F0-19C6BF4CF810
 207	pf706a524a10c6775e_auto1
 208	pffd2952d72d28d538_auto4
 209	3AB628E0-C441-11EE-9494-A4AE122C4F38
 210	-2539 -9690 152
 211	0 262.1 0
 212	B929AD97-73FE-11EE-948B-A4AE122C4F38
 213	4FB3D060-7422-11EE-948B-A4AE122C4F38
 214	4981FA3B-2196-F91C-DE31-16ADFE7FB616
 215	0AE11EE1-FFC4-C87C-EAD4-5D7CB6CF1ED6
 216	D87FDA9F-D004-11EE-9496-A4AE122C4F38
 217	pf6bde952cb63fc61e_auto1
 218	pf2ddc79e7c11aacf8_auto1
 219	pfd88b828fb0805e1d_auto1
 220	BAD603A1-740D-11EE-948B-A4AE122C4F38
 221	36A7E94A-7349-11EE-948B-A4AE122C4F38
 222	3A2F4CFC-3EFF-CDBC-963F-1FB8C9F14066
 223	scriptable_dmz_hidden_container_common
 224	-212.725 -8261.85 163.919
 225	-177.443 -8137.81 180.096
 226	573AB92D-03FB-F510-E364-A0762AECF012
 227	-283.045 -8173.89 163.727
 228	EB4B0BDB-CFF6-11EE-9496-A4AE122C4F38
 229	-163 -11908 184
 230	230B88A1-236C-342A-972A-9592844B5D2D
 231	construction_hardhat_lowres_01_yellow
 232	FAC7DBBE
 233	D87FDA95-D004-11EE-9496-A4AE122C4F38
 234	pfc0dde7a19324d312_auto1
 235	4DC7BCCB-C3DF-BC9F-816F-4751EE8EE8A3
 236	225E200B-BD24-5B31-1322-BF2132CB0617
 237	tag_bink1
 238	E9BC3E9E-CFFB-11EE-9496-A4AE122C4F38
 239	vfx/jup/level/mp_jup_escape5/vfx_esc5_pipe_steam_pressure
 240	B1EE7554-A54C-89DA-13B1-8AEA5EB72E50
 241	0 262.1 -0.209579
 242	E9BC3E62-CFFB-11EE-9496-A4AE122C4F38
 243	partially_open_usable
 244	pf2024a9710ac4c0dd_auto1
 245	3742A6E7-73FD-11EE-948B-A4AE122C4F38
 246	-114 -8156 181.567
 247	04C8706A-DA32-5870-9CB9-0BBC675F2447
 248	9DFBB834-3C9C-C8AF-D5C8-91E13E03C707
 249	6FE29447-73FB-11EE-948B-A4AE122C4F38
 250	B3298067-E1BC-413A-95C3-F5D91FBE83A5
 251	scriptable_cache_weapon_locker
 252	pf9bddf095a78e2a14_auto4
 253	8D07C8D8-3F10-329D-142B-61D43DEF0A63
 254	2608DB17-7EAE-5E1B-8BFD-0C5FAC035CF6
 255	-2539 -9578 152
 256	-979.125 -9782.1 153.146
 257	8169329F-733D-11EE-948B-A4AE122C4F38
 258	-4 -12048 184
 259	E93CDC52-522E-11EE-9489-A4AE122C4F38
 260	24F77569-6052-82B8-E477-C0214C22B8F3
 261	1D6ED3DC-7406-11EE-948B-A4AE122C4F38
 262	scriptable_jup_tool_cordless_drill_01
 263	8006AC84-DCCE-9EC9-1376-C8BE5EF47021
 264	-269.699 -8243.99 160.382
 265	0 260 0
 266	9495FC86-507A-E8DF-20BB-66A18F0889D3
 267	FEFAC4C3-B9F0-11EE-9494-A4AE122C4F38
 268	0 219 0
 269	-1267.61 -8201.3 162.505
 270	A5D65D12-4CE4-11EE-9489-A4AE122C4F38
 271	97C3C8F5-CB3F-11EE-9496-A4AE122C4F38
 272	pf84f5061c3fd97715_auto1
 273	0 89.6003 0
 274	-1771.6 -12250.3 184
 275	36E1A177-7CCC-7E6C-F3EC-5514F23AEE17
 276	-1772.2 -12377.6 184
 277	E21D7A07-B679-8DD6-47D8-D405F3BFEE15
 278	pfd0abd20f9fac9e15_auto4
 279	3742A6EC-73FD-11EE-948B-A4AE122C4F38
 280	3BECD2B7-F0AC-F009-6A68-FFCC3FF9267E
 281	EF8B9208-467E-11EE-9487-A4AE122C4F38
 282	-210.88 -8258.56 162.228
 283	2E3E0985-4753-B792-AAE7-53F40E2F30D0
 284	-313 -8015 176.254
 285	D3FCBC84-067A-465F-02BE-1FDBFA561346
 286	scriptable_accessory_fire_extinguisher_static
 287	00AA033F-733D-11EE-948B-A4AE122C4F38
 288	6532252C-0B6F-8881-BC8C-AD16D064E2FD
 289	-173.492 -8138.2 178.433
 290	-1773 -12183 184
 291	0E2A4F7E-35E5-A294-6006-6662049DB4B7
 292	58EF06F3-522F-11EE-9489-A4AE122C4F38
 293	axis_endzone_vis
 294	cache_duffel_bag_01
 295	AA4DD90C-C441-11EE-9494-A4AE122C4F38
 296	0 179.999 0
 297	4C495C8E-EE6E-8CDE-5885-4CE143D7745A
 298	pfa8781d2f8e2de4f4_auto1
 299	D24A9440-EF94-B113-3BB7-2B33A9ABB9D3
 300	-235.57 -8120.35 173.927
 301	pf3a3ad90ac78a9416_auto1
 302	ee_book_office_folder_02_stack_lrg
 303	pf5eca147e523d049a_auto1
 304	-295.943 -8105.11 165.398
 305	pfae281da03af9edd9_auto1
 306	vfx/jup/level/mp_jup_escape5/vfx_esc5_trash_circle
 307	pf701d367aa634d4c5_auto1
 308	2E77E736-8D9A-A964-414D-9B7BAD4C8AFD
 309	pfb33c015104f45bf0_auto1
 310	-781.72 -8235.02 158.83
 311	0 56.8997 0
 312	pf70ae258def258120_auto1
 313	pf82651c658e9e1637_auto4
 314	0 286 0
 315	pff160aec7882ad006_auto4
 316	0 269.9 0
 317	0DEBDD09-F035-D3E0-B108-0EB965E4CDA9
 318	F79E3E96-3C5A-11EE-AE9E-A4AE122C4F38
 319	pf37bb78bda2ef5744_auto1
 320	0 213.8 0
 321	0 213.2 0
 322	-2196 -11797 184
 323	pfa667347518ea8cb2_auto1
 324	-1579 -12248 184
 325	-417 -9986 153.25
 326	-611.5 -8077 152.117
 327	pf7be7503eb526196d_auto1
 328	pfc712d34274fecd2a_auto4
 329	136D9E4B-BC92-C48E-0339-CFBF5ADB16B5
 330	mp_dd_spawn_defender
 331	pfa8b4007025fffc31_auto4
 332	E21E13C9-22D5-3EEB-A3C5-F0AAE4BD75F6
 333	F8710DA5-5199-11EE-9489-A4AE122C4F38
 334	91388605-772E-11EE-948B-A4AE122C4F38
 335	
 336	useable_on_no_icon
 337	-267.25 -8245.32 159.147
 338	E05D0219-7344-11EE-948B-A4AE122C4F38
 339	C8CF4249-740D-11EE-948B-A4AE122C4F38
 340	737910B8-4CE4-11EE-9489-A4AE122C4F38
 341	4D9DF0F3-73FB-11EE-948B-A4AE122C4F38
 342	72FC5C1C-1FB5-6950-22E5-9385E918A822
 343	1EA05DC8-32A6-2733-571E-38517F7369BB
 344	pfd2b62cd83e8d7ac9_auto4
 345	-1707 -12183 184
 346	95B2F826-D28C-11EE-9498-A4AE122C4F38
 347	E9BC3EBC-CFFB-11EE-9496-A4AE122C4F38
 348	0 112.999 0
 349	-1643 -12377 184
 350	EFFEDB75-720C-769D-AFA7-BFE00A959283
 351	EAC4A06F-BAE8-E00E-8E4B-C0A597E11936
 352	7ECB2F1E-7406-11EE-948B-A4AE122C4F38
 353	1D6ED3C3-7406-11EE-948B-A4AE122C4F38
 354	-2267 -10694 152
 355	pf414cbc176dee8f23_auto1
 356	651B9E80-A6C8-4A0E-F572-4AA8D53EE7DD
 357	tag_bink4
 358	0 125.23 0
 359	mp_dm_spawn
 360	pfb8c3dd40be61f172_auto1
 361	D683513A-B0F2-FB4C-5DA1-90206646C406
 362	32FFD82E-ED82-7A7B-0263-7C2565E69055
 363	8EC156B9-B9F5-11EE-9494-A4AE122C4F38
 364	-1643 -12294 184
 365	7EBC7CA4-300F-6317-C0CF-FCAC3315ECC9
 366	pfbf3de36baa16d308_auto4
 367	91388619-772E-11EE-948B-A4AE122C4F38
 368	-1612.2 -12312.7 184
 369	-2264 -10267 153
 370	31FB8AEE-772E-11EE-948B-A4AE122C4F38
 371	B858B09D-909F-FE10-63BE-A8AE52E21E82
 372	-1582 -12308 184
 373	E9BC3E94-CFFB-11EE-9496-A4AE122C4F38
 374	pfebe7b1c058ee4f35_auto15950953265629744841
 375	-268.699 -8243.99 160.421
 376	0E799429-5230-11EE-9489-A4AE122C4F38
 377	7A876D63-77C9-39A6-5B7F-B378C3EE3EF0
 378	310E9A1C-7422-11EE-948B-A4AE122C4F38
 379	B6CE22AD-740B-11EE-948B-A4AE122C4F38
 380	0 184 0
 381	-207.88 -8260.56 162.222
 382	pf15f2e58a16ba4337_auto1
 383	-1831 -11497 178.011
 384	64B1C316-73F8-11EE-948B-A4AE122C4F38
 385	0 263 0
 386	D77BA854-D26A-EC3E-A864-EDBCF110BDEF
 387	9F26C7F2-983C-28BE-2F84-F59D9ED54B92
 388	mp_rescue_spawn_defender
 389	-470.39 -9318.7 158.057
 390	vfx/jup/level/mp_jup_escape5/vfx_esc5_tower_light_green
 391	0 234 0
 392	2D7FAAE0-3F87-C812-3391-8D84EEAF005C
 393	EF8B91E5-467E-11EE-9487-A4AE122C4F38
 394	-2197 -11799 184
 395	-144 -8278 163.085
 396	-1580.5 -12250 184
 397	048BC80D-8C0F-A8C6-C5FF-DF3D95DC6E83
 398	-1773 -12376 184
 399	D87FDA8B-D004-11EE-9496-A4AE122C4F38
 400	215B3C59-76B3-201E-69B0-0FC857F5A7BC
 401	-1264 -8202 162.572
 402	25E38B86-B63B-37FD-3716-89C8B51D5B57
 403	-165 -11900 184
 404	32BB7852-EF3A-635D-CB99-47F802073BFD
 405	A1CF7C0C-670F-5716-34A8-089EE36091D6
 406	scriptable_un_office_binder_open_01
 407	DD310CE1-734B-11EE-948B-A4AE122C4F38
 408	scriptable_ee_book_office_folder_02_stack_lrg
 409	pfe00fb1ed8bb2d28e_auto4
 410	pfe7a3c136c2772748_auto1
 411	right_50
 412	right_90
 413	EB4B0BE5-CFF6-11EE-9496-A4AE122C4F38
 414	2
 415	scriptable_scriptable_construction_doors_metal_b_02_mp_blue
 416	3742A705-73FD-11EE-948B-A4AE122C4F38
 417	D87FDA86-D004-11EE-9496-A4AE122C4F38
 418	-1437 -12474 184
 419	E2F5FCAF-519A-11EE-9489-A4AE122C4F38
 420	tag_geo_frag_a_002
 421	8B4E8BD7-2366-5A26-1D1B-2F5C83534095
 422	scriptable_scriptable_door_wooden_panel_mp_01
 423	pf3fde7e9aca430916_auto1
 424	0 64.8004 0
 425	909E46D2-78A1-F4AE-0DFC-95129640F838
 426	-1775 -12310 184
 427	scriptable_electronics_headphones_02
 428	152 -9392 153.25
 429	6F933DD0-C059-11EE-9494-A4AE122C4F38
 430	28AAA7C8-519B-11EE-9489-A4AE122C4F38
 431	D87FDAA9-D004-11EE-9496-A4AE122C4F38
 432	E907561D-FA9D-2951-C6E3-3E473CAA803E
 433	mp_dom_spawn
 434	DD515086-6C1C-A5F2-8B84-DC1A2E80843A
 435	-1710 -12308 184
 436	ee_book_office_folder_pile_02
 437	hardpoint_vis_05
 438	33A06DDC-357F-D32F-AFE0-F39253983F8B
 439	4186A911-5231-11EE-9489-A4AE122C4F38
 440	BA2EF69D-2E09-F8F8-5D6C-39C27FA45269
 441	C40A4A68-733C-11EE-948B-A4AE122C4F38
 442	pfb3adfb4de1414f4f_auto1
 443	-234.125 -8121.68 172.667
 444	E9BC3EA3-CFFB-11EE-9496-A4AE122C4F38
 445	B902CDFB-212B-0D46-074B-620ADA3A58D7
 446	21D01971-9CB8-8460-574B-BA2815060CFE
 447	-1644.2 -12376.7 184
 448	-1367 -11374 184
 449	pf36fba37e0103ebc0_auto1
 450	pfebe7b1c058ee4f35_auto7600823632894602053
 451	19044992-E6B1-E1BC-93E7-3447052EE686
 452	-149.282 -8279.04 164.894
 453	57D5EAA6-28B4-5586-D856-62C410E0CFF7
 454	AA4DD8DF-C441-11EE-9494-A4AE122C4F38
 455	E9BC3E8F-CFFB-11EE-9496-A4AE122C4F38
 456	pf8a8f3456493460c3_auto1
 457	82EEAAB2-36CE-1B10-A260-5117DD9C4D62
 458	EB4B0BEA-CFF6-11EE-9496-A4AE122C4F38
 459	scriptable_military_zipline_heavy_bigmap
 460	pf62931e11be0f51bb_auto16947905825862122255
 461	D7FE7BFF-CFF6-11EE-9496-A4AE122C4F38
 462	cp_generator_toggleable
 463	-1641.6 -12250.3 184
 464	-284.044 -8173.89 163.628
 465	-147.129 -8275.64 163.237
 466	-300.485 -8102.53 168.073
 467	B0739FE3-A749-3768-7312-ABC9B1E11040
 468	-714 -9057 153.398
 469	0 88.0974 0
 470	-1580 -12376 184
 471	D9AE63AB-840F-5A43-9156-25CAA81EDBF1
 472	30C11AB5-5199-11EE-9489-A4AE122C4F38
 473	door
 474	A5D65D30-4CE4-11EE-9489-A4AE122C4F38
 475	static
 476	closed_usable_no_collision
 477	2E1455A0-9852-CE49-FF48-89BAA0BCC2F5
 478	748F20E3-F4FF-D8D9-9586-9AB645D7B79D
 479	304A4300-8B5C-4835-F81C-05FF6DDC213A
 480	22F1429F-B1F3-A19D-E60F-D612CF85C509
 481	pf4d3c1a67183a269a_auto4
 482	F2342FA6-29FD-2E94-987F-6A38621C0D76
 483	F1ED8388-9C98-EE91-D31D-B610DEF32FA4
 484	C853D641-5195-11EE-9489-A4AE122C4F38
 485	pf1e4ba9dbb58405e2_auto1
 486	65360785-5195-11EE-9489-A4AE122C4F38
 487	03AD9F7C-B9F0-11EE-9494-A4AE122C4F38
 488	EE52EC5B-73F7-11EE-948B-A4AE122C4F38
 489	39 -11129 184
 490	DD24C8E1-113C-8B64-2922-57405901E024
 491	3F3C5D64-8479-B0ED-4F1C-9061A9619BA8
 492	8CBA77EE-6E8C-47B8-930B-F86D207CFB2C
 493	67AA476D-D650-0D9A-1CF2-B15641EE0365
 494	pf69096df187180d06_auto1
 495	3597F088-B0F9-E33E-809B-D87C694C6141
 496	-108.555 -8155.32 178.695
 497	-2240 -9253 153
 498	E9BC3E80-CFFB-11EE-9496-A4AE122C4F38
 499	traverse_warp_over
 500	D5B8F96D-3321-362D-6229-2EEEBA3E36BF
 501	89239938-4625-7E04-A3A3-DFBE55E4C06E
 502	pfab279c7ac98540cf_auto4
 503	0FF2CBE6-AF3B-1CD0-013D-B86F92F3D23E
 504	58AF2A9D-46E8-C526-7B7D-68328ACE7C25
 505	-617 -9841 153.25
 506	-469 -11899 184
 507	4296EB39-F102-DCAF-C320-B9624D1BFB94
 508	0 87.5 0
 509	D7FE7C36-CFF6-11EE-9496-A4AE122C4F38
 510	1D6ED3C8-7406-11EE-948B-A4AE122C4F38
 511	6EFE6185-5199-11EE-9489-A4AE122C4F38
 512	scriptable_ee_military_hazmat_containers_bucket
 513	pf9f135ebcf021fe39_auto4
 514	pfcf7db4184f1207c3_auto1
 515	-176.455 -8136.66 178.358
 516	pfc7cfeecaaf5ae05e_auto1
 517	1F7166DD-1E10-E2EC-EB95-6E53F5B18A5A
 518	pf5ac56f84e5a8e5f6_auto1
 519	12661F63-8ADC-0C0C-23C2-D1DA925DEFE1
 520	right_30
 521	74A22067-519B-11EE-9489-A4AE122C4F38
 522	pfc4380c3561c9e763_auto1
 523	1F881E27-CF75-046B-A5AF-52EC1A4B6CE7
 524	pfa46073ce4f8834e5_3
 525	FD6F3FC4-2D5B-9139-FE89-296E7CBDE2E1
 526	scriptable_misc_keyboard_black_01
 527	-441 -10843 151.996
 528	6F933E43-C059-11EE-9494-A4AE122C4F38
 529	dead
 530	A23C5A30-CFF7-11EE-9496-A4AE122C4F38
 531	E81ECE02-5194-11EE-9489-A4AE122C4F38
 532	258221F8-5195-11EE-9489-A4AE122C4F38
 533	pfe810c5835723df3_auto1
 534	-1644.2 -12248.7 184
 535	6223B894-740D-11EE-948B-A4AE122C4F38
 536	-1281 -10846 176.902
 537	A78E39AB-E74E-E0E6-AB9A-53CDBAB6B00B
 538	3D73084B-8C25-4190-8F3B-0D4AB2069ABE
 539	pf9022f8540be4f101_auto1
 540	EEA9CD67-73A4-3C1F-D93F-334951614970
 541	-220.966 -8191.74 167.414
 542	-1708 -12376 184
 543	pfe66d332f898ade80_auto4
 544	70BB1BB0-CB3F-11EE-9496-A4AE122C4F38
 545	scriptable_uk_security_camera_redlight_head_01
 546	-1675 -12247 184
 547	97395036-2667-4A6A-921B-651B15D8A804
 548	hardpoint_vis_01
 549	B929ADAB-73FE-11EE-948B-A4AE122C4F38
 550	closed_owned
 551	-333.39 -8226.79 158.485
 552	5F54632D-522F-11EE-9489-A4AE122C4F38
 553	81F01A11-4D32-252B-66EC-213A2AE95985
 554	pf5fa0dd0b97bb0872_auto1
 555	AA4DD8EE-C441-11EE-9494-A4AE122C4F38
 556	D7FE7C18-CFF6-11EE-9496-A4AE122C4F38
 557	87E41B99-9457-0C30-3189-CF053CCECA4A
 558	pf7a06249aa7621e80_auto4
 559	pfa4b52a4a00a99a20_auto4
 560	E36A9982-2116-F445-EF83-6F2B2B66E0C0
 561	pf1052554887e82162_auto1
 562	35416FD1-6951-8A07-E9A4-47AB6BAA4169
 563	DA923071-38D7-D3A5-D405-3ECAB3C9B765
 564	tag_full
 565	B332C6A4-17FA-DD56-144A-8D940B54ADAD
 566	B1C58335-DD95-B1AA-BDE2-0CE2C6FD4FAA
 567	pf2285f5dec3b7515e_auto1
 568	F2A09B9E-54FC-3E23-3094-2216245B269A
 569	-223.928 -8190.2 167.342
 570	-1609.6 -12314.3 184
 571	B6CE22B7-740B-11EE-948B-A4AE122C4F38
 572	-2531 -9478 152
 573	3742A70F-73FD-11EE-948B-A4AE122C4F38
 574	-272.699 -8241.99 160.387
 575	pf6265ea9b7007249d_auto4
 576	12988C24-CB45-11EE-9496-A4AE122C4F38
 577	vfx_esc5_bm_lf_hanging_bulb_warm
 578	pf747eeedf58ec6c70_auto1
 579	-222.096 -8190.82 167.439
 580	pfa46073ce4f8834e5_2
 581	BDD4233C-E141-11EE-9499-A4AE122C4F38
 582	0 89.8998 0
 583	-1644.5 -12250 184
 584	018F378A-8BCF-5533-CCFF-E4FE5FF1D3D9
 585	mp_cyber_spawn_axis
 586	9AE81105-EA5A-C0F3-D3A8-9C85ECDFAF5D
 587	D7FE7C13-CFF6-11EE-9496-A4AE122C4F38
 588	ee_can_paint_closed_03
 589	0 44.0001 0
 590	pf3df3197282d8935d_auto1
 591	0 187.779 0
 592	4E1DC18A-9CD1-314C-2669-03F4671FB56E
 593	8BED5B48-7071-0CD5-7F7D-C0ED0C1D1C13
 594	-219.777 -8191.78 166.25
 595	B7448DFE-2113-475C-581B-BA4E953F2CC8
 596	4D9DF102-73FB-11EE-948B-A4AE122C4F38
 597	AA4DD8DA-C441-11EE-9494-A4AE122C4F38
 598	-161.346 -8207.22 173.716
 599	BD78E272-CB41-11EE-9496-A4AE122C4F38
 600	6E3995D5-2D6B-CC4A-9B83-271A559A74BD
 601	6376D755-74AD-1174-42B5-DF7D4AB5B90D
 602	-209.751 -8259.92 162.184
 603	00AA0326-733D-11EE-948B-A4AE122C4F38
 604	-1440 -12220 184
 605	vfx_esc5_trash_circle
 606	3E9B5769-522F-11EE-9489-A4AE122C4F38
 607	5EE19E67-772E-11EE-948B-A4AE122C4F38
 608	-612 -8077 152.118
 609	5FCB8205-C046-29FA-31A9-ECB1253F9E11
 610	2A8377C4-6F28-1DAF-18FC-8C5C9173B91A
 611	scriptable_food_trash_container_03
 612	6517E3AC-772E-11EE-948B-A4AE122C4F38
 613	pf1aeedd528008c439_auto1
 614	1CF86DC2-8946-8706-065F-D2BD33C85F30
 615	03AD9F70-B9F0-11EE-9494-A4AE122C4F38
 616	pf3ffaa5ed449b4828_auto1
 617	9138861E-772E-11EE-948B-A4AE122C4F38
 618	0 128.198 0
 619	equipment_toolbox_01_orange
 620	71 -8291 164.601
 621	AD38FCDE-C389-939D-905F-DB9A145E1EFD
 622	FEFAC4C0-B9F0-11EE-9494-A4AE122C4F38
 623	-238.275 -8120.09 173.624
 624	15 -11034.5 184
 625	pf815b3fbf6aec7dd4_auto1
 626	-207.751 -8260.92 162.202
 627	12988C2E-CB45-11EE-9496-A4AE122C4F38
 628	-1676 -12312 184
 629	DF9878B8-5195-11EE-9489-A4AE122C4F38
 630	A529AA91-572B-1D6C-59E9-C8B660B61AE5
 631	4904F19D-7C7E-03A3-ECE9-0CDFC5973CC2
 632	93F30AE9-91DB-61FF-21AF-AB1FFA8B6149
 633	0 178.099 0
 634	-1834 -12468 184
 635	-309 -8011 175.894
 636	pf4f634c8f2b5a3975_auto4
 637	16378B6D-8ECE-2972-438A-E6955EBE6FCA
 638	-112.871 -8153.36 180.113
 639	-185 -8743 149.435
 640	tag_bink3
 641	64B1C302-73F8-11EE-948B-A4AE122C4F38
 642	-1645 -12248 184
 643	8EC156B0-B9F5-11EE-9494-A4AE122C4F38
 644	-1614 -12244 184
 645	F52204C2-1B41-B0F4-588F-89C2362F3360
 646	pff6e3c547e9be075f_auto4
 647	32910261-0249-B842-9E96-F1BAC8192FEF
 648	F2B1D973-FE73-B3DF-F9A7-6F404B2CC5D0
 649	C38E0C68-D004-11EE-9496-A4AE122C4F38
 650	0.34262 99.4585 0.772382
 651	03AD9F79-B9F0-11EE-9494-A4AE122C4F38
 652	BD05EEC0-69BB-5C85-AF15-CFC8E3222C6B
 653	0 359.5 0
 654	-2225 -12076 184
 655	1D9C4E85-5231-11EE-9489-A4AE122C4F38
 656	7379109F-4CE4-11EE-9489-A4AE122C4F38
 657	pfebe7b1c058ee4f35_auto10367894310391635636
 658	3AB628D4-C441-11EE-9494-A4AE122C4F38
 659	B6535B2E-556A-4AE9-2612-29525F946706
 660	13B42E89-CD9F-6A9A-868B-8B224F38FF75
 661	03CBBA58-A642-D46B-0D20-A0A60B8AA3FB
 662	8EC156BF-B9F5-11EE-9494-A4AE122C4F38
 663	00AA0358-733D-11EE-948B-A4AE122C4F38
 664	pff1eda4a82d46db28_auto4
 665	-284.985 -8174.1 167.522
 666	cache_toolbox
 667	139 -9388 153.25
 668	0 350.4 -0.0629576
 669	DB1C994B-778C-0F0B-4A1D-9922324B2CDC
 670	-1042 -9648 153.272
 671	-1323.25 -8173.75 161.425
 672	F79E3E94-3C5A-11EE-8996-A4AE122C4F38
 673	09E70843-A7E1-C33B-C2FF-F085DC43006A
 674	9BC150FC-3642-4524-CEA6-D5EADCFF3681
 675	on
 676	8BD6B547-647C-6D2E-86AB-F0EB4631A2CD
 677	3AB628CB-C441-11EE-9494-A4AE122C4F38
 678	AE4ACADE-E8D0-9B4B-C0F5-1BD259971DD1
 679	-285.915 -8173.25 163.481
 680	pf4e8ab3ddf5b34862_auto4
 681	-1578.2 -12377.5 184
 682	-334.518 -8225.43 158.359
 683	pf5a4c0c58fb2f5c2b_auto8878515430395848592
 684	pfb584ff9ceee94f08_auto4
 685	pf9c42679d9322995e_auto1
 686	-2222.72 -12360.3 184
 687	1D007F30-9A78-B7C9-71D5-59BF0E02E52F
 688	-331.518 -8227.43 158.547
 689	-177.443 -8138.81 179.953
 690	50A1B36D-6DE6-E04D-0917-542CCDC2C8DA
 691	E34B18F3-0959-0E06-1377-61AEFDEFC69A
 692	7A77AD44-3D25-95C8-5840-010AC9C45974
 693	3A1967C4-0B4C-ED19-9B85-D136F2FA1E7A
 694	closed_locked
 695	pf54303e7b91b07b7a_auto1
 696	64B1C31B-73F8-11EE-948B-A4AE122C4F38
 697	-329.072 -8228.75 158.671
 698	0DDAD928-73FD-11EE-948B-A4AE122C4F38
 699	pfe4d9661a3db7ac6_auto1
 700	-1582 -12180 184
 701	-162 -11906 184
 702	tag_geo_frag_a_001
 703	0 24.5 0
 704	502B89E6-2543-3894-290E-DABCD6039633
 705	737910A9-4CE4-11EE-9489-A4AE122C4F38
 706	00AA032B-733D-11EE-948B-A4AE122C4F38
 707	pf4ca4d706f30d962_auto4
 708	bucket_plastic
 709	pf7bbcedee40e3aae1_auto7920821888592785579
 710	-145.833 -8277.38 157.106
 711	43A4A079-5BAE-A0FC-727B-8ACC4F90EFB6
 712	-344 -10494 151.243
 713	EB8220B9-719D-29CC-3CA4-0CAFB4CA3665
 714	161AFD66-CA85-9B34-8202-AE030D47C39B
 715	pf7be8777a2ce8dbef_auto4
 716	E9BC3EB7-CFFB-11EE-9496-A4AE122C4F38
 717	-282.785 -8175.18 163.674
 718	ee_book_office_folder_pile_01
 719	scriptable_zmb_broom_01_old
 720	pf591024bb0eb9d38b_auto1
 721	BA03C9ED-467E-11EE-9487-A4AE122C4F38
 722	0 260.1 0
 723	6FE29442-73FB-11EE-948B-A4AE122C4F38
 724	6517E3B2-772E-11EE-948B-A4AE122C4F38
 725	EB1C875F-34D8-F43D-13DE-FC8D03FCE0CF
 726	-1707 -12376 184
 727	0 327.799 0
 728	scriptable_un_backgammon_game_01_flat
 729	pfa1de0bac29a05169_auto1
 730	5EE19E61-772E-11EE-948B-A4AE122C4F38
 731	pff8a0b7b52565ef99_auto1
 732	62EB4006-CC10-85A8-449D-40CE1C69E23C
 733	scriptable_door_metal_single_b_02_grey
 734	vfx_esc5_steam_lg
 735	pf32d110e97912449f_auto1
 736	B1BB66E1-C512-9AA3-3327-9007C8120698
 737	5263AE69-C387-A052-1DC7-9F32C12DD687
 738	03AD9F64-B9F0-11EE-9494-A4AE122C4F38
 739	-2164 -12368 184
 740	pf5a7c3f14d5104618_auto1
 741	loop_end
 742	C40A4A40-733C-11EE-948B-A4AE122C4F38
 743	D98466FA-5195-11EE-9489-A4AE122C4F38
 744	AA4DD8F8-C441-11EE-9494-A4AE122C4F38
 745	C40A4A59-733C-11EE-948B-A4AE122C4F38
 746	-144.129 -8277.64 163.115
 747	pfcf53d54557765d5c_auto1
 748	scriptable_un_office_paper_stack_01
 749	pfee3877191cecdef3_auto1
 750	pf62931e11be0f51bb_auto2643666253833859909
 751	-1710 -12180 184
 752	4B7F8C24-6DCB-1DB7-419E-F41D0A280AAB
 753	31C03DC4-5231-11EE-9489-A4AE122C4F38
 754	6F933DDF-C059-11EE-9494-A4AE122C4F38
 755	-310.75 -8009.25 176.004
 756	3F41BF89-E64E-8004-A2D1-78CBA6E95960
 757	-1266 -8202 162.587
 758	3AB628DD-C441-11EE-9494-A4AE122C4F38
 759	scriptable_military_ascendertop_heavy
 760	9333BE7D-81C8-A928-DBBB-7363449D60B2
 761	-1846 -12179 184
 762	pfc23356fe18f5926f_auto4
 763	-142.87 -8278.92 163.024
 764	4A83259F-4D47-12B4-3D8E-5C609157B479
 765	B59DB7A6-519A-11EE-9489-A4AE122C4F38
 766	0 185 0
 767	mp_xfire_spawn_allies_start
 768	0 255 0
 769	B005B9B4-5230-11EE-9489-A4AE122C4F38
 770	DD7913FF-F84C-8594-985D-E9F66EC4EAEF
 771	D7FE7C2C-CFF6-11EE-9496-A4AE122C4F38
 772	pfc9e16b352bf28b16_auto1
 773	6FE2943D-73FB-11EE-948B-A4AE122C4F38
 774	E9C1F025-8D46-7F9F-9E66-EA0E6B71A4B7
 775	scriptables
 776	5EEB54AA-D12B-ADA4-E018-3DDA34F728B1
 777	00AA0349-733D-11EE-948B-A4AE122C4F38
 778	B83E296F-5623-4318-BD8E-7CE105D08340
 779	pf6a5ae657e8c35ba8_auto1
 780	-942 -12472 184
 781	F79E3E97-3C5A-11EE-9E50-A4AE122C4F38
 782	vfx/jup/level/mp_jup_escape5/vfx_esc5_bm_lf_hanging_bulb_warm
 783	-796 -10843 152
 784	2CE08049-C4F2-60D4-A855-5530DA0329E8
 785	0 213.11 0
 786	0 232.001 0
 787	118DFE1A-4C7F-EE74-D75F-1894C527D4BE
 788	AA4DD934-C441-11EE-9494-A4AE122C4F38
 789	pf83e2a3db0fc6bf1a_auto1
 790	pffdba90eb676c5af2_auto1
 791	5B3BF600-C5DB-783D-12BF-8D495DED9E02
 792	-174.751 -8136.92 178.491
 793	64B1C311-73F8-11EE-948B-A4AE122C4F38
 794	-1574 -9649 152.481
 795	right_70
 796	4
 797	7ECB2F0A-7406-11EE-948B-A4AE122C4F38
 798	79D83925-83C6-11EE-948D-A4AE122C4F38
 799	C471878B-11D1-2B1D-6793-4D1139BC8B4F
 800	00AA0330-733D-11EE-948B-A4AE122C4F38
 801	7EA9EC2D-5199-11EE-9489-A4AE122C4F38
 802	pfa46073ce4f8834e5_5
 803	8F83B231-4CC1-11EE-9489-A4AE122C4F38
 804	E9A3B096-5309-F6EA-F150-C3CCB6213ACB
 805	41C5F47A-8B02-13BF-25D7-2A12B0CB8792
 806	3D1594B8-60B7-032C-C070-2418E17900D0
 807	pfaa872c8dcfc53417_auto4
 808	0 118 0
 809	08233CA6-740D-11EE-948B-A4AE122C4F38
 810	AF8C55E3-E141-11EE-9499-A4AE122C4F38
 811	pfd130d58249f6978_auto7457257986122644544
 812	-164.324 -8208.15 171.458
 813	-287.044 -8171.89 163.452
 814	913885FB-772E-11EE-948B-A4AE122C4F38
 815	EF8B920D-467E-11EE-9487-A4AE122C4F38
 816	pf37334b4532d9c7f4_auto1
 817	-343 -10492 152
 818	-1904 -9113 152.882
 819	2B64743B-7744-1F00-C293-DB61980B4BFF
 820	-1645 -12376 184
 821	1A2822B9-CC0A-B76A-3003-A618205C406B
 822	A9A7238B-8851-BDD1-6BED-1578DC0A1665
 823	-796 -9841 153.25
 824	2D81AFC1-F815-C10F-4DA1-14AA8D3C7B7E
 825	AEA009CF-30F8-5908-0EC7-5D0D7FEC231A
 826	pf8d18c7fea9972e83_auto4
 827	pf2ec05c03812b140d_auto1
 828	locked
 829	ajar_owned
 830	sfx_escape2_gondola_up
 831	F4F15014-C6DD-B598-7D23-1C55C26D1E01
 832	-831 -8600 153.367
 833	D7FE7BE6-CFF6-11EE-9496-A4AE122C4F38
 834	pf6817fd81a49c6074_auto4
 835	E6A47299-73FE-11EE-948B-A4AE122C4F38
 836	pfb4a16dbdf4ecac57_auto1
 837	scriptable_ee_can_paint_closed_03
 838	54CD6E8B-772E-11EE-948B-A4AE122C4F38
 839	AF4E3EDC-0E31-C802-2CC4-1C2BBC631BC8
 840	pf13c8d81b7b5532a0_auto4
 841	139 -9389 153.25
 842	1DFC3B0B-754F-E857-3C64-840E037380D1
 843	pfcbcdc489492a75a7_auto1
 844	pf41cef6e77fc6b332_auto4
 845	112CF2A4-21C3-DD54-76EC-83DFDCA1C22A
 846	-779 -8221 158.793
 847	191ED83D-9D16-2959-8293-0E35A35F6E44
 848	-1737.6 -12314.3 184
 849	6F933DD5-C059-11EE-9494-A4AE122C4F38
 850	-112.706 -8153.74 180.05
 851	0B3F3F13-490D-D3C5-FFAA-9BC67B1DD4BE
 852	pf51c0dd0aca2e8b8c_auto1
 853	7A54865A-09DB-E12F-0701-9B58133898A2
 854	FEFAC4A8-B9F0-11EE-9494-A4AE122C4F38
 855	-830 -8601 152.67
 856	13B2AB4D-5195-11EE-9489-A4AE122C4F38
 857	455F4758-9D68-A17B-F04D-747E62F811B2
 858	-832 -8601 153.066
 859	mp_sd_spawn_defender
 860	snakecam
 861	scriptable_bucket_plastic
 862	4D9DF0E4-73FB-11EE-948B-A4AE122C4F38
 863	6F933DC6-C059-11EE-9494-A4AE122C4F38
 864	00AA0335-733D-11EE-948B-A4AE122C4F38
 865	bink1
 866	0 326 0
 867	fully_open_unusable
 868	B3F7D7A1-733D-11EE-948B-A4AE122C4F38
 869	pfd130d58249f6978_auto2385898361797833658
 870	pfea9933f8f85c5899_auto4
 871	A5D65D17-4CE4-11EE-9489-A4AE122C4F38
 872	0 132.131 0
 873	pf5be165a3c1b50d76_auto1
 874	0 55.0994 0
 875	33D0B241-11ED-C588-15A7-08C4630B1A79
 876	uk_security_camera_redlight_head_01
 877	ladder_up
 878	EBB6B2A1-7346-11EE-948B-A4AE122C4F38
 879	pf981470a4aba74716_auto1
 880	429B8932-AC6B-14C3-0425-00136CE7F5A0
 881	E6A47276-73FE-11EE-948B-A4AE122C4F38
 882	cache_weapon_locker
 883	4A3F44C7-064D-9D56-07ED-3725A714CCA1
 884	3742A70A-73FD-11EE-948B-A4AE122C4F38
 885	-177 -11899 184
 886	pfd130d58249f6978_auto1026258217970725871
 887	BA03C9E3-467E-11EE-9487-A4AE122C4F38
 888	8B032DF5-001D-44FB-62ED-3F871B00A4F0
 889	-160.277 -8207.38 169.748
 890	-4 -12046 184
 891	pf773b9f207c7975e6_auto1
 892	-1611 -12313 184
 893	C40A4A5E-733C-11EE-948B-A4AE122C4F38
 894	pf72945a0bc122b780_auto1
 895	pfae3a28565dee59bc_auto1
 896	5CB4F4DC-4018-40FC-5149-F9FDDE788555
 897	pf383f29018274fb93_auto1
 898	-1137 -12298 184.25
 899	0 257.8 0
 900	-944 -12470 184
 901	0 113.757 0
 902	scriptable_com_trafficcone_01
 903	-173.751 -8136.92 178.591
 904	-163 -11906 184
 905	D37BDB86-E141-11EE-9499-A4AE122C4F38
 906	EAC06BAA-CB40-11EE-9496-A4AE122C4F38
 907	3742A6FB-73FD-11EE-948B-A4AE122C4F38
 908	69DA9769-73FB-11EE-948B-A4AE122C4F38
 909	76B5BD64-598B-585A-8CE4-9DD6F2587E56
 910	5819FD45-E133-DCBF-DDD2-963629D51859
 911	mp_koth_spawn
 912	accessory_fire_extinguisher_static
 913	pfa860b06afd7667ef_auto1
 914	0 261.52 0
 915	60907BB7-9F25-A434-CBF2-977A0FD3805F
 916	947A62D6-376E-F558-2DAF-2A4B5630BCC2
 917	-1932 -10067 153
 918	pf4e6580f672a04a42_auto1
 919	jup_tool_cordless_drill_01
 920	-612 -8076 152
 921	8EC156C5-B9F5-11EE-9494-A4AE122C4F38
 922	5E331999-5199-11EE-9489-A4AE122C4F38
 923	-1580 -12248 184
 924	0 56.0003 0
 925	-163.406 -8205.02 169.883
 926	pf1a23e8cc8c37b82f_auto8838717360318022352
 927	18649FCB-519B-11EE-9489-A4AE122C4F38
 928	FACBAE79-740D-11EE-948B-A4AE122C4F38
 929	71F122ED-13EA-5E58-78FB-390D1DBEE3B9
 930	partially_opening_unusable
 931	38 -11128.5 184
 932	1C364BFC-F19D-C4FC-F282-AA1FC99C52FA
 933	F79E3E95-3C5A-11EE-9AF4-A4AE122C4F38
 934	6F933E20-C059-11EE-9494-A4AE122C4F38
 935	use
 936	sfx
 937	A1462152-37B3-8993-4F17-B5A71BD03688
 938	FEFAC4AB-B9F0-11EE-9494-A4AE122C4F38
 939	-321 -10533 151.026
 940	C40A4A4A-733C-11EE-948B-A4AE122C4F38
 941	347B40CC-B9E3-58B8-FB81-A2AF2136A2B1
 942	pf166382946198d648_auto4
 943	pf8aa5abeb958260c1_auto4
 944	7ECB2F19-7406-11EE-948B-A4AE122C4F38
 945	-238.441 -8119.71 173.658
 946	CF19BE23-94E6-6FAC-5E2D-2A05C53585B3
 947	E542CC39-CFF6-11EE-9496-A4AE122C4F38
 948	08B6C04D-54A3-B9B7-B7AF-8DB5E76BAAB4
 949	-2251 -9290 153
 950	-110 -8154 180.125
 951	AA4DD8F3-C441-11EE-9494-A4AE122C4F38
 952	-1774.5 -12250 184
 953	-311 -8009 177.284
 954	25DD64BC-5EF8-4673-6C4C-4CE81FA30392
 955	-2224 -12359 184
 956	8EC156AD-B9F5-11EE-9494-A4AE122C4F38
 957	pf835d3eea5a3e0da1_auto1
 958	pf9e6fbce946c532e1_auto1
 959	-1709 -12248 184
 960	pfd130d58249f6978_auto1
 961	-235.311 -8121.64 173.773
 962	-1741 -12312 184
 963	E9BC3E7B-CFFB-11EE-9496-A4AE122C4F38
 964	main
 965	BB85EEF4-5199-11EE-9489-A4AE122C4F38
 966	23C5D684-7345-11EE-948B-A4AE122C4F38
 967	8EC156C8-B9F5-11EE-9494-A4AE122C4F38
 968	1D6ED3E1-7406-11EE-948B-A4AE122C4F38
 969	-2735 -10230 152
 970	7ECB2F0F-7406-11EE-948B-A4AE122C4F38
 971	-1643 -12311 184
 972	86465BB6-7422-11EE-948B-A4AE122C4F38
 973	96E213DD-0E82-9637-E2D6-BA5E3A1C0BCB
 974	4A2FC84C-3B3D-5275-FEB6-FDFD6807C7A6
 975	0 270 0
 976	737910AE-4CE4-11EE-9489-A4AE122C4F38
 977	D87FDA81-D004-11EE-9496-A4AE122C4F38
 978	-1740.2 -12312.7 184
 979	22181639-7ADB-12D3-01B6-9E5CB2315854
 980	64B1C30C-73F8-11EE-948B-A4AE122C4F38
 981	-1614 -12474 184
 982	D5815AB5-F1BB-458F-ED18-7126F0EEAA60
 983	64B1C32A-73F8-11EE-948B-A4AE122C4F38
 984	mp_dd_spawn_defender_start
 985	scriptable_construction_doors_metal_b_02_mp
 986	50 -12014 184
 987	38CF1638-7346-11EE-948B-A4AE122C4F38
 988	E96F8921-4CC1-11EE-9489-A4AE122C4F38
 989	-1581 -9646 152.478
 990	669AAF01-1105-8386-433B-ADA90FD37B39
 991	pf7e23c68154a97f70_auto1
 992	A5EA0385-BDA0-664E-64B1-E87E9D0E1738
 993	42205C7E-A39A-BB1B-8E7F-543A1EBD36DB
 994	scriptable_tool_screwdriver_01
 995	F5FA22A0-A061-FADC-D5B6-7FB4B9CF83B7
 996	pf8ff1bc84f7cff32e_auto1
 997	accessory_fire_extinguisher
 998	2627F214-977A-B52F-5C0B-87E126E7D281
 999	-237.51 -8120.56 177.653
1000	AB1C07F1-8E61-0A1A-45A1-6D697B00B04B
1001	-2560 -9492 152
1002	-223.827 -8189.64 167.409
1003	4FAE7720-5BB1-6FBA-E6AC-77D7B8827193
1004	mp_control_spawn_defender
1005	scriptable_tool_shop_broom
1006	-433 -10071 153.25
1007	-1612 -12476 184
1008	-782.72 -8236.02 158.833
1009	095CC073-FBEF-A3D2-721A-3A44DC972F51
1010	44D92073-E149-11EE-9499-A4AE122C4F38
1011	pfee57b7d13e5c19ef_auto4
1012	1355C511-734B-11EE-948B-A4AE122C4F38
1013	D332B8C5-522F-11EE-9489-A4AE122C4F38
1014	tag_bink2
1015	A410CDBF-0C24-9BB9-83B6-6A8DDC75F046
1016	-886 -12360 183.407
1017	-331.39 -8227.79 158.58
1018	0 285.499 0
1019	EF8B9203-467E-11EE-9487-A4AE122C4F38
1020	DF690BA5-667A-EB8F-E407-6D519F5BCB97
1021	-270.639 -8244.2 164.333
1022	67FCFF9F-66BB-52FA-141C-2AAFC1DE5388
1023	7ECB2F37-7406-11EE-948B-A4AE122C4F38
1024	0 263.04 0
1025	852E4700-44C4-BD2A-DB59-2A20353D2354
1026	pf47764c740d8f76fc_auto6874207332038453253
1027	pf22d27597d533794c_auto1
1028	pf504eb2b0aa589c23_auto1
1029	pf3a5cf8fc2915b346_auto4
1030	D44962AE-65DD-A0A1-AFDD-0AA7B5ABD2D0
1031	pff97c62c55d1c99e5_auto1
1032	6E49FA0F-FD4A-DC86-6CEB-53038552AA1D
1033	vfx/jup/level/mp_jup_escape5/vfx_esc5_tower_light_red
1034	-1509 -8252 159.671
1035	scriptable_scriptable_door_metal_04_flat_painted_clean_mp
1036	913885F1-772E-11EE-948B-A4AE122C4F38
1037	E6A4728F-73FE-11EE-948B-A4AE122C4F38
1038	BA03C9C0-467E-11EE-9487-A4AE122C4F38
1039	pfa4c54eb099c8ed6d_auto1
1040	5D9463B0-F873-F43C-2EA5-803672F8E3D5
1041	A627A39D-17E6-BF0B-00F5-7158360BA8CF
1042	-1920 -9117 152.881
1043	00AA0353-733D-11EE-948B-A4AE122C4F38
1044	1D85E33A-CB40-11EE-9496-A4AE122C4F38
1045	-1738.2 -12313.5 184
1046	12988C33-CB45-11EE-9496-A4AE122C4F38
1047	left_30
1048	left_70
1049	-1771.6 -12378.3 184
1050	7AECDBB9-7345-11EE-948B-A4AE122C4F38
1051	-1612 -12474 184
1052	pf51620a346d4f8892_auto1
1053	313F3AFF-D393-BC53-89E0-4A56E7F5F480
1054	s4_usa_clipboard_w_pencil_01
1055	E542CC1B-CFF6-11EE-9496-A4AE122C4F38
1056	03AD9F73-B9F0-11EE-9494-A4AE122C4F38
1057	6CACF822-058C-1B77-312E-569C3E597672
1058	-1772.3 -12249.5 184
1059	mp_dd_spawn_attacker
1060	1A8FA0B7-6571-1A0B-CDA7-21DAD2A01E92
1061	pfeda557f4105e44a2_auto1
1062	-301.39 -8101.79 165.956
1063	0069602A-D594-D0F5-0BD7-51930573CE9D
1064	6517E3B5-772E-11EE-948B-A4AE122C4F38
1065	-1776 -12180 184
1066	-2241 -9252 153
1067	AB483977-7348-11EE-948B-A4AE122C4F38
1068	mp_cyber_spawn_allies
1069	-1579 -12183 184
1070	03AD9F6D-B9F0-11EE-9494-A4AE122C4F38
1071	-978 -9789 152.614
1072	FBF7B407-9E1F-D643-4EC1-134DA2113A7C
1073	-172.305 -8138.24 177.296
1074	E7AC9593-8888-166A-A3A9-1C857EA011F4
1075	D28AD2A7-5227-E5BC-D4A7-2811A23D29C8
1076	-437 -10100 153.25
1077	pf503fc7ff2e22016a_auto1
1078	0 91 0
1079	897681A8-94AD-8D4A-0FDC-547805562A1F
1080	-1740 -12312 184
1081	688C40F5-3ED7-28DB-AE1F-C9FBFECD4158
1082	1F69808E-863D-B920-E12D-CF21084F1A41
1083	3AB628CE-C441-11EE-9494-A4AE122C4F38
1084	8EC156B6-B9F5-11EE-9494-A4AE122C4F38
1085	EF8B91EF-467E-11EE-9487-A4AE122C4F38
1086	E6A47285-73FE-11EE-948B-A4AE122C4F38
1087	pf7bbcedee40e3aae1_auto12526158730277131310
1088	7CE020F0-8382-B2F4-5744-89321E293330
1089	473D59BE-231B-8B6E-DAFE-15B5EA34162A
1090	7ECB2F32-7406-11EE-948B-A4AE122C4F38
1091	2E054C3E-A2B0-2258-1879-E17F08683E67
1092	pf5a4c0c58fb2f5c2b_auto15762427467316984421
1093	57 -8808 152.355
1094	mp_tdm_spawn_secondary
1095	AA4DD91B-C441-11EE-9494-A4AE122C4F38
1096	pff0e66795f7b56c4_auto1
1097	-1708.5 -12250 184
1098	730AD848-C13C-35EE-042F-929997D8E2A8
1099	6B7B8CDF-D104-8120-3634-4D4F28C903A6
1100	-1139 -12299 184
1101	491FB9F2-1D15-B3A9-7BBD-AC8BE875B3DB
1102	-1705.6 -12378.3 184
1103	pf4956b925269a11fa_auto1
1104	scriptable_tool_broom_wood_01
1105	82B8E39A-665D-2FD8-65A0-718F322D2679
1106	F6EC2F51-E53F-0E29-D446-F335A2792D1D
1107	C38E0C77-D004-11EE-9496-A4AE122C4F38
1108	B1428DE4-6FB6-35B9-AD3F-64F794D09800
1109	-610.5 -8078 152.111
1110	pfac1911ff8e32cb0b_auto1
1111	-1137 -12297 184
1112	15C032BC-A08B-56B0-8032-F61241DB7C9C
1113	34761044-896B-8C77-3975-62DEF1C3AC0C
1114	-146 -8277 163.137
1115	scriptable_door_industrial_metal_mp_01
1116	4D9DF0F8-73FB-11EE-948B-A4AE122C4F38
1117	-160.01 -8202.6 170.341
1118	pf7ee0283413e78586_auto1
1119	pf26574773b7c9ff2b_auto4
1120	pf3a8ade2d4a0421f3_auto1
1121	737910A4-4CE4-11EE-9489-A4AE122C4F38
1122	-1645 -12310 184
1123	D4DFD08C-7344-11EE-948B-A4AE122C4F38
1124	mp_dd_spawn_defender_a
1125	-1773 -12248 184
1126	pf9308ac5baa14468a_auto1
1127	-654 -8567 153.066
1128	4AE41C54-F099-3860-9130-B82563C12702
1129	pfffd3e7eba1dd886a_auto1
1130	-312 -8012 175.998
1131	0 225.9 0
1132	EF8B91E0-467E-11EE-9487-A4AE122C4F38
1133	6517E3AF-772E-11EE-948B-A4AE122C4F38
1134	651668DC-7DE5-EDDF-6E5D-0B5E8C89193F
1135	D3249084-5230-11EE-9489-A4AE122C4F38
1136	0 218.5 0
1137	pff0541e55e28385af_auto1
1138	pf566fc7d82dcd838a_auto4
1139	93C5F340-40B6-A230-E7FB-E7013E484314
1140	D6C14E77-4759-B7D0-10A4-C8E03932ADE0
1141	traverse_warp_down
1142	mp_dd_spawn_attacker_a
1143	88B0C485-58E4-F422-021F-FF61E0909805
1144	0 327 0
1145	traverse
1146	nav_door
1147	0 270.199 0
1148	6F2397C6-734A-11EE-948B-A4AE122C4F38
1149	-297.389 -8103.79 166.511
1150	0268DEC5-B5ED-4184-66C3-8E1C0DFACECE
1151	B6CE22A3-740B-11EE-948B-A4AE122C4F38
1152	-223.165 -8190.66 171.367
1153	3A203E4B-81D9-1996-23D4-17FFBFDFE3AD
1154	4F0EC8AA-FA0B-946A-1445-DC23F2A614F6
1155	9C65DB13-733D-11EE-948B-A4AE122C4F38
1156	scriptable_scriptable_door_metal_single_b_02_grey
1157	CB3970F0-0B95-EBCE-B204-0EB3512294D7
1158	DBC30907-9AD0-1324-C34B-62F86189AD00
1159	scriptable_sign_clock_04
1160	F79E3EA0-3C5A-11EE-ADC1-A4AE122C4F38
1161	cp_disco_wall_fan
1162	9A009541-B378-7361-5E83-53D55B7E3843
1163	A3787174-1390-CEC3-BDED-76CF4DBBC956
1164	-1677 -12312 184
1165	1EF01BB4-97DC-E0FD-14A5-8AF98BD9EE66
1166	bash_right_90
1167	3D130965-1F10-83A2-80C9-484D23EE75A4
1168	3EAA3518-877D-06E5-7722-44656C45658F
1169	56D9E74C-60D4-A49F-DFC4-9F9B2F9FCF7B
1170	-330.519 -8227.43 152.383
1171	D87FDAA4-D004-11EE-9496-A4AE122C4F38
1172	0DDAD937-73FD-11EE-948B-A4AE122C4F38
1173	EF8B91EA-467E-11EE-9487-A4AE122C4F38
1174	3275C210-FD70-ADC4-99DA-8B0C4DDAB1CD
1175	pf95b980d340684f86_auto1
1176	3742A700-73FD-11EE-948B-A4AE122C4F38
1177	E9BC3E85-CFFB-11EE-9496-A4AE122C4F38
1178	E4C2E489-F99B-2B0E-8EA4-8B499B9E8C78
1179	pf7e23c68154a97f70_auto7822125793523812222
1180	9F07D78B-7D5E-1806-5EB5-B340AD2B55EF
1181	closed_usable
1182	431B6156-2F03-DA88-0C6B-245C82B5CB2D
1183	vfx/jup/level/mp_jup_escape5/vfx_esc5_trash_linear
1184	EE52EC6F-73F7-11EE-948B-A4AE122C4F38
1185	0 264.1 0
1186	F5DBC5B8-5195-11EE-9489-A4AE122C4F38
1187	0 328 0
1188	-594 -9581 153.25
1189	pf19a943bf60c2972_auto1
1190	-208.82 -8260.76 166.166
1191	-225.225 -8188.46 167.415
1192	left_50
1193	left_90
1194	D87FDA90-D004-11EE-9496-A4AE122C4F38
1195	-238.964 -8121.17 175.381
1196	pf499e5a2d86e8275_auto1
1197	3EE7B6A2-BB20-2A81-3961-5A94A2222EC0
1198	-1613 -12476 184
1199	A5D65D21-4CE4-11EE-9489-A4AE122C4F38
1200	6914C85A-559F-3485-7F6B-719DB56B0247
1201	514815E2-EED7-5372-5F2B-67C65055C057
1202	0 316.101 0
1203	pfebe7b1c058ee4f35_auto17933417469418816738
1204	E6A47294-73FE-11EE-948B-A4AE122C4F38
1205	6869721F-6F93-7298-AE50-045DAE3FB6C5
1206	0 326.9 0
1207	-2729 -10160 154
1208	95D9D2AB-5195-11EE-9489-A4AE122C4F38
1209	-300.485 -8103.53 168.043
1210	40E24121-06DB-9A7E-B841-B3BDF057D1C9
1211	-1579 -12376 184
1212	-177.751 -8134.92 178.478
1213	A5023478-CD21-11EE-9496-A4AE122C4F38
1214	A791DCC8-5195-11EE-9489-A4AE122C4F38
1215	mp_control_spawn_attacker_start
1216	scriptable_ee_book_office_folder_pile_02
1217	D3DD1EF0-6555-0CDF-107E-1C23B989AA8C
1218	cp_disco_bottle_glass_liquor_04
1219	pf978f49997ea4239e_auto1
1220	pf6937fb0d1076395e_auto1
1221	298784CB-218B-FF0F-FE67-BDC0A85CABEB
1222	pfa65334dba69e905b_auto1
1223	-162.277 -8206.38 169.772
1224	EB4B0BD6-CFF6-11EE-9496-A4AE122C4F38
1225	scriptable_un_office_binder_set_01
1226	1D6ED3EB-7406-11EE-948B-A4AE122C4F38
1227	7CA02CE9-805B-0F63-A872-A3EB031EE5D0
1228	72.5 -8292.5 164.703
1229	F79E6588-3C5A-11EE-8A16-A4AE122C4F38
1230	12614814-D3FC-C402-CD4E-D8B6A6147D89
1231	pf730a292d164fbe88_auto4
1232	-943 -12471 184
1233	B929AD92-73FE-11EE-948B-A4AE122C4F38
1234	-1775 -12376 184
1235	FEFAC4AE-B9F0-11EE-9494-A4AE122C4F38
1236	EE52EC6A-73F7-11EE-948B-A4AE122C4F38
1237	bink2
1238	58BFB126-C9B4-A7C3-472A-2A53DCB21BCD
1239	-269.57 -8244.35 160.365
1240	0 46 0
1241	-1612 -12475 184
1242	4D9DF0E9-73FB-11EE-948B-A4AE122C4F38
1243	-236.57 -8120.35 173.801
1244	91388614-772E-11EE-948B-A4AE122C4F38
1245	pf52cee640a4c83e1b_auto1
1246	5D632433-6968-8668-9C6E-C2C13936484F
1247	BA03C9D4-467E-11EE-9487-A4AE122C4F38
1248	CDC4F73C-4CC1-11EE-9489-A4AE122C4F38
1249	military_ammo_restock
1250	-300.095 -8103.52 166.103
1251	A5D65D35-4CE4-11EE-9489-A4AE122C4F38
1252	69493DDB-F88B-D04C-CDE7-52AF11601700
1253	pf50b479d695b145f6_auto4
1254	pfffa994d150a901f2_auto1
1255	A5D65D2B-4CE4-11EE-9489-A4AE122C4F38
1256	off
1257	F17746F5-740C-11EE-948B-A4AE122C4F38
1258	pf85b792dfa36965d6_auto4
1259	7901A292-7C93-36C8-1752-A991585B8D07
1260	6FE29451-73FB-11EE-948B-A4AE122C4F38
1261	97766EE7-0122-9B06-689B-63272FB32403
1262	-1275 -8704 151.598
1263	prefabs/createfx/mp_jup_security_area_cfx.map
1264	0DDAD93C-73FD-11EE-948B-A4AE122C4F38
1265	-205.436 -8261.88 160.988
1266	C38E0C3B-D004-11EE-9496-A4AE122C4F38
1267	AA4DD920-C441-11EE-9494-A4AE122C4F38
1268	-287.365 -8173.87 165.301
1269	5EF0FA20-2609-117A-5C1C-272695BAF807
1270	E9BC3E67-CFFB-11EE-9496-A4AE122C4F38
1271	vfx/iw8_br/mp_escape4/vfx_esc4_insect_flies_trash
1272	452C7D5F-588C-B952-096B-618894037D82
1273	4CE0AEE2-4225-F436-E440-07AA51327EBC
1274	-1773 -12249 184
1275	20B518AC-8A48-1BB9-BEA5-B78DB39E8EE9
1276	pfb34502ae2d64bf2a_auto4
1277	-308 -8002 183.994
1278	3B3A3EA4-84F2-2E95-B4E6-89CE2A673A1A
1279	71.5 -8291.5 166.847
1280	-145.069 -8277.84 167.079
1281	-1613 -12475 184
1282	-2040.25 -11666.5 184
1283	0 212.4 0
1284	pfa70a7ce59ee0cdaa_auto4
1285	pfea8bcee6b2e27f09_auto1
1286	24E439F7-3E34-54A7-F0F2-5501EF2CD202
1287	6F933DF3-C059-11EE-9494-A4AE122C4F38
1288	7EC93D0D-8427-AA6B-BD45-B22F9F56C687
1289	7425186A-7F6D-DE28-C2D1-175EDFB9A6E6
1290	scriptable_ee_construction_tool_box_metal_01
1291	E56D55A4-C7CE-BA1D-AEC6-0ED6364FBD5F
1292	scriptable_hardpoint_chevron
1293	bink3
1294	-967 -8631 153.909
1295	-164.324 -8209.15 171.337
1296	3AB628DA-C441-11EE-9494-A4AE122C4F38
1297	pf80655cc394caf572_auto1
1298	pf5a4c0c58fb2f5c2b_auto17652165561603997674
1299	pf89d212ad9d1a05b1_auto1
1300	E6A47280-73FE-11EE-948B-A4AE122C4F38
1301	pfcbd6cde23fb07438_auto1
1302	FE48EDAE-ED39-AFA5-2AD0-147D900DE8EE
1303	pf47764c740d8f76fc_auto1
1304	1D6ED3D2-7406-11EE-948B-A4AE122C4F38
1305	scriptable_bathroom_sink_02
1306	5B41E0AA-0532-9DD4-8049-8B013623D44A
1307	15778C89-7344-11EE-948B-A4AE122C4F38
1308	38B6E187-519B-11EE-9489-A4AE122C4F38
1309	-225.844 -8191.51 169.052
1310	pf42985041f61ea334_auto1
1311	BED69704-A3CC-BF86-7A0F-ECFC8B7C43A7
1312	737910BD-4CE4-11EE-9489-A4AE122C4F38
1313	-160.406 -8207.02 169.786
1314	A24F1EEC-2285-B7E7-30D9-52C5E37CCC03
1315	mp_rugby_spawn_axis
1316	6F933E02-C059-11EE-9494-A4AE122C4F38
1317	0 89.9979 0
1318	03AD9F61-B9F0-11EE-9494-A4AE122C4F38
1319	C40A4A63-733C-11EE-948B-A4AE122C4F38
1320	-1641.6 -12378.3 184
1321	E9BC3E76-CFFB-11EE-9496-A4AE122C4F38
1322	-1676.5 -12314 184
1323	EE52EC60-73F7-11EE-948B-A4AE122C4F38
1324	DB104C1B-44BA-53B5-E93C-66E4CAA655DF
1325	pf141d2d67486222fc_auto1
1326	-784 -8236 158.838
1327	E9BC3E8A-CFFB-11EE-9496-A4AE122C4F38
1328	-2265 -10266 153
1329	traverse_warp_across
1330	pale::cp_disco_wall_fan_anim
1331	pfd68f852ef38e90b7_auto1
1332	25613595-510E-E55B-8E1D-E56C375C9953
1333	-1774 -12248 184
1334	tool_screwdriver_01
1335	-149.282 -8280.04 164.804
1336	DD470E98-5199-11EE-9489-A4AE122C4F38
1337	0 239.9 0
1338	3742A6F1-73FD-11EE-948B-A4AE122C4F38
1339	7CFE42E7-7E2D-F519-EBDA-EF0AA1AC9ED3
1340	8EC156C2-B9F5-11EE-9494-A4AE122C4F38
1341	pf9a77448c3ca03eb0_auto1
1342	pfd6582450acc91eb7_auto4
1343	0 212 0
1344	8EC156CB-B9F5-11EE-9494-A4AE122C4F38
1345	0DDAD94B-73FD-11EE-948B-A4AE122C4F38
1346	C40A4A54-733C-11EE-948B-A4AE122C4F38
1347	useable_off
1348	BD950418-678E-AC20-2481-756367B70708
1349	33032EFF-E9D0-5377-E6F1-AF0AC1D1C07C
1350	6F933E34-C059-11EE-9494-A4AE122C4F38
1351	pfb1f9434e62474efc_auto1
1352	00AA034E-733D-11EE-948B-A4AE122C4F38
1353	pf62931e11be0f51bb_auto1
1354	disabled
1355	EE52EC47-73F7-11EE-948B-A4AE122C4F38
1356	64B1C320-73F8-11EE-948B-A4AE122C4F38
1357	-1240.39 -8210.7 161.45
1358	87E8F331-E142-11EE-9499-A4AE122C4F38
1359	scriptable_scriptable_door_wooden_panel_mp_01_green
1360	E542CC25-CFF6-11EE-9496-A4AE122C4F38
1361	737910C2-4CE4-11EE-9489-A4AE122C4F38
1362	E012BDBF-1B89-75E0-79C9-32F771031340
1363	3F9F7714-1D63-123E-C9A5-DCD20333E9AC
1364	-1137 -12305.5 184.25
1365	EF8B91FE-467E-11EE-9487-A4AE122C4F38
1366	71887F4B-734B-11EE-948B-A4AE122C4F38
1367	07310C19-7355-0E44-E12D-425BC1783734
1368	pf42e19df68a980fdb_auto1
1369	mp_rugby_spawn_allies
1370	6F933DFD-C059-11EE-9494-A4AE122C4F38
1371	military_ascendertop_heavy
1372	6FE29438-73FB-11EE-948B-A4AE122C4F38
1373	-2736 -10162 154
1374	0A731DEE-4CC2-11EE-9489-A4AE122C4F38
1375	mp_ctf_spawn_axis_start
1376	4D9DF0FD-73FB-11EE-948B-A4AE122C4F38
1377	D01CD940-8229-D408-5B53-F959031847D3
1378	0 225.5 0
1379	6F933E52-C059-11EE-9494-A4AE122C4F38
1380	mp_xfire_spawn_team_three_start
1381	pf69f69613e9f079be_auto1
1382	scriptable_door_wooden_panel_mp_01
1383	73791090-4CE4-11EE-9489-A4AE122C4F38
1384	79F54844-6359-A548-3641-486F8DF689A4
1385	6D25AC5E-CF6E-743B-40C0-3F958A528865
1386	C38E0C5E-D004-11EE-9496-A4AE122C4F38
1387	58 -8807 152.456
1388	310E9A1F-7422-11EE-948B-A4AE122C4F38
1389	pfe8440836606dd33f_auto4
1390	closed_unusable
1391	89C60DB3-EC98-A2BA-0D0B-06732A7CB1AA
1392	0 49.9998 0
1393	7871E385-8F12-8DB1-3EA3-86C0770AFA4C
1394	341BA73E-3285-FB63-C230-9E1BA604E2C3
1395	useable_on_no_collision
1396	0 271 0
1397	AFA0B034-229C-543C-7732-13F11714FF89
1398	D3BE6D14-427C-E776-8691-F22F44411E25
1399	-1611 -12247 184
1400	machinery_gondola_pulleys
1401	C2C5F580-740D-11EE-948B-A4AE122C4F38
1402	4FB3D063-7422-11EE-948B-A4AE122C4F38
1403	B70525FD-7344-11EE-948B-A4AE122C4F38
1404	decor_barrels_01_blue
1405	1D6ED3BE-7406-11EE-948B-A4AE122C4F38
1406	86465BB9-7422-11EE-948B-A4AE122C4F38
1407	2E17EE80-1C83-C845-C7E6-89E2A298CF6B
1408	D7FE7C3B-CFF6-11EE-9496-A4AE122C4F38
1409	-1581 -12182 184
1410	B9E46B82-8AA6-AC18-8AEE-BB947E2061D2
1411	-2 -12046 184
1412	59 -11589 184
1413	7DFA6C3A-44CD-9C07-2943-5A79B653DA76
1414	-505 -9422 153.25
1415	mp_sd_spawn_attacker
1416	5269BC84-3A5B-EAAB-DFE1-79811F0326E0
1417	85057F91-64FD-21A1-4709-11D44EDDBC2A
1418	pf7bbcedee40e3aae1_auto8933666879340966382
1419	DE372264-12EF-0C0F-9279-4FF1BD291EA7
1420	pf6928c8469a2bab22_auto4
1421	-1773 -12311 184
1422	D4DD29E6-D4AD-9902-81B0-5D5D57851ED6
1423	E6A4729E-73FE-11EE-948B-A4AE122C4F38
1424	-605 -11605 184
1425	F79E3E93-3C5A-11EE-9CD6-A4AE122C4F38
1426	pf859b3885367fe216_auto1
1427	B06C7E95-E493-FFDA-42A9-2E635D66D43D
1428	0A47EC13-519B-11EE-9489-A4AE122C4F38
1429	standby
1430	-2556 -9497 152
1431	pf3838963855ff8599_auto4
1432	24EAE391-9763-067A-39D2-63564ABBC58A
1433	70D9F6A5-93D6-468E-3906-A06897258A07
1434	-1773 -12377 184
1435	-1644 -12248 184
1436	6C19EAE6-B600-924E-CF9A-05F31FC1EE72
1437	-1610.3 -12313.5 184
1438	-2012 -11125.5 184
1439	FEFAC4C6-B9F0-11EE-9494-A4AE122C4F38
1440	mp_xfire_spawn_axis_start
1441	E6A47271-73FE-11EE-948B-A4AE122C4F38
1442	-601 -11595 184
1443	0 85.5991 0
1444	-1125 -12299 183.861
1445	51111BB9-80D7-F763-AD95-D16EE7F47C87
1446	00AA0344-733D-11EE-948B-A4AE122C4F38
1447	-281.598 -8175.21 162.54
1448	38C4455C-F691-77D0-AB5D-DA9E9BB027D3
1449	08A01981-6F20-DEB3-7F3B-96BE7EBCA1BF
1450	scriptable_cp_disco_wall_fan_anim
1451	DD4EF87E-640D-5624-2F1E-3DB3818659EE
1452	base
1453	inoperable
1454	9B5C1D73-FD23-BAF7-406D-F4548613615A
1455	76DBB70E-0BE2-1749-95AB-4FCDD7308C1D
1456	-1643 -12249 184
1457	E3C4F6C7-734A-11EE-948B-A4AE122C4F38
1458	allies_endzone_vis
1459	3AB628D1-C441-11EE-9494-A4AE122C4F38
1460	pffb6f40d2f4b1e028_auto1
1461	-141.683 -8278.96 161.792
1462	-1775 -12182 184
1463	39B9EEDA-3DA9-3BCF-428F-2B9892CA5427
1464	-943 -12470 184
1465	-1740.5 -12314 184
1466	523787D6-7260-BCF0-359D-DE9A49C2D5A9
1467	-2558 -9495 152
1468	0DDAD946-73FD-11EE-948B-A4AE122C4F38
1469	3B4AAECE-CD1A-11EE-9496-A4AE122C4F38
1470	64B1C307-73F8-11EE-948B-A4AE122C4F38
1471	B788DFC5-6BE3-78F3-C021-DF52204ED00F
1472	05F3AE63-519A-11EE-9489-A4AE122C4F38
1473	0 112.199 0
1474	-1579 -12249 184
1475	A8E95432-5199-11EE-9489-A4AE122C4F38
1476	-1322 -8165 161.405
1477	pfb9f6c073a8cc5e60_auto4
1478	EF8B91F4-467E-11EE-9487-A4AE122C4F38
1479	359.919 265.899 0.853147
1480	scriptable_equipment_toolbox_01_orange
1481	6FE29460-73FB-11EE-948B-A4AE122C4F38
1482	B929ADBF-73FE-11EE-948B-A4AE122C4F38
1483	0 134.999 0
1484	-593 -9580 153.25
1485	-1612.5 -12314 184
1486	EE52EC51-73F7-11EE-948B-A4AE122C4F38
1487	pf935e0c9b76e96523_auto4
1488	67A6AA59-4840-41A7-2BFC-A046A5D37460
1489	D582C025-740D-11EE-948B-A4AE122C4F38
1490	C40A4A45-733C-11EE-948B-A4AE122C4F38
1491	-1613 -12246 184
1492	E7726F36-D18A-11EE-9497-A4AE122C4F38
1493	CA62A44D-7A0F-A7C6-E7AC-D3F888AE5726
1494	53E23E85-4FC8-0BF6-1882-701B49BD43A0
1495	9138860F-772E-11EE-948B-A4AE122C4F38
1496	mp_rugby_spawn_allies_start
1497	0 245.6 0
1498	B3E7FCCC-0C1E-1720-9674-A4B0BD723139
1499	DF0D6B4F-0503-252A-032B-FBB5A446D3DC
1500	0 225.6 0
1501	unlocked
1502	A5D65D1C-4CE4-11EE-9489-A4AE122C4F38
1503	7ADF191C-FA6E-3879-8B4C-F143D59DF45D
1504	-1581 -12376 184
1505	-702 -9103 153.334
1506	8EA66887-5861-1FCE-47D6-BE3A6AEAAE5A
1507	pf97470da3ea6b2883_auto1
1508	56 -8809 152.255
1509	AC1A6FDD-4CC1-11EE-9489-A4AE122C4F38
1510	64B1C2F8-73F8-11EE-948B-A4AE122C4F38
1511	sign_clock_04
1512	pfac960cf9649dd89c_auto1
1513	pfc4d3e1712828c1c5_auto1
1514	5BC9EE0A-37DC-C228-6002-F6E041F19C15
1515	96A873F9-0B29-DF25-600F-C2D2A1C7212F
1516	C71AD04B-4FF0-7155-8834-E305F3B8FCFC
1517	0DDAD95A-73FD-11EE-948B-A4AE122C4F38
1518	CFE80D8F-6C4D-8512-B8D6-A4838F71E4E2
1519	-1580.2 -12248.7 184
1520	scriptable_cp_disco_wall_fan
1521	-238.964 -8120.17 175.526
1522	0 305.072 0
1523	-300.261 -8103.15 166.088
1524	03AB7481-5231-11EE-9489-A4AE122C4F38
1525	-163 -11907 184
1526	-283.915 -8174.25 163.619
1527	-1581 -12310 184
1528	54EE9FDF-6B38-3BDD-B054-D77C6BB7F336
1529	scriptable_uk_tool_box_small_01
1530	5DE54A49-B548-22F9-1920-B6CA34514E93
1531	pfca0fe537185841fa_auto1
1532	-844 -9729 153.25
1533	tool_pipe_wrench_01
1534	CC62310E-F053-4E20-9AB4-50F99F40884C
1535	3824FB07-EA11-F530-53A3-5FA93BFB10E4
1536	-1578.3 -12249.5 184
1537	scriptable_cache_duffel_bag_01
1538	B2B7AB6C-5231-11EE-9489-A4AE122C4F38
1539	pfc666d289e62bbe7d_auto1
1540	6F933E61-C059-11EE-9494-A4AE122C4F38
1541	-1577.6 -12250.3 184
1542	BED1B19D-AE63-1A28-672A-34B21C20BA67
1543	pf95c0a7cfe7c35898_auto4
1544	pf7bce79dd12100537_auto4
1545	bash_left_90
1546	B929ADA6-73FE-11EE-948B-A4AE122C4F38
1547	-1137 -12300 184.25
1548	90B6A722-F543-D842-6491-CAB1C067CC84
1549	0DDAD932-73FD-11EE-948B-A4AE122C4F38
1550	pfa46073ce4f8834e5_1
1551	CA0CF5F1-1EB0-EF54-7DD7-F12B73046932
1552	-174.622 -8137.28 178.452
1553	-1643 -12183 184
1554	-3 -12047 184
1555	076E7AE0-A230-D978-1699-88507599FADD
1556	-1643 -12248 184
1557	359.889 267.898 0.849805
1558	scriptable_door_industrial_metal_mp_01_clean
1559	misc_keyboard_black_01
1560	318F3B31-1016-D370-80F6-6F228333350D
1561	scriptable_un_office_computer_monitor_02
1562	-159.147 -8208.31 169.692
1563	49584C5D-4BD1-A873-9C3F-593AA5C02C30
1564	913885F6-772E-11EE-948B-A4AE122C4F38
1565	90195815-B255-FE5E-FD84-F5C626DA514D
1566	E9BC3E99-CFFB-11EE-9496-A4AE122C4F38
1567	0 89.999 0
1568	-471 -11900 184
1569	658FC36A-A4AE-DEAB-1340-2275CAD5E094
1570	body
1571	7128146B-F593-F02D-F1F2-ED1E32EFEF65
1572	3606EA00-522F-11EE-9489-A4AE122C4F38
1573	hardpoint_vis_03
1574	B6CE22B2-740B-11EE-948B-A4AE122C4F38
1575	C38E0C31-D004-11EE-9496-A4AE122C4F38
1576	E542CC34-CFF6-11EE-9496-A4AE122C4F38
1577	-503 -9412 153.25
1578	ee_military_hazmat_containers_bucket
1579	military_zipline_heavy_bigmap
1580	B8C4239A-8870-C07F-2619-CA60D07E5FB0
1581	E6A4727B-73FE-11EE-948B-A4AE122C4F38
1582	hidden
1583	pf2569a6b8860f1997_auto1
1584	B929ADB5-73FE-11EE-948B-A4AE122C4F38
1585	ED3811A7-9FAA-A5B9-5543-3EA7D281713A
1586	pf7bbcedee40e3aae1_auto1
1587	pf82ce40c8de59fd0_auto15010002663093645977
1588	-1579 -8689 151.31
1589	616B2B94-47B3-5439-6E36-E7BAA3C6704B
1590	46B3186C-BDF7-2410-144A-A68183D4B882
1591	-1708.2 -12248.7 184
1592	5F2AA273-7349-11EE-948B-A4AE122C4F38
1593	550D1340-61A7-FA80-A765-C5C69AC9E9A8
1594	FEFAC4B1-B9F0-11EE-9494-A4AE122C4F38
1595	AA4DD8C6-C441-11EE-9494-A4AE122C4F38
1596	-1708.2 -12376.7 184
1597	9ED0141E-7349-11EE-948B-A4AE122C4F38
1598	C40A4A72-733C-11EE-948B-A4AE122C4F38
1599	pf1d802fd78890a73b_auto1
1600	58 -11589 184
1601	pf8830626c74558c2d_auto1
1602	DD052985-21EB-6EC0-1293-400D35F692B8
1603	28425E7E-C24C-9C0A-486F-40035361AE37
1604	D4A2A70B-409C-B740-C24F-F6F40769A364
1605	-2196 -11799 183.75
1606	9EEFF4C2-3EF4-79EA-DE00-2275E8067983
1607	ee_book_office_folder_02_stack_sml
1608	ee_book_office_folder_02
1609	pfafe7371c6a73a144_auto1
1610	pf8b64c8701aa07dbf_auto1
1611	-311 -8007 170.016
1612	7481F11C-80BC-01B3-DFE9-A68A6A128D74
1613	E8D6B37C-AA11-4049-8579-0C6F5E0D0F0F
1614	0 253.7 0
1615	traverse_warp_up
1616	AA4DD8BC-C441-11EE-9494-A4AE122C4F38
1617	6A3529EF-1C78-C0CD-17AB-992B0926E44F
1618	-1675 -12312 184
1619	partially_open_in_use_unusable
1620	pfd1c5691ed1d40cac_auto1
1621	pfc5fc7b88374029ef_auto1
1622	0 180 0
1623	7E0FFF41-A30A-B4EF-7760-4134D9D510ED
1624	mp_koth_spawn_axis_start
1625	141 -9388 153.25
1626	-236.441 -8120.71 173.766
1627	0 261 0
1628	pf5a4c0c58fb2f5c2b_auto4
1629	B929ADA1-73FE-11EE-948B-A4AE122C4F38
1630	pf8b0e4a1b7744a344_auto4
1631	-111.94 -8154.2 183.999
1632	D02B9AED-4894-7F50-9A3A-68C8CC43DE3E
1633	C38E0C4A-D004-11EE-9496-A4AE122C4F38
1634	B9367045-7152-EAAB-88E1-B400AB46BE49
1635	-114 -8152 180.316
1636	pfdb63a300a26785db_auto1
1637	mp_tdm_spawn
1638	15FEEAC2-837F-3481-F507-A7257D05B20F
1639	E6A472A3-73FE-11EE-948B-A4AE122C4F38
1640	AA4DD948-C441-11EE-9494-A4AE122C4F38
1641	AE1216F0-838C-4B60-3D6C-96ED173CE635
1642	-2063 -9424 153
1643	C38E0C81-D004-11EE-9496-A4AE122C4F38
1644	-1913 -9114 152.882
1645	6CCEE6F0-522D-11EE-9489-A4AE122C4F38
1646	-1708.5 -12378 184
1647	CC1588F4-F785-0DA1-34C5-FB40860D61EB
1648	1D6ED3F0-7406-11EE-948B-A4AE122C4F38
1649	useable_on
1650	2E7ABF38-F287-1BE9-27A3-9F28BD87AA97
1651	0DDAD955-73FD-11EE-948B-A4AE122C4F38
1652	1
1653	pfd8a85e684a8723b8_auto1
1654	41B8157D-F47A-ABEE-D6AE-174E54AA95B6
1655	rust::accessory_fire_extinguisher
1656	8EC156BC-B9F5-11EE-9494-A4AE122C4F38
1657	pf28b53687481a300d_auto1
1658	-163 -11905 184
1659	pfd043e7b5ea0df6c1_auto1
1660	BA03C9D9-467E-11EE-9487-A4AE122C4F38
1661	pf24595b6b71c937c5_auto4
1662	3AB628D7-C441-11EE-9494-A4AE122C4F38
1663	pf87147d20c172bb79_auto1
1664	AA4DD94D-C441-11EE-9494-A4AE122C4F38
1665	pf548b8ed786edd8d0_auto1
1666	EE52EC42-73F7-11EE-948B-A4AE122C4F38
1667	D7FE7C22-CFF6-11EE-9496-A4AE122C4F38
1668	-960 -8602 153.924
1669	-271.57 -8243.35 160.348
1670	pf98938be58f4168d2_auto1
1671	un_appliance_water_cooler_dirty_01
1672	8EC156B3-B9F5-11EE-9494-A4AE122C4F38
1673	D7FE7C31-CFF6-11EE-9496-A4AE122C4F38
1674	6870F91D-4CC2-11EE-9489-A4AE122C4F38
1675	03AD9F67-B9F0-11EE-9494-A4AE122C4F38
1676	-831 -8601 153.032
1677	hardpoint_vis_02
1678	71.5 -8291.5 164.557
1679	140 -9389 153.25
1680	-1581 -12248 184
1681	0B89AC0C-25B1-7ECB-04D9-4562339BEBC5
1682	EFC4CE50-D2E0-CE21-147D-B1608552AAC8
1683	7ECB2F2D-7406-11EE-948B-A4AE122C4F38
1684	-2064 -9423 153
1685	8F92E9B2-09AA-D2A3-F5A7-F3B623EE20D0
1686	ACB891C5-1DBB-5AEE-D293-27FD79764CEB
1687	D7FE7C04-CFF6-11EE-9496-A4AE122C4F38
1688	-222.225 -8190.45 167.474
1689	BD132EAC-9300-D124-E631-CEB56BD34941
1690	8288F298-CB3F-11EE-9496-A4AE122C4F38
1691	-163.534 -11906.7 184
1692	EE70EB63-E8FE-2A90-B3AA-8F5936F6BBD0
1693	EC0791BC-5230-11EE-9489-A4AE122C4F38
1694	-468 -11900 184
1695	un_office_paper_stack_01
1696	-234 -9660 153.25
1697	pfd130d58249f6978_auto16058840381026263018
1698	pfb42d4cbf0103f42_auto1
1699	-1642.3 -12377.5 184
1700	pf4abe97f72525ddab_auto4
1701	scriptable_cardboard_box_small_01
1702	screen
1703	-285.748 -8173.63 163.475
1704	EE52EC56-73F7-11EE-948B-A4AE122C4F38
1705	7F57EEA5-5CE8-4BDB-4770-C812B64F8004
1706	vfx_esc4_insect_flies_trash
1707	CDD863F6-471A-F991-AAF8-0F3B4101D9E9
1708	08E78029-522F-11EE-9489-A4AE122C4F38
1709	55C41E16-CB3F-11EE-9496-A4AE122C4F38
1710	-1031 -9650 153.268
1711	-287.365 -8172.87 165.361
1712	66BC99E1-0F75-E460-A79F-9DF531C04DB4
1713	BA03C9C5-467E-11EE-9487-A4AE122C4F38
1714	un_office_storage_box_01
1715	62244947-8E2A-A1D0-22BC-342498C5020C
1716	526C53EB-522D-11EE-9489-A4AE122C4F38
1717	-109.741 -8155.29 179.896
1718	pf531424f34daf6ebe_auto1
1719	F2D69D24-6313-85B3-AA7A-BFDCB9A754ED
1720	-1642.3 -12249.5 184
1721	77C3298B-4170-65C9-0F7E-98CCF4BF5147
1722	E542CC2A-CFF6-11EE-9496-A4AE122C4F38
1723	pfb91f78b6bfc8f0ed_auto1
1724	EC5FFE0A-117F-3F9D-6670-95E536B385BD
1725	0 45.8999 0
1726	3AB628E9-C441-11EE-9494-A4AE122C4F38
1727	D6631D32-4CC1-11EE-9489-A4AE122C4F38
1728	4DABB586-E149-11EE-9499-A4AE122C4F38
1729	-330.259 -8228.71 158.666
1730	57EF9CBE-475D-59B8-5972-41AA9A2E0962
1731	BA03C9CA-467E-11EE-9487-A4AE122C4F38
1732	pf67874f211aad8447_auto1
1733	pfe36dad0825c9ae3_auto1
1734	0 305 0
1735	-782 -8236 158.831
1736	-687 -12452 184
1737	-159.406 -8207.02 169.835
1738	2D5AD279-5195-11EE-9489-A4AE122C4F38
1739	-1644.5 -12378 184
1740	12988C38-CB45-11EE-9496-A4AE122C4F38
1741	D0D45698-7D64-CA27-14F0-3062A666E3A6
1742	pf9b2ac37ec587dfed_auto4
1743	mp_tdm_spawn_axis_start
1744	5CB7E87C-CB3F-11EE-9496-A4AE122C4F38
1745	0 217.999 0
1746	A4762C47-17D9-3A38-02F3-12BAA2FB44B1
1747	pff754d63e86d52d2c_auto1
1748	pf30c8a0f59dbce785_auto4
1749	pf2f572d43aa3fa002_auto4
1750	-692 -9122 151.988
1751	C38E0C2C-D004-11EE-9496-A4AE122C4F38
1752	EF8B9212-467E-11EE-9487-A4AE122C4F38
1753	pf304d7395347793a9_auto1
1754	00AA033A-733D-11EE-948B-A4AE122C4F38
1755	pfebbf18eca1b385c0_auto4
1756	scriptable_ee_book_office_folder_pile_01
1757	E542CC2F-CFF6-11EE-9496-A4AE122C4F38
1758	0 179.998 0
1759	67717853-BD24-B867-5FDE-FDA0D5E72651
1760	pf9c00da25d0fb407_auto4
1761	0 305.1 0
1762	57 -11580 184
1763	pf47283ccf6bf38f2c_auto1
1764	91388600-772E-11EE-948B-A4AE122C4F38
1765	pfcb217df468892ae6_auto1
1766	scriptable_ee_book_office_folder_02
1767	-1676.2 -12312.7 184
1768	pf4293deae0bc39661_auto4
1769	ee_construction_tool_box_metal_01
1770	B6CE22A8-740B-11EE-948B-A4AE122C4F38
1771	-298.261 -8104.15 166.366
1772	pfd7d25c71e594c4ed_auto1
1773	D54C6766-B7E9-6C8C-05EC-6F1C296A450A
1774	-966 -11446 177.977
1775	pf9dbfb2b19b2c5247_auto1
1776	313DCF30-B037-9500-833D-2DE548F5219E
1777	49A215E9-E4EF-F29A-C405-A48278363836
1778	1C25BD2B-42DD-873E-F814-A738D0EF4361
1779	pff827152695d594bc_auto1
1780	966C081A-01DE-FB0C-2ECA-8ED9D4017C71
1781	-298.39 -8103.79 166.357
1782	-2557 -9496 152
1783	D33A7714-62C4-21D6-6465-C40C14A24E74
1784	B929ADB0-73FE-11EE-948B-A4AE122C4F38
1785	3CCCE2E9-5195-11EE-9489-A4AE122C4F38
1786	-2224 -12360 184
1787	465B68FF-CEC4-B0ED-E4F7-AEC3B2FBC463
1788	CD2F3932-5199-11EE-9489-A4AE122C4F38
1789	B3562D8B-0CB9-8682-B3F4-DDB9EAA50594
1790	-484 -12105 184
1791	pf9cb82c55023a4be0_auto4
1792	-1933 -10068 153
1793	7FFBB160-C0D7-4FA4-212F-7F733DF98A53
1794	pf5a4c0c58fb2f5c2b_auto12769542232031340601
1795	1D6ED3D7-7406-11EE-948B-A4AE122C4F38
1796	97FA7E15-7E75-C064-6026-76B481042037
1797	0 0 0
1798	vfx_esc5_tower_light_green
1799	D7FE7C09-CFF6-11EE-9496-A4AE122C4F38
1800	D7FE7C1D-CFF6-11EE-9496-A4AE122C4F38
1801	partially_reopen_in_use_unusable
1802	scriptable_cp_disco_bottle_glass_liquor_04
1803	-1742 -12244 184
1804	0 143 0
1805	pfd2472e7a848cf58b_auto4
1806	E96120E8-7349-11EE-948B-A4AE122C4F38
1807	B929ADC4-73FE-11EE-948B-A4AE122C4F38
1808	CA4F594D-376B-32C0-21D2-6A6232DDDF83
1809	12F53406-0188-AEA9-62A2-AD0B8D1A5C93
1810	B929ADBA-73FE-11EE-948B-A4AE122C4F38
1811	-271.406 -8243.73 160.332
1812	0 114 0
1813	-1176 -11381 184
1814	F24439E5-519A-11EE-9489-A4AE122C4F38
1815	-274.246 -8243.21 162.253
1816	C40A4A6D-733C-11EE-948B-A4AE122C4F38
1817	5348869A-2EC5-0FDD-77A5-25E26A01C3B1
1818	visible
1819	DB93ACAD-8AB2-3C1B-9C22-C732053FE15C
1820	D7FE7C0E-CFF6-11EE-9496-A4AE122C4F38
1821	vfx/jup/level/mp_jup_escape5/vfx_esc5_birds_circling_seagulls
1822	51309C72-458B-1892-C171-97AFC2673A93
1823	99DA6EB2-6AC6-EEFD-6D0D-4C67B389D101
1824	pf87ec39f7ea8f8b04_auto4
1825	sfx_escape2_gondola_arrived_up
1826	-1678 -12244 184
1827	D7FE7C27-CFF6-11EE-9496-A4AE122C4F38
1828	-1707 -12377 184
1829	scriptable_cache_toolbox
1830	closed_to_fully_open_unusable
1831	0F3D6E9B-2FD5-2916-6D76-5933977FE92B
1832	1AAC9D75-B3FD-E98E-7F07-E21E8CF21B0D
1833	5A568D22-7346-11EE-948B-A4AE122C4F38
1834	-1612 -12312 184
1835	C6A3EEEC-7369-B82A-D41E-0E2F4CF86CBF
1836	6F0101C2-5A5D-0D5A-C905-0F5E902AD326
1837	12988C29-CB45-11EE-9496-A4AE122C4F38
1838	C38E0C59-D004-11EE-9496-A4AE122C4F38
1839	-1707 -12311 184
1840	13C53935-70EA-42CB-5F58-F8883C8CC176
1841	-2223 -12359 184
1842	0E90B305-F4E9-1A2C-D17B-E313FD79D137
1843	D1E1BF92-B126-8F77-1882-1363A17EE76A
1844	2DAD587B-6C85-2AE5-F20A-A93F725005E2
1845	9CDA2580-4A63-C307-7094-C838CF3942F8
1846	B2C083F3-B28A-DA56-F8BC-8E4D89DE94DC
1847	C38E0C7C-D004-11EE-9496-A4AE122C4F38
1848	8C61C328-2657-0A2A-D842-BE5151923BCC
1849	pf1fa5f14817f4c1cc_auto1
1850	pf5be083e750018771_auto1
1851	0 326.389 0
1852	pf838f4a808c073399_auto1
1853	A27698B9-8A03-4D83-C77B-47FD0D7849AA
1854	mp_ctf_spawn_allies_start
1855	pfdf5df9353eff54aa_auto4
1856	6F933E48-C059-11EE-9494-A4AE122C4F38
1857	6F933DE4-C059-11EE-9494-A4AE122C4F38
1858	3
1859	pfee81b7e65e782ba0_auto4
1860	AA4DD92F-C441-11EE-9494-A4AE122C4F38
1861	E44EFE0D-1131-0412-2861-580D71C0A7D2
1862	A8203F7C-D60F-5A9E-D23D-303E38A3478C
1863	3742A6E2-73FD-11EE-948B-A4AE122C4F38
1864	machinery_gondola_lift
1865	AA6726A4-BB3A-4007-FA72-E4CF505F530D
1866	-1904 -9114 152.882
1867	6F933E2F-C059-11EE-9494-A4AE122C4F38
1868	scriptable_door_metal_04_flat_painted_clean_mp
1869	-1611 -12312 184
1870	F0F01007-0BDC-99F7-D6DB-C2B784FEA90B
1871	03AD9F76-B9F0-11EE-9494-A4AE122C4F38
1872	E7288438-7343-11EE-948B-A4AE122C4F38
1873	1B02EF5B-B8D7-99EE-A02A-051763014574
1874	0 91.0993 0
1875	pfba6cd9ad22f6ba5f_auto1
1876	scriptable_accessory_fire_extinguisher
1877	-784 -8221 158.834
1878	-268.44 -8245.28 160.353
1879	-1709 -12310 184
1880	-1644 -12376 184
1881	600FC64A-71EF-950B-D9F2-4E93E88176B9
1882	-185 -8740 149.918
1883	hardpoint_vis_04
1884	base_book_stack_01a
1885	mp_tdm_spawn_allies_start
1886	950EE37E-0014-4530-88D7-1A4B4377B7BD
1887	0 72.9999 0
1888	F79E3EA4-3C5A-11EE-812F-A4AE122C4F38
1889	158EF544-CB40-11EE-9496-A4AE122C4F38
1890	pf1b2ef5a06ce3c33e_auto4
1891	-831 -8601 159.032
1892	AB7DB166-7624-2538-37F4-E85DE32B6A75
1893	FEFAC4B7-B9F0-11EE-9494-A4AE122C4F38
1894	-2198 -11798 184
1895	-209.585 -8260.29 162.165
1896	DE69FA02-5D8A-ED91-20EA-C1E87A79C939
1897	E189EA94-9873-BCDE-0E87-A726DFC5EB83
1898	pf715d5f3cc3312bb0_auto1
1899	-224.096 -8189.82 167.367
1900	uk_tool_box_small_01
1901	traversal_door
1902	BA03C9CF-467E-11EE-9487-A4AE122C4F38
1903	pfff75e24a23ce7fae_auto1
1904	-1741 -12246 184
1905	A5D65D0D-4CE4-11EE-9489-A4AE122C4F38
1906	-351 -11171 184
1907	4364C758-740E-11EE-948B-A4AE122C4F38
1908	587A6EC7-522D-11EE-9489-A4AE122C4F38
1909	8F8C7267-687F-6079-45AC-71967830A8B8
1910	71.5 -8291.5 162.847
1911	pfe24860508c92c151_auto1
1912	EFA98D13-E5BE-E84C-E885-32602CDADEA8
1913	-1613 -12473 184
1914	73791095-4CE4-11EE-9489-A4AE122C4F38
1915	-274.246 -8244.21 162.192
1916	64B1C2FD-73F8-11EE-948B-A4AE122C4F38
1917	8B78E55C-0F1E-A483-3F87-1AE8A5927B65
1918	-1709 -12376 184
1919	0 254 0
1920	B929AD9C-73FE-11EE-948B-A4AE122C4F38
1921	ee_sign_construction_hills_01_lm
1922	pf1c903d5ac94aca98_auto1
1923	-1707 -12248 184
1924	340BB4EC-B3D0-D717-0EB0-A49294BA4D9F
1925	12988C1A-CB45-11EE-9496-A4AE122C4F38
1926	0 27.9995 0
1927	zmb_broom_01_old
1928	mp_ctf_spawn
1929	pfe3c24ad44d05e2ea_auto1
1930	pf644957483a954584_auto1
1931	83F3B5AC-B705-7BA4-8570-2313A5204A91
1932	vfx_esc5_pipe_steam_pressure
1933	-612 -8076.75 152.119
1934	E06B6FC9-E13F-11EE-9499-A4AE122C4F38
1935	pfaca475ca1fdd9aa1_auto1
1936	-2266 -10695 152
1937	-2539 -9634 152
1938	E542CC20-CFF6-11EE-9496-A4AE122C4F38
1939	93762D93-733D-11EE-948B-A4AE122C4F38
1940	37F8DBC1-0DCA-3A71-EF62-2BFFDE0F912A
1941	77DC2DF8-429D-EE05-E1C0-FD5891291853
1942	scriptable_ee_book_office_folder_02_stack_sml
1943	pf75be8c20dd1a4441_auto4
1944	mp_dom_spawn_axis_start
1945	A5D65D3A-4CE4-11EE-9489-A4AE122C4F38
1946	D7FE7BF5-CFF6-11EE-9496-A4AE122C4F38
1947	pfded3a0461c9055c7_auto1
1948	mp_rescue_spawn_attacker
1949	DAAE039D-2D2B-8FFC-8A28-C1322D56C0EB
1950	EB4B0BE0-CFF6-11EE-9496-A4AE122C4F38
1951	-310 -8008 175.998
1952	78904209-23A5-BEA2-FBEE-CAE5665E0D07
1953	40C4A69E-52FD-B389-5172-DE5A7FF46EDB
1954	-1580.5 -12378 184
1955	3AE0B820-88E4-8AF9-2187-10C040B32941
1956	-729 -9051 153.575
1957	-1580.1 -12376.8 184
1958	C14B8433-98AB-9E4E-1CB1-0D77F19056A1
1959	sfx_escape2_gondola_arrived_down
1960	F1D1B2B6-E3E7-1344-CFE5-4D5303B27253
1961	pf62931e11be0f51bb_auto16569826365250946199
1962	pfe86fe5b10f4263bd_auto4
1963	pf6932f8c7ef8c56d5_auto1
1964	-782 -8235 158.831
1965	03D26FA5-E364-BF45-E35E-CB2988B75DE8
1966	-1903 -9113 152.882
1967	0 260.7 0
1968	3AB628E6-C441-11EE-9494-A4AE122C4F38
1969	8F6456E7-519A-11EE-9489-A4AE122C4F38
1970	A1A8D02C-30A8-56D1-666A-59E423C897D7
1971	pf6fd00a91f0d0e406_auto1
1972	sfx_escape2_gondola_down
1973	pf35fe9a8bc95458ea_auto4
1974	-945 -12470 184
1975	pfa735e9320944d6a_auto4
1976	F084A00D-75BE-79F6-3837-7AFB8B06FDF0
1977	B131207B-4C0B-70B4-8AAA-DE67F9E3710E
1978	0 91.0977 0
1979	E53ACCD9-6FAA-3E75-E392-4178ADBB80D1
1980	2458C76F-D1B9-11EE-9497-A4AE122C4F38
1981	-1265 -8201.75 162.556
1982	0922A78C-E9AC-EF79-898C-0106FD54BE59
1983	6FE2944C-73FB-11EE-948B-A4AE122C4F38
1984	86465BB3-7422-11EE-948B-A4AE122C4F38
1985	4BA228D1-09EC-25CF-B98C-B43E2D44C132
1986	D4371481-CD21-11EE-9496-A4AE122C4F38
1987	E09A919D-AA84-547B-ECCE-BB0624F2E6D1
1988	-1709 -12182 184
1989	-1210 -12098 183
1990	pf24c0dadbb511cdd8_auto4
1991	com_trafficcone_01
1992	-467 -11901 184
1993	-162.109 -8206.76 169.734
1994	EE8FB0A2-BDD3-4990-7202-40AC324FBCA2
1995	6D90580C-3091-4297-0A2B-74E61B99EEA5
1996	73724028-19EF-8DD4-9A58-0A3784FCFF61
1997	scriptable_scriptable_door_industrial_metal_mp_01_clean
1998	69DA976E-73FB-11EE-948B-A4AE122C4F38
1999	7EB5BFE3-3168-095C-0744-E70D09828C14
2000	B9ABA18F-859A-574D-41C0-0B1B96B7C1B8
2001	-335.766 -8225.57 160.37
2002	scriptable_door_wooden_panel_mp_01_green
2003	B28FF715-4CC1-11EE-9489-A4AE122C4F38
2004	0 249.3 0
2005	scriptable_construction_hardhat_lowres_01_yellow
2006	0 299.099 0
2007	468FC922-5967-C512-4528-9718979B8702
2008	3A8F312E-740E-11EE-948B-A4AE122C4F38
2009	-239.57 -8118.35 173.713
2010	-1708 -12248 184
2011	pfcadb5a6cc0752555_auto1
2012	C40A4A4F-733C-11EE-948B-A4AE122C4F38
2013	3442CC70-4CC2-11EE-9489-A4AE122C4F38
2014	4E0B5221-E142-11EE-9499-A4AE122C4F38
2015	4FB3D05D-7422-11EE-948B-A4AE122C4F38
2016	-468 -11902 184
2017	1839846C-EC82-6A6E-7424-1473A84F3FFF
2018	FEFAC4BD-B9F0-11EE-9494-A4AE122C4F38
2019	pfb6830936cf7ba8c8_auto1
2020	EE52EC3D-73F7-11EE-948B-A4AE122C4F38
2021	755F1A49-CD9D-2125-C9B2-DAE106861F4E
2022	mp_arena_spawn_allies_start
2023	77405AEE-81B5-604B-A7D0-A72775CEDB68
2024	default
2025	end
2026	pfdc092a0c6c5c09d6_auto1
2027	food_trash_container_03
2028	pfba224a7fdad20c5b_auto1
2029	-1739 -12247 184
2030	pf57245ccec28599d_auto1
2031	-1706.3 -12377.5 184
2032	explode_left_90
2033	pfd62d78936b90b404_auto1
2034	pf62931e11be0f51bb_auto9639271943369929355
2035	-310.75 -8008.75 176.032
2036	-1579 -12377 184
2037	03AD9F6A-B9F0-11EE-9494-A4AE122C4F38
2038	-2005 -11920 184
2039	D7FE7C40-CFF6-11EE-9496-A4AE122C4F38
2040	61AF0C56-519B-11EE-9489-A4AE122C4F38
2041	61D50650-AED8-66BC-9236-7AC517D010A3
2042	control_vis_b
2043	pffceccbf3b8b334c6_auto1
2044	scriptable_ee_sign_construction_hills_01_lm
2045	pf4675061c752cdbf7_auto1
2046	D7FE7BEB-CFF6-11EE-9496-A4AE122C4F38
2047	F79E3EA2-3C5A-11EE-BAAE-A4AE122C4F38
2048	BA03C9DE-467E-11EE-9487-A4AE122C4F38
2049	vfx_esc5_birds_circling_seagulls
2050	71E17118-5195-11EE-9489-A4AE122C4F38
2051	pm_lights
2052	-1613 -12312 184
2053	9A50B29A-2ED6-EA9D-DEDA-072E19503E49
2054	6E7579DA-CA63-7291-9414-11BB2EA46821
2055	7FDF43C9-734B-11EE-948B-A4AE122C4F38
2056	scriptable_tool_pipe_wrench_01
2057	44D2EFB4-8A92-108B-9084-646AD8B36475
2058	E9BC3EA8-CFFB-11EE-9496-A4AE122C4F38
2059	-343 -10493 151.232
2060	F009C644-1779-758C-AD03-313121488AEE
2061	-1577.6 -12378.3 184
2062	0DDAD92D-73FD-11EE-948B-A4AE122C4F38
2063	4D9DF111-73FB-11EE-948B-A4AE122C4F38
2064	115BA539-2073-9E94-9917-44169C08B9EB
2065	687D5D49-A7C0-2D63-BF8F-9C7C80339324
2066	scriptable_military_ammo_restock_noent
2067	-422 -9993 153.25
2068	A5D65D3F-4CE4-11EE-9489-A4AE122C4F38
2069	-2196 -11799 184
2070	4D9DF10C-73FB-11EE-948B-A4AE122C4F38
2071	5B51265A-63C6-CF2C-4E0D-86D669E3FE39
2072	E83E6971-4CC2-11EE-9489-A4AE122C4F38
2073	09E774D7-740E-11EE-948B-A4AE122C4F38
2074	pf4b12ee850492e674_auto1
2075	12988C3D-CB45-11EE-9496-A4AE122C4F38
2076	-157.958 -8208.35 168.497
2077	F58568BB-5A2F-E880-C882-DC4FDB01BD80
2078	3289479B-F71C-D1B6-7562-3CDC386CE2F6
2079	B44B64F9-8524-61B9-4162-A9C5E2000BCE
2080	-1266 -8200.75 162.538
2081	pf700d483279af1cac_auto1
2082	3742A714-73FD-11EE-948B-A4AE122C4F38
2083	49A40E41-5199-11EE-9489-A4AE122C4F38
2084	A59FA76F-89E9-A42A-30E6-76D3107A3F26
2085	pfd0818209f863af32_auto1
2086	9ECF432A-2E6C-1ABA-4D21-EB5E2BCF75E6
2087	-1957 -12466 184
2088	pf21e7420f7150516a_auto1
2089	-1646 -12180 184
2090	pf74af8d7c7ee9ada4_auto4
2091	307E172C-21F9-B8D4-448E-423E3C232554
2092	-1613 -12474 184
2093	pf37f89e0303df78a9_auto1
2094	BA03C9BB-467E-11EE-9487-A4AE122C4F38
2095	pf37d7835df6021584_auto1
2096	0DDAD950-73FD-11EE-948B-A4AE122C4F38
2097	4D9DF107-73FB-11EE-948B-A4AE122C4F38
2098	-1904 -9112 152.881
2099	pf99744cd43c4eed49_auto1
2100	1D6ED3CD-7406-11EE-948B-A4AE122C4F38
2101	0 210.7 0
2102	-225.844 -8190.51 169.155
2103	scriptable_decor_barrels_01_blue
2104	88DC7920-9E53-9E4C-0957-4C4D9931A41B
2105	B4D57343-37A8-0DE0-DEAD-5F836854010F
2106	A348745A-32FF-1A2A-4D2C-7E556C5338F8
2107	vfx_esc5_trash_linear
2108	0 262 0
2109	loot_container
2110	70.306 -8291.85 164.01
2111	pf13e4b4210defbebc_auto1
2112	-2736 -10229 152
2113	vfx_esc5_tower_light_red
2114	un_office_binder_set_01
2115	pf4201ae368c7c6c16_auto1
2116	-176.622 -8136.28 178.396
2117	-1776 -12308 184
2118	-1643 -12376 184
2119	D0222DA1-A66A-139D-4B3A-D03DB49E26AE
2120	8902AE75-D2A5-1909-5C25-0C8879EF3107
2121	5EBE1003-522D-11EE-9489-A4AE122C4F38
2122	5492AC2B-007D-EB13-27E4-649019A7A5FC
2123	scriptable_construction_doors_metal_b_02_mp_blue
2124	46F455E7-86F8-7C09-D519-052B402C961B
2125	-612 -8078 152.064
2126	9138860A-772E-11EE-948B-A4AE122C4F38
2127	FEFAC4B4-B9F0-11EE-9494-A4AE122C4F38
2128	-502 -9413 153.25
2129	pfae8881507ee066bc_auto4
2130	pf8f6d8fc39f96a3cd_auto1
2131	16 -11035.5 184
2132	tool_jerry_can_01
2133	1348E4D2-D5CB-AF8D-BE57-D57B7436FEC1
2134	E62036C0-4BCA-AB8F-730B-A8D1217BE0BC
2135	pfdf8f877c84a93e58_auto4
2136	-1513 -8248 157.843
2137	B14FEDB3-0741-2F97-A6EB-195C523F62A2
2138	explode_right_90
2139	-1646 -12308 184
2140	EF8B91F9-467E-11EE-9487-A4AE122C4F38
2141	-201 -11547 184
2142	-1355 -12080 184
2143	-1739 -12312 184
2144	AD9BC874-172C-DC78-29A3-B6D8BA656C7B
2145	EE52EC4C-73F7-11EE-948B-A4AE122C4F38
2146	0 259 0
2147	cardboard_box_small_01
2148	737910B3-4CE4-11EE-9489-A4AE122C4F38
2149	E33E196B-15AA-303C-617E-C33129303EAC
2150	4D9DF0EE-73FB-11EE-948B-A4AE122C4F38
2151	pffdd2fbffa82611cf_auto4
2152	E6A4728A-73FE-11EE-948B-A4AE122C4F38
2153	-1774.5 -12378 184
2154	D7FE7BF0-CFF6-11EE-9496-A4AE122C4F38
2155	1D6ED3E6-7406-11EE-948B-A4AE122C4F38
2156	0 259.04 0
2157	pf7bbcedee40e3aae1_auto16152669924348017780
2158	4D9DF116-73FB-11EE-948B-A4AE122C4F38
2159	11F06FA2-D005-11EE-9496-A4AE122C4F38
2160	pf32f88be716898b75_auto1
2161	scriptable_s4_usa_clipboard_w_pencil_01
2162	135 -9366 153.25
2163	pffd2f5b01b2302d8_auto1
2164	B051F6A8-46FF-11CE-E43A-00B8374D811B
2165	E95E37AE-C96A-74B4-2D10-B86B05955742
2166	-1706.2 -12249.5 184
2167	610C84A2-740E-11EE-948B-A4AE122C4F38
2168	pff7e945dca08c249a_auto1
2169	-1103 -11424 182
2170	pf86e4d1135c160d80_auto1
2171	scriptable_un_office_storage_box_01
2172	0 139.9 0
2173	A5023472-CD21-11EE-9496-A4AE122C4F38
2174	-1673.6 -12314.3 184
2175	pfbc860bd0b183995c_auto1
2176	0 259.565 0
2177	6FE2945B-73FB-11EE-948B-A4AE122C4F38
2178	-1774.1 -12376.8 184
2179	scriptable_scriptable_door_industrial_metal_mp_01
2180	pfabce078c7a8fc526_auto1
2181	-2225 -12360 184
2182	tool_broom_wood_01
2183	mp_control_spawn_defender_start
2184	5585BCDE-BF44-18B2-93F5-84BE3B4A1C91
2185	pfa2f757a3816319e_auto1
2186	02A15DAA-95C4-C04A-2DC5-2030E6B47463
2187	2DFB008C-50C1-4D28-1197-328AAE253BF2
2188	control_vis_a
2189	9DADD920-88C8-E84E-8ADB-772EE387F818
2190	dmz_hidden_container_common
2191	0 91.0998 0
2192	scriptable_tool_jerry_can_01
2193	-1675 -12313 184
2194	AA4DD8E9-C441-11EE-9494-A4AE122C4F38
2195	pf700007d1b6b4cfb9_auto1
2196	4A9F88FB-06A0-6C97-639A-A614233B6DE8
2197	6D94DDA7-0DE2-9827-6FA1-AC2E7EE71A6C
2198	EEAD1F55-7FD4-454F-C71A-733B3A2653D7
2199	mp_rugby_spawn_axis_start
2200	mp_koth_spawn_allies_start
2201	-175.691 -8137.12 182.369
2202	BB4EFDB9-CF32-B907-236E-0BE2CCA2AB2A
2203	pf5ce238d05ff2fa12_auto1
2204	7628A289-C6D8-00D7-9FB7-D0A687E4FD35
2205	un_office_binder_open_01
2206	BF7544F9-7935-399F-A71D-3E44448960F2
2207	pf8720a503c8de31b9_auto1
2208	-2197 -11798 184
2209	0 266 0
2210	0 213 0
2211	frozen
2212	B6F8BE22-0AF1-51E6-70ED-7A816131EBBA
2213	26BCDE1F-2A30-A3C7-C030-61B04D4AF6C4
2214	C596E0FB-AA2F-BA35-3B2A-A4FCD4A4A403
2215	4E2C01C8-772E-11EE-948B-A4AE122C4F38
2216	7ECB2F23-7406-11EE-948B-A4AE122C4F38
2217	-206.88 -8260.56 162.266
2218	auto_mp_jup_security_area_cfx.map
2219	0 220 0
2220	-1774.2 -12248.7 184
2221	-3 -12045 184
