   1	C2D95B85-F79F-11EE-B404-04ED334DD7C0
   2	BA4E4603-A8DF-8B09-8EED-CEF76A4187F6
   3	690.5 -965 2
   4	C2D95B84-F79F-11EE-B2C2-04ED334DD7C0
   5	627 -438 4
   6	C2D5D8DA-F79F-11EE-9497-04ED334DD7C0
   7	E63EEDDB-E9E9-7F43-B5BF-482137368B35
   8	C2CE5E4F-F79F-11EE-8669-04ED334DD7C0
   9	8057773B-63B3-BE58-BE79-6316062A71FD
  10	222895F2-08C8-8F5C-FEDB-A7B9BD72E28B
  11	F6D6EBBB-AB1B-3FAF-32CA-F3F6DB917775
  12	DB11C848-BB4D-9C41-8EDA-F08AB4FE5686
  13	C2D45226-F79F-11EE-BBCA-04ED334DD7C0
  14	843FE3B7-E10F-3C6C-B6F0-AB50593A4B8F
  15	C4FD64B3-B1D0-A7FF-46E1-BF35ABB0C3AD
  16	7A81EBCD-D8E0-0C44-1236-8BF3FBAC1E5B
  17	C2C77F50-F79F-11EE-B7C3-04ED334DD7C0
  18	-28 -648 16
  19	E31DE2E3-7AD1-E830-C5B9-5E58419083F7
  20	178 876 26
  21	150 748 24
  22	3CD21D5A-B0EC-4A6B-7269-932B315C9E3D
  23	-424 366 14
  24	E043473A-C791-DAAB-F252-6861697B8B71
  25	-326 156 16
  26	185.32 -707.618 22.5942
  27	C2D8711C-F79F-11EE-B533-04ED334DD7C0
  28	C2C5F89D-F79F-11EE-8101-04ED334DD7C0
  29	166 544 16
  30	0 43.7984 0
  31	A7730F17-C00B-01EB-DD77-0E0D0A1DE996
  32	330 -8 28
  33	C8D1871F-4F5F-178F-63C3-07B004320C00
  34	-798 -716 -26.8989
  35	C2D64E17-F79F-11EE-93C9-04ED334DD7C0
  36	-230 340 28
  37	0 120 0
  38	C2C6BBF8-F79F-11EE-9CDF-04ED334DD7C0
  39	C2D31991-F79F-11EE-8AAD-04ED334DD7C0
  40	35133ECE-0600-3094-8CAD-6E8E16D34E55
  41	824 -442 20
  42	C2DB5773-F79F-11EE-B913-04ED334DD7C0
  43	404 900 24
  44	vfx_jup_animals_pigeon
  45	-742 920 20
  46	522.275 -935.179 16
  47	F9862306-AC68-1270-5193-3BCFCB2A1301
  48	0 285 0
  49	834 618 16
  50	40 -518 28
  51	C2C694E4-F79F-11EE-A663-04ED334DD7C0
  52	C2C6BBF2-F79F-11EE-BB26-04ED334DD7C0
  53	prefabs/createfx/mp_jup_home_01_alt_toon_cfx.map
  54	C2CF6FDE-F79F-11EE-8881-04ED334DD7C0
  55	477F42F7-04A5-C873-2268-B541CA02BDF7
  56	530EF707-2239-32ED-D258-A6D8D46BCE48
  57	C2DB7E87-F79F-11EE-B297-04ED334DD7C0
  58	FBDA8574-3B22-6C72-9BDC-ADB072B712FC
  59	invisible
  60	798 418 20
  61	875FF143-8272-0471-3D65-02E405C7C3D2
  62	C2D192D6-F79F-11EE-A390-04ED334DD7C0
  63	C2DCDE30-F79F-11EE-9012-04ED334DD7C0
  64	864 -879 2
  65	00688153-3FFC-B633-8DFA-D3DE5D63D6F1
  66	F64E4429-5F75-6715-CEDF-109F5471369F
  67	756 -858 12
  68	C2D5FFF0-F79F-11EE-8529-04ED334DD7C0
  69	0 88.997 0
  70	C2D38ECB-F79F-11EE-A423-04ED334DD7C0
  71	30 568 14
  72	C2DCDE2D-F79F-11EE-8483-04ED334DD7C0
  73	C2D90D69-F79F-11EE-9D64-04ED334DD7C0
  74	0 159.998 0
  75	0073A61B-A3C4-704C-38A2-BB2971713A96
  76	C2DE8BF6-F79F-11EE-AEEA-04ED334DD7C0
  77	C2D1B9EB-F79F-11EE-BC2E-04ED334DD7C0
  78	0 89.9997 0
  79	pfaeaf9ff74ede3387_auto2108
  80	C2D367B8-F79F-11EE-8BF3-04ED334DD7C0
  81	C2CF6FDC-F79F-11EE-A428-04ED334DD7C0
  82	C2D6C354-F79F-11EE-BB9E-04ED334DD7C0
  83	C2D8711A-F79F-11EE-8DC6-04ED334DD7C0
  84	491A5B24-93C2-02E6-A11B-6FFEF97C2138
  85	mp_dd_spawn_attacker_start
  86	C2D4A04D-F79F-11EE-81F7-04ED334DD7C0
  87	A555A680-699F-CAB4-10AD-11C4BCCC6376
  88	DA71E031-C758-EA50-CEFC-D8E129CF7823
  89	-720 614 20
  90	C2DDEFAB-F79F-11EE-A90C-04ED334DD7C0
  91	336 -206 24
  92	78B48EA1-B9B2-BCAC-82B3-EAE343981450
  93	692B77C5-C8AC-0AB3-6DFD-066ABE7BEE24
  94	mp_dd_spawn_defender_b
  95	scriptable_decor_pot_plant_fancy_01_sml_with_kale
  96	C2DD7A7C-F79F-11EE-A183-04ED334DD7C0
  97	E4AAE236-A8C6-DB95-0FC0-B051E7805BF0
  98	AB959FC8-682F-0796-1696-A7B4B764E3C8
  99	C2D4A046-F79F-11EE-9BC4-04ED334DD7C0
 100	24CF8CCD-54A6-051C-4CA1-97A1974F3A4D
 101	438EF09E-448D-5D46-57EC-FB5120EF0869
 102	mp_control_spawn_attacker
 103	511 -897.5 2
 104	C2DB7E83-F79F-11EE-957A-04ED334DD7C0
 105	0 282.786 0
 106	C2D3DCEF-F79F-11EE-80E1-04ED334DD7C0
 107	-308 278 24
 108	0 89.998 0
 109	411 925 16
 110	0 104.998 0
 111	0 296 0
 112	-703 -55.5 8
 113	C2C5AA7A-F79F-11EE-A25A-04ED334DD7C0
 114	C2C61FB1-F79F-11EE-9508-04ED334DD7C0
 115	0 90 0
 116	-612 -710 -28.5785
 117	000F698E-20E5-8BD1-1E15-C8410DF553DE
 118	pf43e1eab0c663b6f7_auto2108
 119	B4421631-1DFA-6437-7047-AAFF91C26BCF
 120	398 -798 20
 121	C2D3DCF0-F79F-11EE-9080-04ED334DD7C0
 122	mp_dd_spawn_attacker_b
 123	C2D31999-F79F-11EE-B170-04ED334DD7C0
 124	C2D5B1CE-F79F-11EE-B081-04ED334DD7C0
 125	828 -824 22.5678
 126	0B4B6890-D71E-AEDF-0CD8-EF2FC18D0FAB
 127	0DA0E21E-0A11-5829-CCBE-FD66B20BA246
 128	-312 -198 16
 129	3A6AB268-C3B7-6960-5994-61DB3E5AF69C
 130	C2C73133-F79F-11EE-9301-04ED334DD7C0
 131	0 268.999 0
 132	304 460 20
 133	C2DCB71B-F79F-11EE-94F3-04ED334DD7C0
 134	C2C70A1D-F79F-11EE-AED1-04ED334DD7C0
 135	pfc962e3dd2225aa49_auto2108
 136	C2D87119-F79F-11EE-8223-04ED334DD7C0
 137	C2DB5775-F79F-11EE-BB47-04ED334DD7C0
 138	-529.5 846.5 28
 139	EC1906DE-31DC-64BF-422A-EEF1D792AC30
 140	1AFD3F44-A182-70A4-8EF4-8C9E2DD0A3FB
 141	7ACC3CA8-90C7-6090-3F58-55E574DD1FA9
 142	C2C73132-F79F-11EE-A046-04ED334DD7C0
 143	0 69.9987 0
 144	C2DE3DD8-F79F-11EE-8E6A-04ED334DD7C0
 145	vfx
 146	C2D67524-F79F-11EE-8413-04ED334DD7C0
 147	83249686-AEE9-B5AA-2D4B-1ECB1D936A44
 148	5228CC58-1FA9-8AB3-B197-83470BF3F1EE
 149	C2DD2C51-F79F-11EE-A8CE-04ED334DD7C0
 150	434 336 16
 151	702 0 24.9888
 152	959C3207-5115-6A91-DABD-A230B66270F1
 153	DFEB33CA-8241-8CEB-1731-E0FC33EC03F5
 154	C2DD2C56-F79F-11EE-958D-04ED334DD7C0
 155	66C464E1-40E2-4797-C8A9-8D978138E7F6
 156	C2C61FAB-F79F-11EE-9F51-04ED334DD7C0
 157	closed
 158	-798 -562 12.9353
 159	90FA2CB7-33D3-C506-0510-2DAAAFA59C26
 160	C2D340AC-F79F-11EE-B645-04ED334DD7C0
 161	2590967F-D375-EDAF-BED5-BA0C18AE079F
 162	-298 -280 16
 163	pf8367847141d1e10a_auto2108
 164	731F0285-9CD0-A38B-A895-359F97C961AF
 165	378 -866 16
 166	060F3DAC-8025-2341-6AA3-A7D3CC05674F
 167	C2D67529-F79F-11EE-A909-04ED334DD7C0
 168	3436D6F4-C0A8-8EE7-9BDD-6C2342CEB3B7
 169	EF572739-4621-28B9-56B7-0726EE9C8EFD
 170	C2D5B1CF-F79F-11EE-A91F-04ED334DD7C0
 171	C2D2A45A-F79F-11EE-87AA-04ED334DD7C0
 172	C2D3DCF1-F79F-11EE-8B92-04ED334DD7C0
 173	C2DD5367-F79F-11EE-9231-04ED334DD7C0
 174	mp_dm_spawn_start
 175	4041F2AA-E7BA-E5BA-E569-D0364ADD6503
 176	711 94 20
 177	0 104.999 0
 178	C52FAFD4-95A5-CBA0-6B34-149A87ECECC9
 179	C2D84A0A-F79F-11EE-B882-04ED334DD7C0
 180	-733.5 458 20
 181	12F163B0-2DF7-7290-FC18-A1FEB41F8ADE
 182	DAAA5D2B-ED36-5867-3258-6CEE618ADF36
 183	-12 -658 28
 184	mp_dom_spawn_allies_start
 185	pf79c1906681d5fc61_auto2108
 186	mp_arena_spawn_axis_start
 187	412 -926.5 2
 188	DE039C30-0612-D473-EB0E-A8C591C51BE1
 189	C2DB7E8A-F79F-11EE-9105-04ED334DD7C0
 190	-662 829 20
 191	C6B3DA76-69C5-CB75-7F1D-FE19DD83D1F7
 192	-740 -140 9.023
 193	800 -237 16
 194	mp_warrior_spawn_allies_start
 195	0 274.999 0
 196	16DF2921-2BA0-142C-A30B-27F66EF4EFF3
 197	424 -866 16
 198	5297A702-4D69-B474-3E17-6DE54015E149
 199	C2C7F48A-F79F-11EE-B1C9-04ED334DD7C0
 200	C2D40401-F79F-11EE-AC5B-04ED334DD7C0
 201	2E4C950A-48AA-3C4E-60A7-CC660C72EC17
 202	C2D1B9ED-F79F-11EE-BB49-04ED334DD7C0
 203	C2CEFAA9-F79F-11EE-813C-04ED334DD7C0
 204	-774 -340 6.1707
 205	-198 -788 6.91892
 206	870 -754 20
 207	232 58 16
 208	499 815 16
 209	562 -884 16
 210	0 31.1978 0
 211	C2CA8CC3-F79F-11EE-AC02-04ED334DD7C0
 212	342 317 16.8349
 213	CEFCB944-FC75-278C-3950-9E00C33EEDEE
 214	C2DE64E4-F79F-11EE-91EB-04ED334DD7C0
 215	-9280 8256 0
 216	C2DE16C2-F79F-11EE-A625-04ED334DD7C0
 217	3EE5605E-9F85-0070-2966-FB5AB9541F59
 218	C2D90D66-F79F-11EE-8EB9-04ED334DD7C0
 219	C2D2A45F-F79F-11EE-999B-04ED334DD7C0
 220	C2D4C75B-F79F-11EE-BFEA-04ED334DD7C0
 221	860 -778 20
 222	EBF96E34-D0FB-BFD7-7581-5325F5DD1444
 223	C2D367B3-F79F-11EE-B5D3-04ED334DD7C0
 224	EADD14F5-8451-1D39-7CC1-5FDEE1DBCBB5
 225	-502 844 12
 226	EB254306-D3DC-719C-5C71-92F368AD687D
 227	C2D403FD-F79F-11EE-9D3B-04ED334DD7C0
 228	194BE182-4B6A-90C8-8B4C-B48D9E2B78A3
 229	C2D64E13-F79F-11EE-8974-04ED334DD7C0
 230	C2DE3DD3-F79F-11EE-B1F9-04ED334DD7C0
 231	C2D1E0FF-F79F-11EE-9305-04ED334DD7C0
 232	BFDCD479-5DA7-50C0-C477-35E3AD013EA3
 233	5C83EE0A-1B3D-B6B1-6B45-29291FBD9337
 234	5
 235	pf2e179933d6c61115_auto2108
 236	C2C70A19-F79F-11EE-8C52-04ED334DD7C0
 237	300 328 16
 238	-130 752 20
 239	C2D8E64F-F79F-11EE-A571-04ED334DD7C0
 240	828 -568 12
 241	C2DB7E89-F79F-11EE-9577-04ED334DD7C0
 242	E88C5039-8BE9-86E1-BD95-2AA31619E087
 243	-734 746 16
 244	C2C6BBF9-F79F-11EE-BA1E-04ED334DD7C0
 245	12A94C34-D6FA-5D2D-EC6F-CF06A8BE1EE4
 246	-518 912 22
 247	143 728 20
 248	C2DEB307-F79F-11EE-91FB-04ED334DD7C0
 249	pfbfea945f251d493f_auto2108
 250	51339E28-4111-3C16-93F0-FCC6B1F7A43C
 251	C2C7CD7C-F79F-11EE-9959-04ED334DD7C0
 252	D7613C5F-8079-A770-4EE8-0C6679E04955
 253	C2CEFAAA-F79F-11EE-A52F-04ED334DD7C0
 254	8F157DAE-2DEF-11EF-95CE-68545A904D17
 255	710 126 20
 256	-180 -294 68.9729
 257	C2D8E652-F79F-11EE-B494-04ED334DD7C0
 258	800 -948 16
 259	6D39666C-DC2E-B263-C3A4-31EB00098F6B
 260	BC7C7620-8697-10D4-C8D7-844DC82AA63F
 261	16C89610-5CAD-AAB3-799C-EB959B94467A
 262	BC3F100A-3BAF-1DA7-8B98-39BE7A8DC2D5
 263	C2DE64E5-F79F-11EE-BDDD-04ED334DD7C0
 264	EEB01BEE-0504-B845-3CE5-E04F29F8DA78
 265	C2D3DCE9-F79F-11EE-8274-04ED334DD7C0
 266	C2C6BBF3-F79F-11EE-A651-04ED334DD7C0
 267	0 4.99889 0
 268	8FE38D7E-A5EC-C856-0C06-3BFBD2436B1C
 269	4F903F01-C224-80E6-695E-43DC0FBF22D9
 270	pfb519372b30809cbb_auto2108
 271	0 39.9996 0
 272	B13F71C9-3445-C050-B2EF-C8BA776FB013
 273	C2D90D68-F79F-11EE-BE3F-04ED334DD7C0
 274	C2D144B6-F79F-11EE-AF4E-04ED334DD7C0
 275	0AF656C9-738D-1E5C-9C02-D225D58F575F
 276	C2D2CB6F-F79F-11EE-8BBD-04ED334DD7C0
 277	C2D5FFF4-F79F-11EE-9A79-04ED334DD7C0
 278	295FB71E-17F6-21DC-B2A5-CDB9DD7EADA4
 279	C2D47937-F79F-11EE-8CC5-04ED334DD7C0
 280	0 230 0
 281	C2D8BF3C-F79F-11EE-809B-04ED334DD7C0
 282	C2DB5778-F79F-11EE-BCF1-04ED334DD7C0
 283	C115865C-81FB-04F8-4885-D36D3D824670
 284	581B5E45-DD44-6D01-7449-F78171F61278
 285	C2DEB305-F79F-11EE-A6C3-04ED334DD7C0
 286	C2DEDA21-F79F-11EE-A5FC-04ED334DD7C0
 287	72590433-A807-EBA3-72E2-8D19F0DFEF6C
 288	C2D40402-F79F-11EE-BD02-04ED334DD7C0
 289	C2DE3DCE-F79F-11EE-B972-04ED334DD7C0
 290	50561CCE-D476-E386-2FF0-0D33D27FE764
 291	C2D1B9EF-F79F-11EE-997F-04ED334DD7C0
 292	C2D5FFF8-F79F-11EE-969A-04ED334DD7C0
 293	807.5 -855.5 2
 294	0FE1BC90-9725-121E-727E-1726FA290D7F
 295	750 628 20
 296	333DFAF5-8C56-897E-F3BC-D99B7B0717DB
 297	C2DCB71A-F79F-11EE-94C6-04ED334DD7C0
 298	AD83C9BC-2035-B76C-24C1-9186A2105875
 299	-244 872 20
 300	0 89.9969 0
 301	8B078AD1-8466-E4B1-636D-AB7D1CF37DB2
 302	-302 -32 24
 303	11253608-DC78-E42E-42EE-838660BE1C13
 304	C2D95B89-F79F-11EE-9D15-04ED334DD7C0
 305	-666 356 10
 306	EAE0D098-8E44-587C-6CCC-DE29EFF1510E
 307	B62B114A-0416-7634-F47A-9B9C402E5AFD
 308	0A8A1588-9AB3-63AF-65F1-ADF1B811EE89
 309	-182 -299 53.4577
 310	2A070DF3-E589-1D28-AADD-FF757BFFADDE
 311	88FDB52E-ED36-E5D5-0938-C7E054A18B7D
 312	-694 -864 -28
 313	C2DE16C5-F79F-11EE-BD79-04ED334DD7C0
 314	C2D3B5DF-F79F-11EE-BA01-04ED334DD7C0
 315	646702D3-4823-B2FC-9708-62ED0A38FE55
 316	-726 592 22
 317	576 -880 16
 318	645E6F35-5F3E-9555-D88F-C4F8D5E4147F
 319	A9258BD9-6570-93ED-3449-1C6506D1A1F1
 320	0 13.9979 0
 321	F6D53316-2F94-5D7C-94BD-79DC18C7EF08
 322	0 194 0
 323	pff4ddcfd5f5191ebd_auto2108
 324	C2D4A047-F79F-11EE-AFAF-04ED334DD7C0
 325	EEFA149F-3468-E75F-E403-E5286677FBD3
 326	0 260 0
 327	230E3F53-6E1C-FDC0-778A-D0CD67F0FBAC
 328	C2DCB71E-F79F-11EE-A269-04ED334DD7C0
 329	C4979C5C-23CE-2A6E-4BBA-1FEB2DD60476
 330	C2D6C350-F79F-11EE-874F-04ED334DD7C0
 331	-26 -714 20
 332	C2C6BBF1-F79F-11EE-BF7A-04ED334DD7C0
 333	AFE1A8A7-A198-CE0A-91D6-7FAF24A4DCDD
 334	11F19294-2CFE-10F6-12B4-7E6980F66BB4
 335	852 -572 20
 336	348152F6-08D1-35B3-B080-CEBACD86B306
 337	0 345 0
 338	0 126.997 0
 339	-761 -248 9.47051
 340	pf224fa732442477c7_auto2108
 341	639FBF24-3521-C47D-D521-B5201F26E934
 342	254DCCFD-10CE-0315-38A7-3C781B36CDD8
 343	0 89.9985 0
 344	792 920 18
 345	C2D2CB71-F79F-11EE-9169-04ED334DD7C0
 346	0 89.9992 0
 347	C2C5F89E-F79F-11EE-813F-04ED334DD7C0
 348	742 -937 12
 349	C2C7CD7A-F79F-11EE-BD29-04ED334DD7C0
 350	36FEA9AA-6524-99F7-28FF-D89D9D76C332
 351	386FDD12-8D76-48A2-0FDC-629C6A4F98E2
 352	63D65E0E-36DD-4455-6352-DD59C27500C7
 353	0 69.9998 0
 354	C2C6E30B-F79F-11EE-B698-04ED334DD7C0
 355	C2D8E64E-F79F-11EE-8EFE-04ED334DD7C0
 356	7722441A-6080-AECD-57AB-66BBA2DD35D5
 357	F7D64840-C484-808A-5F22-9F66A982A77F
 358	C2DDC89F-F79F-11EE-9203-04ED334DD7C0
 359	C2DDA188-F79F-11EE-B284-04ED334DD7C0
 360	0 313.399 0
 361	pf1c166bfeec8ac7b_auto2108
 362	axis_endzone_vis
 363	8B363638-8E63-7E20-6B3F-5A479535C3BA
 364	A39AF118-A7AB-981C-FB11-FD3D89045366
 365	C2CE5E55-F79F-11EE-BF79-04ED334DD7C0
 366	C9AA1612-2DDB-4D5F-9AE7-AD6598514039
 367	C2D8BF41-F79F-11EE-A9A8-04ED334DD7C0
 368	DDC1D4AB-61C5-78D9-F068-D158558067DC
 369	-717 697 4
 370	D199D0C5-7C78-DFA5-D70C-72C9E70DE334
 371	32B5F3A2-90C7-42C6-D15A-F5F2793770D7
 372	5C3618E3-55E3-CE83-3C5D-D72084A66774
 373	0 271.477 0
 374	98 568 20
 375	364DC85C-BF66-C609-5CE4-193055CF56C3
 376	pf7ce944c8067e2338_auto2108
 377	C2D40400-F79F-11EE-8987-04ED334DD7C0
 378	69CE9901-E6E8-0369-E5E7-2353222CA407
 379	BD60959B-122F-73A5-12B4-D88A49FF9FB4
 380	E566779E-A189-E425-C128-437BC973D607
 381	B23848B6-889B-76A2-2A2B-57866938B144
 382	vfx/jup/level/mp_jup_home_alt_toon/vfx_home_alt_toon_blowing_sand_run_01
 383	51CD8D0F-8495-5172-E2AA-5A41367BF5F9
 384	282 764 16
 385	0 295 0
 386	C3388867-42B4-A278-C0E6-C2A232F71465
 387	0 286 0
 388	A2D592BB-F6C1-8060-DB20-77E8D549FDF0
 389	-410 917 16
 390	-650 244 20
 391	FBB29BE0-76A9-EC48-4EA1-F7CA4D230EF9
 392	0 183 0
 393	-720 -850 -28.8913
 394	C2DE16BF-F79F-11EE-818A-04ED334DD7C0
 395	716 -942 20
 396	pffa74010e5da9b60b_auto2108
 397	C2CE1032-F79F-11EE-99F4-04ED334DD7C0
 398	-38 -672 20
 399	367 -850 20
 400	0 289.999 0
 401	342 312 32.9102
 402	0 40 0
 403	C2C75843-F79F-11EE-8280-04ED334DD7C0
 404	-738 908 22
 405	C2D87115-F79F-11EE-8242-04ED334DD7C0
 406	560 -968 16
 407	828 -330 16
 408	mp_dd_spawn_defender
 409	2F57550F-23C8-9CA8-2A07-7824C864900F
 410	-554 -860 -23.3939
 411	C2DDEFAD-F79F-11EE-97E9-04ED334DD7C0
 412	0 249.999 0
 413	22851B24-C04D-DC5C-0097-DDD1A2050333
 414	C2DDC89D-F79F-11EE-B42B-04ED334DD7C0
 415	
 416	0 840 16
 417	vfx/jup/level/mp_jup_home_alt_toon/vfx_home_alt_toon_leaves_falling_green
 418	C2FB263D-14EF-FDBB-697F-19552D47AE26
 419	6927E5F8-4497-3769-DBF3-138B55818E21
 420	C2D42B13-F79F-11EE-8A31-04ED334DD7C0
 421	0 103.999 0
 422	0 67.9977 0
 423	-792 -384 25.8373
 424	0 264.997 0
 425	-371 833 16
 426	254 -304 28
 427	C2D89829-F79F-11EE-81A1-04ED334DD7C0
 428	672 -868 12
 429	0 88.3974 0
 430	554 -896 16
 431	C2C7F48E-F79F-11EE-A4FA-04ED334DD7C0
 432	C86B2219-72BA-8112-0E50-299D59F02703
 433	727.5 367 24
 434	91.1798 -699.382 22
 435	D0185A18-6EDA-EB76-3417-CF76A2A437DD
 436	mp_dm_spawn
 437	C2D192DD-F79F-11EE-82B1-04ED334DD7C0
 438	AC1FF50C-7701-4F4C-2E84-056F5A65D08C
 439	-14 -760 16
 440	C2DD7A7A-F79F-11EE-9ADC-04ED334DD7C0
 441	-332 896 16
 442	98CBECE3-8556-54A5-0DAC-8298CD1050C3
 443	332 -86 32.8717
 444	16 -526 28
 445	99A5C2EE-0A56-7CF7-05E4-C036463FDB59
 446	0 272.088 0
 447	C2D0CF87-F79F-11EE-BBC8-04ED334DD7C0
 448	34BEB1C1-36FB-62BB-D87D-09AABCA7C7AC
 449	C2D25638-F79F-11EE-B0A0-04ED334DD7C0
 450	-650 920 22
 451	E642F6E5-5BB6-5DEE-FECC-4B00B7B53660
 452	458C110C-33A5-F9EC-00AF-23C58DFCCE80
 453	C2D4793A-F79F-11EE-A3CD-04ED334DD7C0
 454	C655C369-18BD-02C7-FAC5-A89B95A82266
 455	-798 -654 -8.02089
 456	C2D93474-F79F-11EE-8A3B-04ED334DD7C0
 457	BCDB9ADF-2EB4-DD44-803D-F4D8C735EFD1
 458	0 0.99757 0
 459	-638 926 20
 460	364EF19D-252B-635E-2A8A-894D2BCA9656
 461	C2D0CF80-F79F-11EE-BE94-04ED334DD7C0
 462	0 116.997 0
 463	C2DB576F-F79F-11EE-9F91-04ED334DD7C0
 464	B4922E14-BD16-DF0E-A313-DCF31E07D2E6
 465	C2D90D64-F79F-11EE-9847-04ED334DD7C0
 466	604 -890 12
 467	pfa13420fa35759c86_auto3
 468	-306 288 16
 469	0 184 0
 470	4 728 24
 471	282 740 20
 472	BBB97B07-83E0-435A-D3DC-8D452CE4BB35
 473	0FFAEF4D-D893-8E8F-4DE7-AD797DE70426
 474	0 250 0
 475	5A6097B7-1EE5-693A-A06B-06E435814828
 476	264 344 24.8565
 477	0 72.9986 0
 478	-736 826 20
 479	0 235.399 0
 480	FF0BE7EA-3F37-DBF6-675A-129E540C5346
 481	C2D340A9-F79F-11EE-A9C9-04ED334DD7C0
 482	834 646 22
 483	0 178.997 0
 484	292 886 20
 485	pfc5f225a995d908_auto2108
 486	0 46.9981 0
 487	pff8bf543bd3fc4b84_auto2108
 488	C2D8BF38-F79F-11EE-AFAB-04ED334DD7C0
 489	94 572 22
 490	C2D0CF85-F79F-11EE-8EC7-04ED334DD7C0
 491	832 884 18
 492	-646 920 20
 493	C2C75841-F79F-11EE-82E1-04ED334DD7C0
 494	C2CEAC84-F79F-11EE-8AC4-04ED334DD7C0
 495	FD7F301B-9240-F3AD-7B76-687E11AE3D7B
 496	C2C75840-F79F-11EE-9B71-04ED334DD7C0
 497	C2D4793C-F79F-11EE-AF56-04ED334DD7C0
 498	0 93.9999 0
 499	0 89.0982 0
 500	5806E8E5-C04E-C01B-DE38-19D8E0DD7035
 501	C2D6EA5C-F79F-11EE-9CDD-04ED334DD7C0
 502	0 267.852 0
 503	F55CDE9D-6176-94BF-940A-D2381813B31B
 504	-272 -810 2.60444
 505	6E93C267-B58B-4693-CADF-46183A4309D1
 506	-8192 8128 0
 507	C2DC900C-F79F-11EE-ADB6-04ED334DD7C0
 508	068D7A0D-980A-CA7D-7E03-426B553CEB34
 509	right_50
 510	right_90
 511	C2D45225-F79F-11EE-84A3-04ED334DD7C0
 512	806 -253 16
 513	-571 911 16
 514	C2C66DD4-F79F-11EE-ADD8-04ED334DD7C0
 515	pfa9abe980c3042b40_auto2108
 516	C2C66DD0-F79F-11EE-9215-04ED334DD7C0
 517	C2DB3061-F79F-11EE-8C2A-04ED334DD7C0
 518	2
 519	AC831EE3-1B30-F5DF-13F9-3F04B8B888E3
 520	pf82f4fcbed8d68c57_auto2108
 521	A653571A-967C-21EE-BFB3-E62A250C1F1B
 522	C2D1B9EA-F79F-11EE-8BCC-04ED334DD7C0
 523	0 174 0
 524	5BBE2EB1-D0A2-9F51-034A-E360D50DA7B3
 525	C2D3DCEC-F79F-11EE-BE45-04ED334DD7C0
 526	C2DE3DD1-F79F-11EE-B111-04ED334DD7C0
 527	69DD6D6C-64A3-B2B9-486D-51A27DBE8631
 528	C2D9A9AB-F79F-11EE-8CE6-04ED334DD7C0
 529	0 89.997 0
 530	9F43669F-870F-FE64-4FFA-72909516CC0A
 531	-8192 8320 0
 532	C2CF96EB-F79F-11EE-8F4A-04ED334DD7C0
 533	0 97.299 0
 534	mp_dom_spawn
 535	015289F0-63FC-05B0-BEDF-FF5AA0F5E60F
 536	646.309 922.395 17
 537	hardpoint_vis_05
 538	25E5E9FC-E242-7B99-36A5-B2FFB49BADA4
 539	-184 -292 48
 540	6FAF2ED3-96D0-182F-5CD0-E8B16E078191
 541	728 -942 16
 542	0 71 0
 543	C2D0F68E-F79F-11EE-A24B-04ED334DD7C0
 544	859C8C44-2652-1370-F8D8-3229A8CD7056
 545	0 200 0
 546	0 135.999 0
 547	-772 -294 2.46427
 548	0 117.997 0
 549	F6F3C977-E94E-28C0-0847-88F7782AFDB9
 550	0 283.999 0
 551	652 -890.5 2
 552	-330 900 20
 553	A10CA578-2E12-992E-199B-ADE96E5AA5A7
 554	196ABEFB-2F32-1F91-80FB-08F74FC617F0
 555	08BE5560-30C3-08A4-3DF2-8693A7112376
 556	563.5 -962.5 2
 557	C2DCB71C-F79F-11EE-B79F-04ED334DD7C0
 558	65BBDDB7-1E0D-5AD6-291E-2A34A0710AEB
 559	C2D6C34F-F79F-11EE-B556-04ED334DD7C0
 560	cp_generator_toggleable
 561	-722 808 24
 562	159D6379-259B-C96E-E3F9-66C4EEF282D9
 563	-594 -60 8
 564	4EDF0381-B026-9AB7-2110-3AB199BCC5C5
 565	0 0.997494 0
 566	C2C694EA-F79F-11EE-98A2-04ED334DD7C0
 567	855A9391-5E1E-E398-3D35-3BAAFA43A0AB
 568	804.5 -422 24
 569	C2DE64EB-F79F-11EE-A44A-04ED334DD7C0
 570	-196 -812 5.90322
 571	-672 826 20
 572	33A47AA6-597B-7D6A-C46E-1B8C79A09652
 573	602 -992 12
 574	C2D3DCEB-F79F-11EE-A0C7-04ED334DD7C0
 575	0 269.999 0
 576	door
 577	C2C70A1E-F79F-11EE-818F-04ED334DD7C0
 578	-718.5 440 22
 579	496 50 20
 580	C2D64E1A-F79F-11EE-B306-04ED334DD7C0
 581	C2DDA18E-F79F-11EE-8CEC-04ED334DD7C0
 582	C2D9829D-F79F-11EE-9764-04ED334DD7C0
 583	792 880 20
 584	-194 -296 32
 585	A1DBA11B-70DC-07CD-C649-470AECD97311
 586	C2D95B8C-F79F-11EE-8C46-04ED334DD7C0
 587	F53B128F-8EC1-37A7-A1B3-CDB9E58D21DD
 588	C2C6E30E-F79F-11EE-9AE9-04ED334DD7C0
 589	C2D2CB70-F79F-11EE-BCAD-04ED334DD7C0
 590	-642 896 20
 591	C2C66DD5-F79F-11EE-A8A2-04ED334DD7C0
 592	vfx/jup/level/mp_jup_home_alt_toon/vfx_home_alt_toon_blowing_dust_ground
 593	156 -780 20
 594	494 -912 2
 595	-298 280 28
 596	C2D6752B-F79F-11EE-A0EB-04ED334DD7C0
 597	-656 190 20
 598	-726 688 20
 599	C2D192D8-F79F-11EE-ADEF-04ED334DD7C0
 600	8B2773B3-DC83-CCAE-CE61-12C7DA26BDA0
 601	C2D40405-F79F-11EE-93D9-04ED334DD7C0
 602	-262 858 20
 603	C2D2CB6E-F79F-11EE-B235-04ED334DD7C0
 604	19011B4E-070A-9BC0-6555-6563079B5F85
 605	C2DDC8A2-F79F-11EE-93CA-04ED334DD7C0
 606	AB59331C-6250-3B9C-68D8-69FE107A90BC
 607	0292711D
 608	B322DBFC-AF11-90C4-D0A7-22E0E6FF8CFF
 609	pfbac348c4d5f3b23d_auto2108
 610	0 314 0
 611	-214 -800 6.10811
 612	C2D31996-F79F-11EE-9C6D-04ED334DD7C0
 613	C2CDE91F-F79F-11EE-92BC-04ED334DD7C0
 614	BBF8E2DE-89C1-7B70-D4AF-240A87C8C446
 615	-112 -570 22
 616	pfebe933f9ba0c2bb7_auto2108
 617	E61C26D6-6093-16A4-E830-7535997339BC
 618	C2D25634-F79F-11EE-8AB9-04ED334DD7C0
 619	C2C5D184-F79F-11EE-B28E-04ED334DD7C0
 620	C2C77F56-F79F-11EE-A7B8-04ED334DD7C0
 621	6B60FB6E-3DC5-7056-29AD-540312837B4A
 622	717 8 16
 623	C2C7A971-F79F-11EE-B46B-04ED334DD7C0
 624	scriptable_door_wood_davos_right_mp_01_toon
 625	0 102.999 0
 626	2C69B37E-99E6-50BF-E605-DC8DAA94F51C
 627	C2C75842-F79F-11EE-8562-04ED334DD7C0
 628	C2D95B87-F79F-11EE-835E-04ED334DD7C0
 629	right_30
 630	E0115491-99D8-35F3-95D2-0ED43BC68FE5
 631	D7DCF85A-20A5-54D9-8F99-FD82DA8B46FC
 632	E4DDD8FC-88ED-CD73-771E-D4C465F3F4A8
 633	C2D192DE-F79F-11EE-883D-04ED334DD7C0
 634	590.5 -887.5 2
 635	-376 -526 16
 636	C2D95B86-F79F-11EE-8EA8-04ED334DD7C0
 637	421 937 20
 638	64405295-DF6F-E023-E8D3-CF4AC10ED783
 639	C2D62707-F79F-11EE-9E31-04ED334DD7C0
 640	3BC270FE-1BFD-91B4-0F36-8A404615D32D
 641	C2DEB309-F79F-11EE-B760-04ED334DD7C0
 642	C2DB3060-F79F-11EE-9914-04ED334DD7C0
 643	scriptable_lm_cash_stack_pile_md_01_destr
 644	-633 759 4
 645	vfx_home_alt_toon_swirling_leaves_run_01
 646	BC0FD137-D804-3F84-070A-34424F678E33
 647	C2D38EC4-F79F-11EE-9E41-04ED334DD7C0
 648	C2DEB30A-F79F-11EE-BEDD-04ED334DD7C0
 649	C399C58B-91FF-5743-9ED7-F94A03FC6BEC
 650	0 90.991 0
 651	-734 630 4
 652	C2DE8BF9-F79F-11EE-9021-04ED334DD7C0
 653	563 945 17
 654	0 184.999 0
 655	C2DE8BFA-F79F-11EE-9368-04ED334DD7C0
 656	C2C9542D-F79F-11EE-AC16-04ED334DD7C0
 657	hardpoint_vis_01
 658	784 -564 16
 659	C2C77F4F-F79F-11EE-841D-04ED334DD7C0
 660	6D6089FE-F73A-A2EB-F0DA-32A0F727F8C3
 661	C2D11DA4-F79F-11EE-B64A-04ED334DD7C0
 662	14 726 20
 663	A98FEA9F-BE04-D5CC-A8A9-79D7FF29CF65
 664	closed_owned
 665	1F336805-F418-A6DC-F260-53624EB39628
 666	5B1C48A1-957B-4C49-DCC8-93BF536BC0DA
 667	mp_warrior_spawn_axis_start_car
 668	vfx/jup/level/mp_jup_home_alt_toon/vfx_home_alt_toon_sun_lensflare_01
 669	554 -956 16
 670	0 96.9972 0
 671	C2DD2C57-F79F-11EE-B401-04ED334DD7C0
 672	C2D22F29-F79F-11EE-A88B-04ED334DD7C0
 673	83A71CF8-256B-783A-3A5C-57DB87D8FAC6
 674	-772 -320 1.40519
 675	766 620 22
 676	A69FF3E7-BA2B-7A75-606A-09314A2E7F15
 677	6CFECF55-8BD1-2758-A0A8-38004D31323D
 678	C2DCDE2C-F79F-11EE-B3B9-04ED334DD7C0
 679	4EE8D917-F048-6AD7-2C6D-9CD126B0DBDD
 680	C2D25639-F79F-11EE-B305-04ED334DD7C0
 681	-788 -378 10.5462
 682	42398DD1-F9CA-E3F1-A00F-A056463AB1BF
 683	D7C6EE0A-4933-4A1A-859E-68A7510D5E8C
 684	337DC9FB-1B8A-7141-A105-5F93D70B03FE
 685	C2D31994-F79F-11EE-AF60-04ED334DD7C0
 686	85FD5156-88EE-DBB3-4D4F-D8D9F55D6041
 687	C2D93476-F79F-11EE-875D-04ED334DD7C0
 688	-732 758 22
 689	C2C646C4-F79F-11EE-AD2B-04ED334DD7C0
 690	C2CE8567-F79F-11EE-9433-04ED334DD7C0
 691	C2D3B5D8-F79F-11EE-8D63-04ED334DD7C0
 692	-707 -59.5 8
 693	C2D1E0FE-F79F-11EE-989D-04ED334DD7C0
 694	-80 -574 39.759
 695	vfx/jup/level/mp_jup_home_alt_toon/vfx_home_alt_toon_swirling_leaves_run_01
 696	C2D64E18-F79F-11EE-982D-04ED334DD7C0
 697	2F924DD1-0195-7926-2BA6-35EF939FC9B7
 698	0 175 0
 699	C2D1B9E7-F79F-11EE-9275-04ED334DD7C0
 700	mp_cyber_spawn_axis
 701	C2DD0543-F79F-11EE-AE16-04ED334DD7C0
 702	0B2717AA-CC46-5115-6ABD-61E0CFBD7DC0
 703	26CDF205-0275-B5C0-FA83-6860C43360FD
 704	C2D192DB-F79F-11EE-85E5-04ED334DD7C0
 705	mp_warrior_spawn_team_three_start_car
 706	626 -612 16
 707	D2A697C7-42BA-5BA6-2EC4-BBF571FD3E13
 708	56906696-60BA-634D-5951-F92B9D59FB77
 709	824 -440 20
 710	C2D69C3C-F79F-11EE-855A-04ED334DD7C0
 711	C2D6C353-F79F-11EE-9D04-04ED334DD7C0
 712	0 73.5963 0
 713	C2D4793B-F79F-11EE-8A6C-04ED334DD7C0
 714	0 89 0
 715	mp_warrior_spawn_axis_start
 716	C2DE3DD6-F79F-11EE-BFD7-04ED334DD7C0
 717	790 -945 2
 718	58B2CE81-831B-F7A0-957A-BF20CAFCA32F
 719	D54B295D-6B29-B6BD-5178-F3D74483F140
 720	-681.5 204 28
 721	9D22D698-72C7-7943-1DC6-BD241B5F3D51
 722	C2C61FB0-F79F-11EE-B003-04ED334DD7C0
 723	650 322 18
 724	7B6C77C5-AF6A-D2BC-3D0E-BD401BC335CB
 725	6 854 20
 726	5C6BD2A3-7B0C-5FBB-6CA2-C5B2C238F2F4
 727	C2DE3DD2-F79F-11EE-B0DC-04ED334DD7C0
 728	A4D5F199-5873-0536-8F4C-49D74EB079D7
 729	C2D9829B-F79F-11EE-AE7B-04ED334DD7C0
 730	C2D4A04C-F79F-11EE-97EB-04ED334DD7C0
 731	0 359 0
 732	-434 376 22
 733	C2D22F25-F79F-11EE-83F2-04ED334DD7C0
 734	C2C7A972-F79F-11EE-BEE7-04ED334DD7C0
 735	22DAD940-C19E-BC2C-8F78-B2291FBAA333
 736	C2DE3DD7-F79F-11EE-8771-04ED334DD7C0
 737	ED352CA4-66E7-EA99-DA6F-E39D596F779F
 738	274 346 32.8717
 739	C2DEB30D-F79F-11EE-BFE1-04ED334DD7C0
 740	240CC4C6-66E5-82B9-7033-8AFB849142E9
 741	0 54.9907 0
 742	218 -40 24
 743	85DC2B45-4EE1-C18C-5847-321D081C8221
 744	7123168A-8CF8-71D1-5CCF-5F74FCA85102
 745	421 -942 18
 746	C2D0A870-F79F-11EE-9D29-04ED334DD7C0
 747	C2D192D9-F79F-11EE-8BCB-04ED334DD7C0
 748	C2C70A1A-F79F-11EE-8407-04ED334DD7C0
 749	118 650 27.1724
 750	pf33b536e425105d29_auto2108
 751	C2D3B5DD-F79F-11EE-80FF-04ED334DD7C0
 752	146 -776 28
 753	0BDB0077-917D-D4AB-B0BE-388E32B9B61B
 754	C2D67525-F79F-11EE-B93A-04ED334DD7C0
 755	EF7D2C38-EA98-2C10-08DA-3DAC5A8D37E6
 756	-9216 8128 0
 757	B4BF3DBF-2CC8-3115-69F1-1BA6159312EE
 758	287FD5CA-F72C-0AF5-0A17-EF25E2AF1EDA
 759	76 -786 17.4225
 760	pf1aacd20077e378c5_auto2108
 761	C2DD7A74-F79F-11EE-B6CF-04ED334DD7C0
 762	-735 857 4
 763	C2C7312D-F79F-11EE-91FB-04ED334DD7C0
 764	-800 -854 -28
 765	eu_sign_commercial_bar_coaster_02
 766	7B6DEA70-9B8D-BC48-286F-EF4A972F0D0F
 767	23486F64-239E-583D-CF1C-3628AD43B0E9
 768	C2D62708-F79F-11EE-B5BB-04ED334DD7C0
 769	0 69.9969 0
 770	-664 716 20.6647
 771	C2C7F48C-F79F-11EE-BB43-04ED334DD7C0
 772	872 -884 20
 773	0 74.991 0
 774	C2DD053E-F79F-11EE-AD7C-04ED334DD7C0
 775	569 864 20
 776	-9216 8320 0
 777	336 77 24.8516
 778	-452 912 20
 779	-647 908 16
 780	-778 -246 24
 781	C2D87116-F79F-11EE-A56C-04ED334DD7C0
 782	842 -494 20
 783	C2D8982A-F79F-11EE-A9E3-04ED334DD7C0
 784	0 330 0
 785	5B0FBB78-C3E1-EDB3-EC7B-6D52085FF5BF
 786	492 -966 12
 787	14 652 20
 788	C2DD5360-F79F-11EE-B5DA-04ED334DD7C0
 789	-46 -676 14
 790	C2DDA18A-F79F-11EE-8D45-04ED334DD7C0
 791	826 412 16
 792	pf3e595452705b6c86_auto2108
 793	8F556D78-91AE-0CEE-91F4-65076055C948
 794	C2C70A16-F79F-11EE-A68C-04ED334DD7C0
 795	DDBE6300-EC46-5BA7-8676-1C1D8E2F6132
 796	0 44.9991 0
 797	841 -917 16
 798	0 350 0
 799	12003644-74D4-F6B6-4AE9-2FB04E97CF5A
 800	pf86601e39e3dde988_auto2108
 801	on
 802	E1CC12B2-F0E7-E9D5-8826-55EF720675FA
 803	ADE1F0E5-7321-9C82-EBE7-00C14C417B92
 804	3964B30B-1353-6A48-B1E0-7E53A5AF2DE9
 805	C2CEFAA8-F79F-11EE-B82C-04ED334DD7C0
 806	-693 -73.5 8
 807	606 -984 16
 808	138 -764 16
 809	A0D30EE2-930E-084E-21FE-70AD3432B0C2
 810	-640 222 20
 811	558 800 16
 812	pfd4db2651f13e17f1_auto2108
 813	C2D2A45B-F79F-11EE-BA1E-04ED334DD7C0
 814	432 -306 20
 815	4DEC39DE-48EA-2A00-C703-19B7091A2499
 816	AAE29943-BB32-28C0-005A-8CA6C597B197
 817	C2D62704-F79F-11EE-B4A7-04ED334DD7C0
 818	D5256784-20AB-F9BA-45C6-AFB37AD9E098
 819	A1BC7B21-3092-7C44-6F0A-95CC8CF99099
 820	DE18244F-6A26-185B-449A-69E130649E26
 821	C2DD2C54-F79F-11EE-96A9-04ED334DD7C0
 822	8A582BDC-4945-3583-73C8-7C9E88D15B26
 823	pf71ccb15d3e7018b4_auto2108
 824	C2D27D4C-F79F-11EE-A79D-04ED334DD7C0
 825	-762 -236 17.023
 826	vfx_home_alt_toon_blowing_dust_ground
 827	-715 777 4
 828	-812 -858 -28
 829	5F926BAD-361B-B2BF-9D63-F5D2A1A29281
 830	0 90.998 0
 831	466 -962.5 2
 832	0 24.9998 0
 833	30E656F2-2EDD-301A-CEC2-30905EEE78FD
 834	C2D38EC2-F79F-11EE-B545-04ED334DD7C0
 835	2D7BD8C3-D27D-2437-53AD-3C484A36E384
 836	E6CA89C9-1723-EBC1-61F0-92468B222E08
 837	pf24c7aa9b5844baab_auto2108
 838	C2DDA186-F79F-11EE-AAFC-04ED334DD7C0
 839	07F2CAAE-658D-69E5-0883-1701004B91E7
 840	C2D22F2A-F79F-11EE-A935-04ED334DD7C0
 841	40C00942-CBE8-F995-6D50-058E8D579CEB
 842	pfff79286b0beff2f9_auto2108
 843	C2DBA59A-F79F-11EE-9F84-04ED334DD7C0
 844	-20 -782 28
 845	79A111EE-2A0C-FBF7-476E-733585B51ED8
 846	0 178.999 0
 847	C2D5FFF2-F79F-11EE-955E-04ED334DD7C0
 848	-39 -304 24
 849	0 358.997 0
 850	0 270.554 0
 851	C2DD2C50-F79F-11EE-82ED-04ED334DD7C0
 852	828 -912 22.5678
 853	-124 686 16
 854	583 -973 12
 855	967AC7C9-1A10-F606-C575-02D30F8E10FF
 856	774 -958 12
 857	0 105.996 0
 858	8F157D9F-2DEF-11EF-95CE-68545A904D17
 859	B6284E6B-07E5-E68C-B1F2-5F2F31712765
 860	F24120F4-1A0A-9CD4-8F44-92A701F8E542
 861	E0670A34-8024-F211-0E99-0D25B964F9A3
 862	20 -524 28
 863	C2DD7A76-F79F-11EE-B6E8-04ED334DD7C0
 864	C2D2F283-F79F-11EE-A10C-04ED334DD7C0
 865	-442 898 20
 866	-48 -306 18
 867	C2C694EC-F79F-11EE-9B38-04ED334DD7C0
 868	F84B9829-7FB8-1C07-C4AC-A6F5AD49405D
 869	CAE3FCC9-B8C9-728E-57E1-7F21AD97B26D
 870	0 84.998 0
 871	B1D1F11E-8CBE-8155-8B86-6638A784BCBB
 872	C2DD5368-F79F-11EE-839F-04ED334DD7C0
 873	scriptable_lighting_fixtures_security_lamp_withcage_01_on
 874	507DF74D-5002-07C0-24C9-32B1B1A5B650
 875	C2DCDE29-F79F-11EE-83E1-04ED334DD7C0
 876	-800 -726 -27.1024
 877	C2DD5363-F79F-11EE-8A44-04ED334DD7C0
 878	F176E1FE-ED81-96AD-81F0-3EEC0EED8457
 879	0 234.997 0
 880	650 -2 20
 881	6 848 26
 882	E554AE9B-EDCE-2ADF-968C-B76059630AC0
 883	1F38AD8D-7817-96B5-1456-2AD5A5D80F97
 884	DB3CB0CD-1215-C08D-F7FC-F1ADE93CEBFF
 885	C2DDA189-F79F-11EE-AC2E-04ED334DD7C0
 886	-646 148 22
 887	16940687-2CCE-F7A1-6CDD-60C62F70F554
 888	scriptable_scriptable_door_wood_davos_right_mp_01_toon
 889	D8E24B7B-1751-D7BB-B02B-A64FAC78FB72
 890	C2D11DA0-F79F-11EE-AA45-04ED334DD7C0
 891	pf37d045226851bfb8_auto2108
 892	pff909e2577ef43d70_auto2108
 893	C2D3DCED-F79F-11EE-86D3-04ED334DD7C0
 894	450 -200 28
 895	0078F34D-937F-65CD-BF14-767864682BA1
 896	F54C6913-6BC4-6A7E-D161-42CD97377B0A
 897	9030CFCA-2DE2-587D-F206-C111F4FC7F53
 898	C2CF96EF-F79F-11EE-9ED1-04ED334DD7C0
 899	C2D67526-F79F-11EE-BAD1-04ED334DD7C0
 900	0 83.9978 0
 901	C2D2A45E-F79F-11EE-BF6C-04ED334DD7C0
 902	0 49.9987 0
 903	-808 -598 -3.02239
 904	mp_xfire_spawn_allies_start
 905	C2D1E103-F79F-11EE-8CFE-04ED334DD7C0
 906	0 255 0
 907	-727 919 4
 908	0 240 0
 909	C2DDEFAA-F79F-11EE-9D11-04ED334DD7C0
 910	-312 160 24
 911	-598 917 19.1111
 912	766 604 16
 913	C2D4A048-F79F-11EE-AB88-04ED334DD7C0
 914	682 -939 2
 915	C2C77F51-F79F-11EE-A925-04ED334DD7C0
 916	-617 -41.5 6
 917	pf39c20a388363d7fe_auto2108
 918	240 -778 16
 919	C2C3877A-F79F-11EE-BD45-04ED334DD7C0
 920	0 274.308 0
 921	pf900bc8a3b3609094_auto2108
 922	3B4A4AEE-B6DB-F4E1-8C3E-D64795C4D752
 923	C2D69C40-F79F-11EE-B820-04ED334DD7C0
 924	B261E062-6DD5-0BBB-D00B-1F10DD6163B7
 925	3F955647-4B37-AFE2-E22E-4F9DC3E7464F
 926	A7BC760D-9D5C-E524-5869-69B2CAB01B1D
 927	vfx_home_alt_toon_leaves_falling_green
 928	C2D8E650-F79F-11EE-B923-04ED334DD7C0
 929	E685F1F4-C6F3-CB32-4B86-0DE20516F2A7
 930	C2DDA18B-F79F-11EE-B09E-04ED334DD7C0
 931	C2D16BCC-F79F-11EE-BA91-04ED334DD7C0
 932	right_70
 933	-510 920 20
 934	B0491C71-ADFA-7342-BE54-C3CEBFD8975F
 935	8F157D90-2DEF-11EF-95CE-68545A904D17
 936	8F157D96-2DEF-11EF-95CE-68545A904D17
 937	C2D64E12-F79F-11EE-8880-04ED334DD7C0
 938	4
 939	0 88.9977 0
 940	0860CC03-49B6-693F-0722-2E84F2151A55
 941	0 282.899 0
 942	-722 680 24
 943	-22 728 26
 944	C2C694E9-F79F-11EE-A911-04ED334DD7C0
 945	C2C7583C-F79F-11EE-A3F9-04ED334DD7C0
 946	C2DD5361-F79F-11EE-B360-04ED334DD7C0
 947	C2D5FFF6-F79F-11EE-859A-04ED334DD7C0
 948	C2D6C352-F79F-11EE-AA83-04ED334DD7C0
 949	26153F23-ADC0-78A0-A1BA-1C9877C8B676
 950	091F2417-28DA-9341-80B1-B0A6F0E7169F
 951	0 9.99733 0
 952	308 904 25.5705
 953	0 74.9978 0
 954	0 115.995 0
 955	pf32a6d719748e375a_auto2108
 956	pf812fcb55434c6c59_auto2108
 957	C2D340A6-F79F-11EE-AA9E-04ED334DD7C0
 958	C2D89827-F79F-11EE-94F5-04ED334DD7C0
 959	C2DCB720-F79F-11EE-8631-04ED334DD7C0
 960	-50 444 20
 961	CA5A1924-9A3E-168A-DBC3-C20BDD307F8E
 962	-806 -524 2.47833
 963	B20C0C5C-6DFE-0737-784C-979AFD946C57
 964	436 372 16
 965	721.155 909.197 17
 966	E9362EE4-B5BD-E8A6-7C51-09004F8EA9C5
 967	C2D9829A-F79F-11EE-95ED-04ED334DD7C0
 968	47F68DB1-AAAC-9F6B-A4F8-0688D8BE4344
 969	1A0FCFE5-90C5-7B80-AB41-300475437268
 970	C2C7CD76-F79F-11EE-8938-04ED334DD7C0
 971	C2C694E5-F79F-11EE-B41E-04ED334DD7C0
 972	C2C7A970-F79F-11EE-89CC-04ED334DD7C0
 973	79F3EE3A-E3C0-6957-5D1C-E8DF02EF0F2F
 974	locked
 975	ajar_owned
 976	B720E400-2A5B-34AA-0E57-62F92845BFC1
 977	0 15.9977 0
 978	E980C02D-7175-72E6-6189-9CFDC5EBA834
 979	726 326 20
 980	C2DD053F-F79F-11EE-A250-04ED334DD7C0
 981	792 384 18
 982	C2DD2C53-F79F-11EE-80B1-04ED334DD7C0
 983	pf9904329c2e2e4f29_auto2108
 984	6DA78F4A-7693-1157-A2B9-5C483370A5FB
 985	214 -36 24
 986	A9872A27-1DD7-6454-7D65-6D74908EF27C
 987	BD16CC2C-16C7-FBB3-09AC-CEDFB94A3669
 988	0 0.997998 0
 989	-726 829 20
 990	-798 -744 -27.4574
 991	pfc88b2ca28a98c3d9_2
 992	E9C6C0A5-B278-68AA-EC57-B0B98EE2B643
 993	0 99.9996 0
 994	824 -942 18
 995	-724 920 20
 996	-350 882 20.0921
 997	9F22D7A4-F85B-CD97-EBC8-0F5B8458983B
 998	C2D47933-F79F-11EE-9AB9-04ED334DD7C0
 999	9EEDBBD8-7209-5B6B-6B0C-9E47C87D30F0
1000	C2D95B8A-F79F-11EE-AE55-04ED334DD7C0
1001	C2C3394A-F79F-11EE-9171-04ED334DD7C0
1002	BA0A5FAE-DEFB-06DD-FAB7-71F64749FE55
1003	-110 910 24
1004	550FBEC1-75A8-AF2A-1222-5424C6BEEC69
1005	0BE265A6-6B2C-30AF-9308-E6E6ACFDE527
1006	7661628A-3080-033A-5F2D-16296968EDE4
1007	C2D0F68D-F79F-11EE-BCEE-04ED334DD7C0
1008	C2D93471-F79F-11EE-BAE5-04ED334DD7C0
1009	8C22EFB6-614A-D409-C1EB-8C835CCE7635
1010	33923720-5717-C65A-9BD4-077A4414929F
1011	578 -908 16
1012	C2D9347A-F79F-11EE-9970-04ED334DD7C0
1013	0 28.9983 0
1014	C2C6BBF5-F79F-11EE-AFC5-04ED334DD7C0
1015	C2DDEFB1-F79F-11EE-8F10-04ED334DD7C0
1016	C2D9A9AC-F79F-11EE-B7DA-04ED334DD7C0
1017	C2DDC89A-F79F-11EE-AC9C-04ED334DD7C0
1018	-444 916 28
1019	0 292 0
1020	34EFFDCF-8CBF-768C-01DD-C4AF473D6FD6
1021	mp_sd_spawn_defender
1022	C2D340A5-F79F-11EE-82A9-04ED334DD7C0
1023	C2DB5772-F79F-11EE-ACE5-04ED334DD7C0
1024	snakecam
1025	0 329.997 0
1026	C2DE3DCF-F79F-11EE-BABC-04ED334DD7C0
1027	0 182 0
1028	-728 798 16
1029	D7F6D615-7AF3-822B-C459-EB8ED18D4216
1030	pf8b7c1b180528b13e_auto2108
1031	C2D9A9A8-F79F-11EE-95ED-04ED334DD7C0
1032	-546 926 20
1033	-790 -360 8.57741
1034	C2C7583E-F79F-11EE-A5D2-04ED334DD7C0
1035	9DFFC4BF-C1B1-0F18-9692-E9B4647BD9CD
1036	0 274 0
1037	0 272 0
1038	0 270.242 0
1039	C2DD7A79-F79F-11EE-89CA-04ED334DD7C0
1040	13F763BE-3880-9F87-3FF7-A12F84824B0E
1041	A697FB9D-19DC-8016-533C-81375419AF15
1042	84C0DF0F-5200-766A-A2B9-6231D74CFD85
1043	0 282.999 0
1044	C2D90D62-F79F-11EE-9D92-04ED334DD7C0
1045	278 664 22
1046	C2DE16C3-F79F-11EE-BC35-04ED334DD7C0
1047	C2D16BC4-F79F-11EE-8C22-04ED334DD7C0
1048	4B57D0AE-91EF-4E36-BA49-6323421A0AD1
1049	C2D11DA6-F79F-11EE-85B5-04ED334DD7C0
1050	C2D40403-F79F-11EE-A4C4-04ED334DD7C0
1051	5F7F1418-DF3E-9AC7-B529-9725A797D657
1052	FDE8B81F-AC22-5FDF-E41F-DA8E5C7BCC83
1053	F1474B80-4984-B61D-E16A-083742ECDFEC
1054	C2CD9AFF-F79F-11EE-A073-04ED334DD7C0
1055	852 -872 16
1056	C2C58361-F79F-11EE-BB00-04ED334DD7C0
1057	56BC9846-6A67-C7D2-AC2D-DA690362AB78
1058	627EA8B7-663B-7962-5CA6-02CDB00A4CEB
1059	pfc88b2ca28a98c3d9_3
1060	CC20E6DE-E676-634E-5EE5-3EA2B4C317E4
1061	C2C694E8-F79F-11EE-84FC-04ED334DD7C0
1062	516F4F1C-B32C-5E05-C297-6E339AFBB5C1
1063	0 285.999 0
1064	13E6FF02-3601-736E-2734-6AED60E7136B
1065	0 264.998 0
1066	768 894 20
1067	42FF5453-95D9-5312-06D6-C7F30A9296DA
1068	A8342C79-1FEA-A7B6-DA56-4A58D4AAD718
1069	5990CB1C-1FF6-F2FA-6D10-D37B945333DF
1070	C2D1E0FC-F79F-11EE-8D94-04ED334DD7C0
1071	-728 826 2
1072	A160C646-D4D0-42BB-FC08-FD404F82E982
1073	-680 232 20
1074	334 66 32.8717
1075	-648 904 4
1076	A7F360C0-C066-1AD4-1389-AA8410C2FDFF
1077	0 133.999 0
1078	EC195B9C-173E-160B-3CB7-6DF05AA4FCA2
1079	0 199.999 0
1080	C2C7CD78-F79F-11EE-B714-04ED334DD7C0
1081	1F42AA59-453E-CE81-43A4-E58826FCE528
1082	C2D6C34E-F79F-11EE-A03C-04ED334DD7C0
1083	963A4ED7-CEB2-7139-40F0-A3851B699520
1084	C2CFBE05-F79F-11EE-A52E-04ED334DD7C0
1085	0 61.9978 0
1086	window_over_40
1087	C2D25636-F79F-11EE-AD2E-04ED334DD7C0
1088	-580 850 12
1089	-622 -850 -28
1090	812 -940 16
1091	8F157DAB-2DEF-11EF-95CE-68545A904D17
1092	C2C4E71C-F79F-11EE-AE7B-04ED334DD7C0
1093	CE141A98-601C-8FD4-062C-816533B79144
1094	-627 -155 24
1095	544 -976 2
1096	288F463E-4A2B-01BF-02A6-D9CA4B74C679
1097	719 4 16
1098	0 98.9963 0
1099	334 -72 24
1100	C2CF21BA-F79F-11EE-BAAA-04ED334DD7C0
1101	146 740 28
1102	C2DB3067-F79F-11EE-A821-04ED334DD7C0
1103	652.5 -458 24
1104	C2D69C3B-F79F-11EE-8F36-04ED334DD7C0
1105	3CC70073-E6E1-5226-CCE0-ECB5B3053153
1106	B2B76ADB-AB6B-87E6-04D2-18F1CCD26359
1107	mp_koth_spawn
1108	57598FA7-DD68-97EB-3654-A63B21B6074C
1109	0 325 0
1110	DC37DE03-E54C-57C8-5719-DF3103F16319
1111	232 -185 24
1112	B90C6850-EB68-3115-0B3F-7EC05FF711F8
1113	C2DE16C0-F79F-11EE-B810-04ED334DD7C0
1114	pf47246c919bcbe628_auto2108
1115	98F2D36D-CDF9-6079-1678-224FB43A72E2
1116	-726 898 16
1117	84578AB6-AC6D-9696-F908-AA91B790E6BE
1118	0 69.4979 0
1119	-120 880 24
1120	4EEDBF01-D10D-9958-EB5B-AFF548960219
1121	C2D5FFF3-F79F-11EE-814E-04ED334DD7C0
1122	C2DB7E85-F79F-11EE-A255-04ED334DD7C0
1123	mp_warrior_spawn_allies_start_car
1124	C3C67F10-A5B7-6A78-FAE7-0A05C913824B
1125	0 89.9993 0
1126	4FE7883B-74E5-3808-9179-CCAC3EE0B94B
1127	5C2E5206-0F33-C6E9-D73F-8F930F9EF248
1128	pfc88b2ca28a98c3d9_4
1129	994A9179-F9DE-6A8A-447A-95C13ACB7114
1130	B97F64AF-39DA-E684-81ED-149255856FF7
1131	17CE3EDF-18BB-FA54-E27F-3F679454A076
1132	68697EE0-97CB-F814-3ECB-1A013A1C57CD
1133	C2D2A459-F79F-11EE-8822-04ED334DD7C0
1134	pfd8780757f9323b96_auto2108
1135	-776 -288 23.1456
1136	pf31d000c0c4ea1e3e_auto2108
1137	F5AEE443-FA11-CC62-86A0-D9657E777638
1138	C2D42B10-F79F-11EE-9B32-04ED334DD7C0
1139	A967252A-D656-C887-5408-31C0AFB9E813
1140	C2D4A045-F79F-11EE-9A98-04ED334DD7C0
1141	C2D0F693-F79F-11EE-883F-04ED334DD7C0
1142	9C7BC6F4-D8E1-B371-008F-388EB1BEC818
1143	553946B9-1F59-262B-35BA-1A3F8AE7A294
1144	C2DE8BF5-F79F-11EE-8E93-04ED334DD7C0
1145	C2D87117-F79F-11EE-9974-04ED334DD7C0
1146	BDF8C544-F7B3-40A4-8EA6-4308024C4594
1147	C2D47938-F79F-11EE-8ED3-04ED334DD7C0
1148	vfx_home_alt_toon_blowing_sand_run_01
1149	0 135 0
1150	0 211.999 0
1151	4C35DCC0-3549-C3A5-8BAE-315291E426AF
1152	FC51A175-24E9-3EFF-86B5-2144EAD09D69
1153	158E8A17-5440-A4A2-6CB0-ABAB49798891
1154	662FA5FF-81E6-4C11-1956-55548B2FF592
1155	89076A85-B201-4F09-B229-D4F06037B9E4
1156	0 290 0
1157	-514 -852 -22.1024
1158	C2D2A45D-F79F-11EE-94C3-04ED334DD7C0
1159	0 295.799 0
1160	pf9685d04a8f14ca88_auto2108
1161	C2DEB306-F79F-11EE-B5D0-04ED334DD7C0
1162	-698 -80 8
1163	4B5EC7D3-D37B-BEBE-B456-FB716F74AAF6
1164	C2DBA597-F79F-11EE-AA87-04ED334DD7C0
1165	0 174.999 0
1166	C2DE64E3-F79F-11EE-8213-04ED334DD7C0
1167	-262 -660 17.0874
1168	C2D8E651-F79F-11EE-AD63-04ED334DD7C0
1169	49ECC670-1374-4158-D37C-85BD9FA7FBB0
1170	0 270 0
1171	FABD4958-F7AD-9279-364B-6C078ED81D1C
1172	433 937 20
1173	353 314 24.8516
1174	856 -792 16
1175	1975376A-98EA-662E-EE18-E603B108C3F4
1176	DE54C7B6-F019-C740-47CF-17030193962D
1177	C2DDEFB2-F79F-11EE-B84F-04ED334DD7C0
1178	814 -273 12
1179	mp_dd_spawn_defender_start
1180	0 279.999 0
1181	0 270.998 0
1182	-238 890 20
1183	-46 -710 16
1184	0 114.999 0
1185	C2C73130-F79F-11EE-AFCF-04ED334DD7C0
1186	800 756 16
1187	0 63.998 0
1188	D7F5DB07-D1E4-ED22-8CAE-0825CC9F375C
1189	C2D367B4-F79F-11EE-BED6-04ED334DD7C0
1190	E602BD2E-BD9D-CFC9-ED3C-E79E01FE966E
1191	6C9B7056-4285-1136-BDF0-C4645C0C492D
1192	C2C7312F-F79F-11EE-8F5D-04ED334DD7C0
1193	C2D42B15-F79F-11EE-9798-04ED334DD7C0
1194	440 -216 18
1195	C2C646C3-F79F-11EE-8E87-04ED334DD7C0
1196	B15772A0-F403-C14F-F50A-4F37A13DC818
1197	A62A5CCE-9C4F-730A-85F8-0762E267AED2
1198	290383E7-D9D9-49A1-028E-F32CEF111EBE
1199	C2D8E64C-F79F-11EE-AEF1-04ED334DD7C0
1200	D79E80FE-0089-8140-CE73-D3A141835289
1201	91D22CE8-7D2E-BD44-A356-478B85F4D790
1202	mp_control_spawn_defender
1203	CD2F3880-47B6-F1D1-C5C8-59B5546BB821
1204	pf79962c831e97a44_auto2108
1205	307 923 18
1206	0 124.998 0
1207	0 84.999 0
1208	727.5 447.5 25.5996
1209	B4BC42BB-4B77-5D08-4391-0C7539867A07
1210	27486BF8-77EB-2145-11B6-9DED6A6FCFB9
1211	EB674B5E-F469-DAF1-4118-541DD0C41DA1
1212	pf529009e8b6d68288_auto3
1213	mp_warrior_spawn_axis_start_ds
1214	F0E2DBA0-C1E3-BCB8-B29A-CC691D47D672
1215	cp_rave_magazine_single_04
1216	C2DDC899-F79F-11EE-975C-04ED334DD7C0
1217	C2C7CD75-F79F-11EE-A93A-04ED334DD7C0
1218	E21DE06C-41ED-801D-54A9-D478CE6167F4
1219	0 253.3 0
1220	94AC2571-F3B6-AAD1-1842-7260934E82F4
1221	C2D38EC9-F79F-11EE-9D8F-04ED334DD7C0
1222	DC0DD159-5DDB-8509-0D56-7059F48AFFF7
1223	C2D22F27-F79F-11EE-8C74-04ED334DD7C0
1224	09EF1239-B6F6-9C60-DE10-52531693661C
1225	scriptable_vfx_jup_animals_pigeon
1226	673 -971 12
1227	-322 918 18
1228	0 12.9982 0
1229	590 954 16
1230	-40 -774 14
1231	AB1A9B7F-C888-8D6C-0F43-A499E5C41312
1232	D2E8DDBD-8B7D-5123-F8FB-069AC248231A
1233	1346F432-4B2C-CFE4-414D-23FA6671B1E6
1234	5F98C6AB-FF7B-80A4-DDD3-F27C3EABEF0F
1235	762 -954 16
1236	-732 738 4
1237	C2DEDA1C-F79F-11EE-BB56-04ED334DD7C0
1238	E01AC939-1DEE-8D94-2E31-9A522D17B271
1239	C2D4522A-F79F-11EE-9E87-04ED334DD7C0
1240	0 265 0
1241	C2C7CD77-F79F-11EE-B2F8-04ED334DD7C0
1242	0 279.108 0
1243	969E6FF2-DEB0-CE00-85C3-6C911EE98753
1244	C2C70A1C-F79F-11EE-8C45-04ED334DD7C0
1245	0BADBE43-ADEA-394C-73FA-90B9D08E652C
1246	270 752 20
1247	C2D64E14-F79F-11EE-A769-04ED334DD7C0
1248	0 354.999 0
1249	left_30
1250	left_70
1251	C2C646C0-F79F-11EE-B711-04ED334DD7C0
1252	273 343 24.841
1253	A2E4FC5E-1248-D689-0CA9-84A7F485950F
1254	-724 926 20
1255	school_textbooks_02_red
1256	0 355 0
1257	51DD67B8-5A9E-C4E7-0A12-CC8115C8921F
1258	-226 740 20
1259	0 89.9996 0
1260	pfc88b2ca28a98c3d9_5
1261	E2E38924-59BF-7D4D-B798-D9CC8505B820
1262	C2D8982C-F79F-11EE-B655-04ED334DD7C0
1263	C2C70A1B-F79F-11EE-897B-04ED334DD7C0
1264	83357480-FB5B-07CA-D33B-82FC52D2F93D
1265	C2DDC89C-F79F-11EE-BFFC-04ED334DD7C0
1266	0 69.9992 0
1267	4A0E9689-BEA5-AA32-8B64-4C81D8E1DC2E
1268	195D8038-4D80-1906-E3B7-9E2A5CEB5D62
1269	pf93263c5fa7fcba59_auto2108
1270	mp_dd_spawn_attacker
1271	68 -788 20
1272	8F157DA2-2DEF-11EF-95CE-68545A904D17
1273	C2DE3DD5-F79F-11EE-904F-04ED334DD7C0
1274	2A38832F-D13D-E378-E83D-6B412AD99DEE
1275	C2D144B5-F79F-11EE-872C-04ED334DD7C0
1276	C2C31241-F79F-11EE-9878-04ED334DD7C0
1277	47C4F011-9F53-E0E0-9986-48AB4155CD20
1278	6739A7A3-E964-1C4F-21AF-279A85AC293C
1279	C2D2563B-F79F-11EE-A07F-04ED334DD7C0
1280	780 890 20
1281	B6BA19C2-673A-7FA9-8CD8-F25DBADBB3AA
1282	4FE0AC81-12E6-740D-332C-EA6CACF8A9DE
1283	0 243.7 0
1284	DB07FC17-61EA-6B2E-3073-5F947D9C348C
1285	C2D0F692-F79F-11EE-9D28-04ED334DD7C0
1286	0 107.998 0
1287	7FEB5D41-093E-18DC-26F4-D9BF7CC4D41B
1288	C2D6C351-F79F-11EE-881A-04ED334DD7C0
1289	mp_cyber_spawn_allies
1290	-14 -648 16
1291	C2C6BBF4-F79F-11EE-9280-04ED334DD7C0
1292	0 267.997 0
1293	566 -966 18
1294	E645B7E7-6E29-8DA5-95B0-03A2E9B19991
1295	711 92 20
1296	-118 896 24
1297	476023FB-85A2-CF69-CC0C-F1372B090182
1298	-332 878 20
1299	248 -784 20
1300	0 48.9908 0
1301	813 -820 12
1302	C2D42B18-F79F-11EE-94B8-04ED334DD7C0
1303	C2C646C2-F79F-11EE-98EB-04ED334DD7C0
1304	62914D6D-2DB5-C1A3-6995-40A0525FB300
1305	C2D2CB69-F79F-11EE-8107-04ED334DD7C0
1306	C2CE5E50-F79F-11EE-BC08-04ED334DD7C0
1307	704 -884 2
1308	mp_warrior_spawn_team_three_start_ds
1309	C2D67523-F79F-11EE-B704-04ED334DD7C0
1310	68EB0C42-3FC1-5E3E-A47C-0924676F271D
1311	-44 -550 28
1312	0 94.9998 0
1313	B1F83BF8-C40E-D73F-8CDB-EB01E1AC838D
1314	F610784F-B2B6-346C-F5E1-ECA414BE3E7A
1315	C2D31992-F79F-11EE-91C3-04ED334DD7C0
1316	D12D2EEF-A76D-5BE5-B632-3B954440D600
1317	4751D288-6F33-A897-2D37-B13BF8B664CC
1318	0 134.998 0
1319	-404 926 20
1320	284 452 18
1321	C2D6C34B-F79F-11EE-8FD6-04ED334DD7C0
1322	610 796.5 20
1323	548C2EC7-67C5-B5E2-6322-8C4209A85FAF
1324	C2DB5777-F79F-11EE-BB0B-04ED334DD7C0
1325	pf1bdb726fe50ea5d_auto2108
1326	FD0C8C43-3941-B819-9F18-2C0F80729CB0
1327	C2C5F89F-F79F-11EE-A286-04ED334DD7C0
1328	C2C66DD2-F79F-11EE-AD19-04ED334DD7C0
1329	0 119.999 0
1330	954A944A-14F9-DEFF-5919-4889DBBFF292
1331	pf3a0e66b015439a81_auto2108
1332	C2C5D189-F79F-11EE-BBE7-04ED334DD7C0
1333	C2D20818-F79F-11EE-BBA8-04ED334DD7C0
1334	mp_dd_spawn_defender_a
1335	-41 448 20
1336	C2CDE920-F79F-11EE-BBD7-04ED334DD7C0
1337	C2D95B8B-F79F-11EE-AB96-04ED334DD7C0
1338	958635EE-B38E-487F-F220-1488F0CB8382
1339	317749DB-A336-3A2E-DF60-D7032CFB829E
1340	070C33B7-6183-0BBA-0F22-2950A8958139
1341	6F6F1E17-AB2A-93FC-C41E-B1864A6A4FC6
1342	0 130 0
1343	0 48.9975 0
1344	-128 914 24
1345	DB04CA89-7CC8-E4DC-36ED-8FF448E54AB3
1346	C2D192DC-F79F-11EE-B1F6-04ED334DD7C0
1347	E4190AAC-72BA-4322-4227-94486E7A3EB8
1348	C2D98299-F79F-11EE-B9AA-04ED334DD7C0
1349	0 288 0
1350	-732 814 20
1351	2FD65BFA-DBFA-82E6-82D9-FB7B65C32005
1352	C2CA1789-F79F-11EE-B35E-04ED334DD7C0
1353	C2D2F27B-F79F-11EE-BB2C-04ED334DD7C0
1354	C2C694E3-F79F-11EE-BB62-04ED334DD7C0
1355	auto_mp_jup_home_01_alt_toon_cfx.map
1356	592 942 16
1357	C2DD053C-F79F-11EE-8953-04ED334DD7C0
1358	C2C7A96E-F79F-11EE-A1F1-04ED334DD7C0
1359	0 174.998 0
1360	C2D27D45-F79F-11EE-820F-04ED334DD7C0
1361	C2D8BF3E-F79F-11EE-B2A1-04ED334DD7C0
1362	mp_dd_spawn_attacker_a
1363	BC359A35-D56D-080B-E479-6D8A8F368568
1364	C2DB7E86-F79F-11EE-83C2-04ED334DD7C0
1365	C2C73134-F79F-11EE-959F-04ED334DD7C0
1366	0 275 0
1367	traverse
1368	nav_door
1369	pf1e42a85c438b23a7_auto2108
1370	C2D47936-F79F-11EE-88DE-04ED334DD7C0
1371	C2DEDA19-F79F-11EE-80D4-04ED334DD7C0
1372	-634 756 20
1373	845392D1-C6EC-7C94-1369-E9C315A757BC
1374	2B71E6EE-C5D5-8A0B-02B7-A9C1296D8289
1375	pfca61b29bf42a399a_auto2108
1376	0 105.999 0
1377	C2DD7A73-F79F-11EE-9600-04ED334DD7C0
1378	8F157D8D-2DEF-11EF-95CE-68545A904D17
1379	C2CB2909-F79F-11EE-8E81-04ED334DD7C0
1380	C6AEE7D3-1A11-AD03-C6E6-362031656A42
1381	C2D4A049-F79F-11EE-A862-04ED334DD7C0
1382	B623BD90-1367-D5D2-F05C-91BE5473DD45
1383	C2C81B9A-F79F-11EE-AB3C-04ED334DD7C0
1384	E9FB97B9-DCEF-FD55-B807-94EDBFF1A629
1385	bash_right_90
1386	C2C7F488-F79F-11EE-8935-04ED334DD7C0
1387	-734 912 4
1388	C2C58363-F79F-11EE-96CA-04ED334DD7C0
1389	04D0EFAC-C421-EEAF-9E15-5ECAF4556FEB
1390	FFBEAEEC-CAEE-E3AB-46C3-44485FA77AC9
1391	2331F70C-1BE8-CA81-9739-CCB7233EB7E3
1392	CF5D8ADB-B38A-093A-26FC-E8B193A81A5B
1393	C2D38EC6-F79F-11EE-B1DE-04ED334DD7C0
1394	4EEE7083-3B86-8E7A-AEA0-85D32005F040
1395	C2D9A9B0-F79F-11EE-9FA8-04ED334DD7C0
1396	C2D45227-F79F-11EE-9E3F-04ED334DD7C0
1397	C2CEAC89-F79F-11EE-B0CE-04ED334DD7C0
1398	314 348 28
1399	3D250FB0-E4A1-AC10-30B6-3BA4E443606D
1400	FC5C4045-D152-E2CD-CD94-624C9EE021DF
1401	C2C61FAF-F79F-11EE-97F4-04ED334DD7C0
1402	C2C7583D-F79F-11EE-B892-04ED334DD7C0
1403	270 658 18
1404	BF7CEAC6-E6A7-DDD0-4717-D4F2820D795E
1405	456 -282 16
1406	C2DB7E88-F79F-11EE-86FA-04ED334DD7C0
1407	62C19467-8FC3-5C87-B5A4-E63E62316441
1408	C2D38EC7-F79F-11EE-90AC-04ED334DD7C0
1409	84789804-0E64-421A-8234-3CC9C8CE30FA
1410	C2D62705-F79F-11EE-8728-04ED334DD7C0
1411	-300 -34 32
1412	0 189.999 0
1413	pfe1957fa47602a444_auto2108
1414	7907D496-399E-83FF-3C54-5B36912D4098
1415	-566 -850 -28
1416	C2D22F28-F79F-11EE-B436-04ED334DD7C0
1417	0 191.998 0
1418	535 -897 12
1419	C2C646C1-F79F-11EE-BFFB-04ED334DD7C0
1420	8F157D9C-2DEF-11EF-95CE-68545A904D17
1421	0 58.9968 0
1422	C2D11D9F-F79F-11EE-88E3-04ED334DD7C0
1423	B22B7BB4-3FB7-3907-F68A-1F0B7AC4A9C7
1424	C2D340A8-F79F-11EE-AA78-04ED334DD7C0
1425	C2C7A973-F79F-11EE-B6F5-04ED334DD7C0
1426	-350 882 20
1427	41F1D205-1489-9464-D74A-3982AF436C53
1428	C2D1B9EE-F79F-11EE-B049-04ED334DD7C0
1429	0 308 0
1430	AFD0CB9A-A8EA-10E3-E799-A0294725DFD9
1431	C8371613-A6C8-8897-FF31-25D1840DDF9B
1432	left_50
1433	left_90
1434	375 -874 20
1435	C2C5D186-F79F-11EE-AD2C-04ED334DD7C0
1436	-804 -856 -32.3636
1437	C2D93478-F79F-11EE-B967-04ED334DD7C0
1438	73FFD686-7F28-6D3B-DC16-AC1EFF631791
1439	scriptable_school_textbooks_02_red
1440	817 -939 12
1441	C2D89826-F79F-11EE-B62F-04ED334DD7C0
1442	C2D4522B-F79F-11EE-AD8A-04ED334DD7C0
1443	0 74.9998 0
1444	C2D5FFEF-F79F-11EE-8A36-04ED334DD7C0
1445	-434 -840 -19.7489
1446	C2D62700-F79F-11EE-AF1A-04ED334DD7C0
1447	EDA10527-FDAD-C41C-7437-972CDF074390
1448	C2D5D8E3-F79F-11EE-8B8A-04ED334DD7C0
1449	C2D67528-F79F-11EE-9C28-04ED334DD7C0
1450	C2D2F281-F79F-11EE-AB6F-04ED334DD7C0
1451	mp_control_spawn_attacker_start
1452	C2DB3064-F79F-11EE-90A9-04ED334DD7C0
1453	6D364943-0D6D-0CCF-9E4A-2E2B4F61A67D
1454	C2D42B17-F79F-11EE-8C0E-04ED334DD7C0
1455	800 792 20
1456	BB00BE97-C173-D59D-7C5C-BA505EBABC3B
1457	ADE37E7A-2670-BA1B-301C-1CF8223BD381
1458	5F6D699D-1E7E-3021-FA50-C931479600A0
1459	-495 -842 -21.4736
1460	0 158.996 0
1461	C2DD5366-F79F-11EE-A1C5-04ED334DD7C0
1462	-651 747 16
1463	C2C3AE82-F79F-11EE-B051-04ED334DD7C0
1464	pfc69aeb06708e1c70_auto2108
1465	8F157DB7-2DEF-11EF-95CE-68545A904D17
1466	C2DB7E8C-F79F-11EE-9A6A-04ED334DD7C0
1467	89990A94-C785-B04A-C243-9AE01E121F95
1468	743 -942 2
1469	C2DBA599-F79F-11EE-9C88-04ED334DD7C0
1470	433 941 22
1471	121D2CF8-3A1B-5DED-6C07-DA646AB24B6D
1472	B5918D63-B579-2A36-3FB1-7A111C6E9188
1473	C2C7F48B-F79F-11EE-9D4E-04ED334DD7C0
1474	F396DB13-B1C5-4C25-5CA1-440F4B094316
1475	0 125 0
1476	0 68.9977 0
1477	C2D22F26-F79F-11EE-89A0-04ED334DD7C0
1478	-736 814 20
1479	C2DB5771-F79F-11EE-AE26-04ED334DD7C0
1480	C2DCDE2E-F79F-11EE-8CCC-04ED334DD7C0
1481	EAE57513-80A1-72C6-BEC1-96DC6ACF4CA5
1482	C2D25635-F79F-11EE-B56B-04ED334DD7C0
1483	DB10160B-5FFB-3352-0C4B-C93074888810
1484	1BCEC316-B2C6-CCF1-990F-20AAAA0F7885
1485	-306 -20 16
1486	530 -668 16
1487	C2DBA59B-F79F-11EE-B2B5-04ED334DD7C0
1488	605 803 22
1489	FA6E7E72-3205-5F9E-74D3-124887FF9933
1490	7C873942-6BB8-9813-562D-CC90F434D001
1491	A4E3CE76-9947-DA55-E7F1-181478909787
1492	2BD95672-A753-4564-E589-EFAF6104F3ED
1493	1B13EE81-9185-89F8-EACC-42AF1E168B60
1494	pfb381a1f5b305807e_auto2108
1495	627 -246 4
1496	925C1131-BE62-072F-72FF-AD2B149F88A2
1497	290 876 22
1498	pf2489938da8abc92d_auto2108
1499	C2C7312E-F79F-11EE-962B-04ED334DD7C0
1500	72E18DBD-4DF5-811D-48A1-BCD66FFB67E7
1501	C2D3B5E0-F79F-11EE-A4FC-04ED334DD7C0
1502	0 89.9995 0
1503	0 282.1 0
1504	456 -972 16
1505	pff99a82298f2597b7_auto2108
1506	off
1507	C2D5D8DB-F79F-11EE-A4AB-04ED334DD7C0
1508	C2C7312B-F79F-11EE-B856-04ED334DD7C0
1509	EDE35D26-A3D8-13C9-C14A-D3C78315819B
1510	pf197b471929935e96_auto2108
1511	C2C9C964-F79F-11EE-AFB8-04ED334DD7C0
1512	pf3f0cd82dade5d8eb_auto2108
1513	FF03C303-D4B1-C090-1BBC-B5F3908276F0
1514	C2C31240-F79F-11EE-9AB0-04ED334DD7C0
1515	9BAF0151-4F80-C0DF-4A29-6108827E3B9B
1516	C2DD0540-F79F-11EE-ADB5-04ED334DD7C0
1517	DD597F6D-CFF9-4160-B282-1D304FF42111
1518	23B7CEFC-077E-749B-2B18-B123BA87A8CB
1519	361 -744 16
1520	847 -792 12
1521	5516A65A-C4B1-5EA9-1CE6-171283639130
1522	0 67.998 0
1523	861 -891 16
1524	B24350BA-97AC-2C00-4F66-E89F9A0AE2B5
1525	16A96536-2C51-6B8D-1FF7-F87993828C8F
1526	vfx/jup/level/mp_jup_home_alt_toon/vfx_home_alt_toon_swirling_leaves_01
1527	C2D42B11-F79F-11EE-B614-04ED334DD7C0
1528	4948271E-0075-5732-B6DC-45C87E2647F8
1529	-472 926 20
1530	C2DE3DD4-F79F-11EE-8335-04ED334DD7C0
1531	796 896 17
1532	272 840 20
1533	802 788 20
1534	C2D22F21-F79F-11EE-B59D-04ED334DD7C0
1535	282 760 20
1536	C2D93475-F79F-11EE-B07B-04ED334DD7C0
1537	C2C66DD6-F79F-11EE-8859-04ED334DD7C0
1538	B1AFDAF1-1F5F-B7C2-4FFF-CC2DF00956F7
1539	14337BB6-53C5-45D7-5A6D-F31A49C5CB84
1540	861 -808 16
1541	-722 490 24
1542	484.5 -447 24
1543	-432 -314 20
1544	pf54d2f98112e8bc4b_auto2108
1545	C2D98298-F79F-11EE-8CBF-04ED334DD7C0
1546	C2DEDA1A-F79F-11EE-923C-04ED334DD7C0
1547	C2D11D9D-F79F-11EE-8079-04ED334DD7C0
1548	C2D42B14-F79F-11EE-9559-04ED334DD7C0
1549	C2D6C34D-F79F-11EE-A691-04ED334DD7C0
1550	8F157D93-2DEF-11EF-95CE-68545A904D17
1551	-808 -862 -28
1552	9868700D-C017-68E1-9F96-EAD42E616811
1553	C2D4C75A-F79F-11EE-BFF3-04ED334DD7C0
1554	E4029303-DDDF-72D3-3E7D-B37921AA0AB1
1555	EEF67C92-4FC6-E91C-B061-C7F7225022F0
1556	pf179f64c2574a4be_auto3
1557	scriptable_hardpoint_chevron
1558	0 320 0
1559	2FE5154D-24EB-A403-579A-574377E76265
1560	9E5E0AC6-6BC1-8407-BDC7-43D0A866075D
1561	-660 120 18
1562	A4521589-B822-B056-C3EE-CDAE13291000
1563	C2C6BBF7-F79F-11EE-AA87-04ED334DD7C0
1564	3FD5D804-5A3D-BDC1-2124-3A9F714BC823
1565	C2C646C8-F79F-11EE-9CB5-04ED334DD7C0
1566	ECDC006E-3562-0590-DCC1-342C63CE91A6
1567	C2D62702-F79F-11EE-8F62-04ED334DD7C0
1568	27DE2E43-DB61-653F-DA6C-1684C1A8D6B0
1569	C2C61FAE-F79F-11EE-82E0-04ED334DD7C0
1570	0 22.9981 0
1571	EBDD22FD-B1B6-45C3-692E-71D26C8A2B8F
1572	pfaee9897c184cbbe8_auto2108
1573	-674 -872 -28
1574	3AE1112A-2FEC-8652-EF0D-1781534574A6
1575	C2D367B9-F79F-11EE-8AE4-04ED334DD7C0
1576	C2D11DA1-F79F-11EE-B6B1-04ED334DD7C0
1577	C2D1E100-F79F-11EE-9889-04ED334DD7C0
1578	47EC5B91-AF46-F91F-CF35-056F2E78DF1E
1579	C2DD0542-F79F-11EE-803A-04ED334DD7C0
1580	C2D69C38-F79F-11EE-B875-04ED334DD7C0
1581	-8128 8384 0
1582	vfx_home_alt_toon_blowing_leaves_01
1583	C2C55C52-F79F-11EE-9FBA-04ED334DD7C0
1584	B360DF50-78A8-067B-49C7-CC6CB2B2AB30
1585	C2DD2C58-F79F-11EE-9CC8-04ED334DD7C0
1586	-463 840 12
1587	-715 685 4
1588	jump_up_80
1589	jump_up_40
1590	C2DEB30C-F79F-11EE-9272-04ED334DD7C0
1591	C2D144B9-F79F-11EE-BFD7-04ED334DD7C0
1592	decor_pot_plant_fancy_01_sml_with_kale
1593	11E5A267-CCCB-3E01-36AC-285B6224093C
1594	C2D2A457-F79F-11EE-98D5-04ED334DD7C0
1595	550 -656 16
1596	C2D95B88-F79F-11EE-8D3F-04ED334DD7C0
1597	C2C31242-F79F-11EE-8BD0-04ED334DD7C0
1598	462 -266 24
1599	mp_rugby_spawn_axis
1600	C2D69C3D-F79F-11EE-A5F2-04ED334DD7C0
1601	C2DDEFAE-F79F-11EE-B16A-04ED334DD7C0
1602	C2D5D8E1-F79F-11EE-9CB6-04ED334DD7C0
1603	-724 528 20
1604	0 234.998 0
1605	-194 -792 6.64865
1606	-598 829 20.4067
1607	-635 -848 -28
1608	870 -720 20
1609	C2DD2C59-F79F-11EE-94F1-04ED334DD7C0
1610	C2C7583F-F79F-11EE-B2B7-04ED334DD7C0
1611	D577E29B-EE88-B18F-6B19-952372F7F200
1612	C659B964-F3FC-1D11-D912-788174D8E3C0
1613	pfdb9e8ba91f2c019d_auto2108
1614	9D686587-A3BC-B504-1717-76180370337A
1615	C2D144B4-F79F-11EE-AF85-04ED334DD7C0
1616	C2DCB718-F79F-11EE-A292-04ED334DD7C0
1617	85536648-0C03-B739-69F5-37BEB68490CD
1618	771.5 -206 24
1619	0 195 0
1620	C2D45224-F79F-11EE-95D4-04ED334DD7C0
1621	220 -36 18
1622	-560 354 12
1623	C2C61FAD-F79F-11EE-9EC1-04ED334DD7C0
1624	mp_koth_spawn_secondary
1625	446 -680 24
1626	vfx/jup/level/mp_jup_home_alt_toon/vfx_home_alt_toon_leaves_falling_petals
1627	-178 80 28
1628	100 864 24
1629	pf268619f3862d6106_auto2108
1630	A3401D0B-0732-1B83-23F2-7C62A29776AD
1631	109DB125-CCA2-7817-02D6-30BC5AA2EB0F
1632	6370348A-5C09-126A-7E88-9997B3A9A672
1633	C2DB305E-F79F-11EE-8DE6-04ED334DD7C0
1634	C2DD2C55-F79F-11EE-A9DE-04ED334DD7C0
1635	41660665-EB30-3E85-4104-F333F72AC701
1636	C2DD5362-F79F-11EE-982C-04ED334DD7C0
1637	D837970F-714F-38B1-DF19-8A0285F0622B
1638	pfc88b2ca28a98c3d9_1
1639	-698 756 20
1640	D08FE2F8-CCFC-A053-FC7E-B42BC0943B2A
1641	416EFFAF-26C4-FDB2-369C-5C995CD2F582
1642	90175216-FBC5-07A5-316A-2B40E8E8C5DE
1643	F45090CC-60E5-1647-A099-BD2BDA75F471
1644	-40 -790 20
1645	-804 -653 -15.7266
1646	C2C5F898-F79F-11EE-B0A8-04ED334DD7C0
1647	C2D45223-F79F-11EE-AC2D-04ED334DD7C0
1648	C2C77F54-F79F-11EE-ABCB-04ED334DD7C0
1649	-476 917 12
1650	C2D27D4E-F79F-11EE-BFCE-04ED334DD7C0
1651	C2C53543-F79F-11EE-9C1D-04ED334DD7C0
1652	lighting_fixtures_security_lamp_withcage_01_on
1653	pfe2b32df909c4aa08_auto3
1654	61E77AB8-F38E-0286-B47B-F3DDF8F315F0
1655	C2C5F89B-F79F-11EE-8FD1-04ED334DD7C0
1656	mp_rugby_spawn_allies
1657	-112 900 24
1658	762 332 16
1659	C2C7A661-F79F-11EE-B9BE-04ED334DD7C0
1660	C2DCDE32-F79F-11EE-A695-04ED334DD7C0
1661	mp_ctf_spawn_axis_start
1662	470 -304 16
1663	8053B091-95C3-EB6F-C6D9-2DC5C38DD0FE
1664	40BB0FF7-A0DF-89F6-D726-3F2CEE817569
1665	C2DEDA1E-F79F-11EE-88BB-04ED334DD7C0
1666	mp_xfire_spawn_team_three_start
1667	pf715e8cead101bf2_auto2108
1668	pfb626b09a736ea5c9_auto2108
1669	3AC9FCDD-D46C-7828-2121-8BFF044009AA
1670	71C04455-0B74-D37A-65E9-D80514B49843
1671	C2D3DCF2-F79F-11EE-984A-04ED334DD7C0
1672	45BB5D67-A2EF-3273-9811-410223473DED
1673	C2D3B5D7-F79F-11EE-BAF0-04ED334DD7C0
1674	C37228C3-2261-5559-C3AC-85940A7A6C11
1675	F4B81EFC-78E8-A8D3-5FD0-774D8E623BB8
1676	C2D8E64B-F79F-11EE-81AE-04ED334DD7C0
1677	C2DB5774-F79F-11EE-8B52-04ED334DD7C0
1678	pf415a89a3cb71f6f8_auto2108
1679	57653563-BEE9-39AD-2B9A-3C9076D8B505
1680	C2D3B5DE-F79F-11EE-94DD-04ED334DD7C0
1681	-222 -404 20
1682	pfdaac66985c9aa000_auto2108
1683	pfa5ee0b55a31a8cb_auto2108
1684	C2C70A17-F79F-11EE-8CAE-04ED334DD7C0
1685	826 626 20
1686	494 36 20
1687	C2DDC8A1-F79F-11EE-A541-04ED334DD7C0
1688	BC610651-B05D-843F-FE8F-C601CD179A6D
1689	96C47460-9BB2-95F2-21A5-4FD67E383A1E
1690	606.701 803.931 24
1691	C2D98295-F79F-11EE-A51D-04ED334DD7C0
1692	0CD64C8A-3031-4147-A99D-1650ACBE5025
1693	C2DCB71D-F79F-11EE-B88A-04ED334DD7C0
1694	C2CD73EE-F79F-11EE-969A-04ED334DD7C0
1695	scriptable_eu_sign_commercial_bar_coaster_02
1696	0 311.501 0
1697	mp_sd_spawn_attacker
1698	C5F8CED4-9BD2-DE3E-B230-933435D52D1A
1699	C2D5D8DD-F79F-11EE-B80B-04ED334DD7C0
1700	7E628EAD-C24D-477A-1B3D-6B97B16CB4C6
1701	C2DB7E84-F79F-11EE-967C-04ED334DD7C0
1702	-590 -458 32.0533
1703	C2C55C54-F79F-11EE-8A10-04ED334DD7C0
1704	C2C5F896-F79F-11EE-BA7B-04ED334DD7C0
1705	-552 904 16
1706	-470 -844 -4.73515
1707	1C5E0F78-4C11-3F3E-E596-685230395C9B
1708	852 -632 34.6979
1709	A93B6A03-9F41-67EC-05EB-DBC63012EB34
1710	-597 -853 -36.3636
1711	-122 904 20
1712	C2C73131-F79F-11EE-884A-04ED334DD7C0
1713	-681.5 125 28
1714	-788 -348 22.1707
1715	C2D0CF83-F79F-11EE-9FB2-04ED334DD7C0
1716	B978A032-F652-6DD4-0CEC-2BAB6184A813
1717	0 9.99947 0
1718	C2C77F52-F79F-11EE-BE5E-04ED334DD7C0
1719	0 159 0
1720	B6640653-7DF1-5D93-A862-CC2090D44BA3
1721	C2D2F27D-F79F-11EE-91E9-04ED334DD7C0
1722	0 160 0
1723	mp_xfire_spawn_axis_start
1724	C2D0F68B-F79F-11EE-8957-04ED334DD7C0
1725	B859AB94-A8FB-A5DC-F1F2-91D0070F6100
1726	-424 280 20
1727	C2CEAC87-F79F-11EE-BE27-04ED334DD7C0
1728	0 253.999 0
1729	798 756 16
1730	0 115 0
1731	D52F065F-44B3-0060-BC8D-AAC6D6E43D57
1732	923C7ED6-9C9B-63F3-0493-D67B1671ACC8
1733	-708 -80 8
1734	850 -624 16
1735	C2D89828-F79F-11EE-AB43-04ED334DD7C0
1736	1DB41ECB-BD56-4F2F-209F-F273E905DFD0
1737	790 -312 20
1738	C2D0F68F-F79F-11EE-A893-04ED334DD7C0
1739	C2D47939-F79F-11EE-98F0-04ED334DD7C0
1740	C2C7A96C-F79F-11EE-AE06-04ED334DD7C0
1741	34EC9888-FE44-2824-97EB-4BED4856C891
1742	C2C5F897-F79F-11EE-BA99-04ED334DD7C0
1743	base
1744	C2C7CD7B-F79F-11EE-A349-04ED334DD7C0
1745	C2D47935-F79F-11EE-AA07-04ED334DD7C0
1746	7DBAA754-CF07-5128-9E59-C42A4116648D
1747	C2C53540-F79F-11EE-B7B6-04ED334DD7C0
1748	478 -938 16
1749	C2C5D18B-F79F-11EE-B71F-04ED334DD7C0
1750	FB062514-F5A8-32A6-4D7A-A8E699AB5D10
1751	71A20849-BD91-2F6C-1C2D-4B688F14CCD1
1752	21E170FA-0CC2-6F3D-0349-4402C07A7F65
1753	allies_endzone_vis
1754	-632 220 16
1755	F4D1BBA1-F711-C827-50EE-BC187141D2B3
1756	C2C6E30C-F79F-11EE-95A6-04ED334DD7C0
1757	C2D20819-F79F-11EE-B432-04ED334DD7C0
1758	16 866 24
1759	C2D22F23-F79F-11EE-95F0-04ED334DD7C0
1760	C2D62701-F79F-11EE-AF04-04ED334DD7C0
1761	-568 912 18
1762	C2CFBDFF-F79F-11EE-98EF-04ED334DD7C0
1763	C2DCDE2A-F79F-11EE-8484-04ED334DD7C0
1764	C2C5D18A-F79F-11EE-87AA-04ED334DD7C0
1765	C2DD535F-F79F-11EE-8813-04ED334DD7C0
1766	pf94f9fbb6908f8f12_auto2108
1767	C2C66DD8-F79F-11EE-B402-04ED334DD7C0
1768	0 283.998 0
1769	C2D25632-F79F-11EE-9E8E-04ED334DD7C0
1770	C2D3DCEE-F79F-11EE-894F-04ED334DD7C0
1771	B73E063B-87EF-9D02-12D8-E96C0E4A2D6B
1772	32425357-0BD5-4DD4-A1BE-301CF9748C42
1773	-9280 8384 0
1774	FDA7BFC1-E65D-034A-56B3-F9608BEEEA15
1775	-338 -814 11.2778
1776	C2D11D9E-F79F-11EE-8FEB-04ED334DD7C0
1777	0 219.999 0
1778	-730.5 847 28
1779	A73F89E2-B444-FF17-A8CA-E746D715CC2F
1780	99B44EF3-F4F5-5447-F5E6-64E6533F10B3
1781	C2D0F68C-F79F-11EE-9BED-04ED334DD7C0
1782	-680 118 20
1783	760136DE-BB1E-11BD-8DA8-A57174F6BFA2
1784	pfdc2818818c24461a_auto2108
1785	073A7E46-1429-AB66-646A-EF385CCA27FA
1786	0 264.999 0
1787	DA67C968-B851-361F-2618-6AA74AE063A3
1788	42 -524 39.7363
1789	-718 708 16
1790	646 -980 18
1791	E0B2A07B-C406-0A99-5CEE-C86159811F11
1792	0 314.997 0
1793	C2D25637-F79F-11EE-A261-04ED334DD7C0
1794	-728 -134 9.023
1795	C2D98297-F79F-11EE-84DD-04ED334DD7C0
1796	113AE4A4-C62E-F043-3A9C-E9B87CC66A08
1797	715EC886-5DDF-AE32-BF12-6C4C0C9FD0FE
1798	pf7a19d5715b3bd546_auto2108
1799	4BF2B066-6834-4206-6181-C34A1AAC624E
1800	832 586 18
1801	-339 918 16
1802	86A789CA-57AA-5EBB-DEE4-861566F51D6D
1803	mp_rugby_spawn_allies_start
1804	-300 282 32
1805	324 318 24.6383
1806	-664 716 20
1807	C2D1E101-F79F-11EE-8A1A-04ED334DD7C0
1808	F4275714-D57E-AC95-2553-4DFE126E89D1
1809	C2C4E71B-F79F-11EE-8131-04ED334DD7C0
1810	13D0E53D-6C1B-D67E-89CE-E2C302B489C2
1811	-662 917 33.8331
1812	C2D93472-F79F-11EE-B804-04ED334DD7C0
1813	unlocked
1814	-292 -306 16
1815	-383 913.5 28
1816	B3902B3E-BAB7-F941-86CE-55195C409FDD
1817	302 868 20
1818	C2C5D187-F79F-11EE-B6F9-04ED334DD7C0
1819	3A4ECA51-06C9-57DB-C745-CA2FD5182D12
1820	33D8F4AC-4153-FF98-8EEB-7FC909A30829
1821	C2D1B9EC-F79F-11EE-86BA-04ED334DD7C0
1822	769F7852-741D-0E2F-8D32-FBC62D18EE89
1823	852 -926 2
1824	770 -208 20
1825	-330 -812 -3.70386
1826	698239F7-1F6A-B343-0BAF-DC6089B3BE5E
1827	C2D20817-F79F-11EE-849B-04ED334DD7C0
1828	8F157DA5-2DEF-11EF-95CE-68545A904D17
1829	C2D69C39-F79F-11EE-A35F-04ED334DD7C0
1830	C2D5FFF7-F79F-11EE-8562-04ED334DD7C0
1831	C2D16BC7-F79F-11EE-A876-04ED334DD7C0
1832	F639F6A8-0049-1053-89D1-B9FFE77B255F
1833	70B5A25B-06C1-9D8E-DFD1-8447C9E800FF
1834	-58 568 22
1835	-198 660 22
1836	C2CD73EC-F79F-11EE-852C-04ED334DD7C0
1837	C2DE64E6-F79F-11EE-A813-04ED334DD7C0
1838	6B09A06F-6169-AEAF-8313-FA34F0113C94
1839	70D6B340-E875-2E52-1A95-C4E2EC5F877C
1840	4F7AD87C-6296-A8BC-73CF-59B8D944CA08
1841	C2DEDA1B-F79F-11EE-AF76-04ED334DD7C0
1842	-440 -248 16
1843	C2D16BC3-F79F-11EE-BCF9-04ED334DD7C0
1844	-488 926 12
1845	366 -390 18
1846	F6C972C4-C9A7-C1C0-7092-DBD7BE681092
1847	862 -636 16
1848	C2DE8BFC-F79F-11EE-A859-04ED334DD7C0
1849	C2D2CB68-F79F-11EE-8D99-04ED334DD7C0
1850	BA35BA1A-FB12-05D9-AD8D-66DA3E48A346
1851	vfx_home_alt_toon_blowing_ground_dust_01
1852	C2DBA594-F79F-11EE-BA76-04ED334DD7C0
1853	238 -274 32.8717
1854	C2D45222-F79F-11EE-B11D-04ED334DD7C0
1855	55A8C45A-A520-6DB3-1BE4-1D24490F327A
1856	58F3B9F1-C3DA-9B0F-FDFD-B287EED5FB3C
1857	-790 -616 -8
1858	-90 -468 16
1859	E75CCEC1-90AA-9714-E6BD-DDA92EBFBE1D
1860	FEB914A3-2E24-685D-F0B7-B2D7BCC0BC44
1861	F1E4129A-7D2D-FA20-83FF-91B793752254
1862	pfbec2522de45e6719_auto2108
1863	0 164.999 0
1864	C2D8711B-F79F-11EE-A26B-04ED334DD7C0
1865	pf40fdf6cc0af0e401_auto2108
1866	C2D69C3A-F79F-11EE-A759-04ED334DD7C0
1867	bash_left_90
1868	C2D9A9AE-F79F-11EE-88D7-04ED334DD7C0
1869	C2D27D46-F79F-11EE-8D27-04ED334DD7C0
1870	C2CD73ED-F79F-11EE-9171-04ED334DD7C0
1871	436 360 34.6979
1872	C2C3AE87-F79F-11EE-9297-04ED334DD7C0
1873	6A6BFC9D-ECD1-4781-A1B8-D3AF8BF73AB5
1874	-188 62 24
1875	17995CAA-06CE-4EFE-7E90-5BCB0FF7ADF3
1876	614 -978 2
1877	C2D367B6-F79F-11EE-AF85-04ED334DD7C0
1878	714 -958 16
1879	10 654 24
1880	C2D367B2-F79F-11EE-918D-04ED334DD7C0
1881	C2D27D4B-F79F-11EE-9E76-04ED334DD7C0
1882	-404 918 18
1883	C2CD73E5-F79F-11EE-BAE9-04ED334DD7C0
1884	vfx_home_alt_toon_leaves_falling_petals
1885	C2D16BCA-F79F-11EE-9978-04ED334DD7C0
1886	C2C6E306-F79F-11EE-A78E-04ED334DD7C0
1887	48DD2C1F-524E-9B48-5EA3-1F711CAFA7FA
1888	C2D2563A-F79F-11EE-BBDC-04ED334DD7C0
1889	C2DBA598-F79F-11EE-A5EF-04ED334DD7C0
1890	C2DDC89B-F79F-11EE-90FE-04ED334DD7C0
1891	790134F3-EF3A-D61A-532B-7D587BB2C8CE
1892	0ED0A800-6F4E-7F49-F381-6DFFAF0BB89A
1893	-632 914 4
1894	-346 778 20
1895	-802 -472 8.19962
1896	5795AA06-ECC9-6B2F-53CB-AB9437A153BA
1897	-328.5 918.5 28
1898	C2D98296-F79F-11EE-8E92-04ED334DD7C0
1899	C2C66DD1-F79F-11EE-A08C-04ED334DD7C0
1900	-424 -822 -19.3668
1901	C2DB3062-F79F-11EE-9567-04ED334DD7C0
1902	FF0DBDDB-E899-DD83-95DC-FED410F54F8D
1903	-674 174 20
1904	hardpoint_vis_03
1905	0 111.999 0
1906	39C8B9AF-5205-5FF5-D170-B4A9BD7406D0
1907	862 -893 12
1908	ABFAB2FE-FE53-0699-4092-C2B7AA6D75F5
1909	C2C38777-F79F-11EE-850D-04ED334DD7C0
1910	C2D403FF-F79F-11EE-AC16-04ED334DD7C0
1911	-310 -36 16
1912	0 3.99993 0
1913	C2DE64EA-F79F-11EE-9A30-04ED334DD7C0
1914	-208 -454 16
1915	480F5C20-E5D2-A5A8-A773-8D7E7E85C412
1916	-728 602 20
1917	0 39.9997 0
1918	pf75c0d3c706f57ab_auto2108
1919	C2C5AA79-F79F-11EE-B9B3-04ED334DD7C0
1920	0 318 0
1921	1D0D5A8F-51D7-D989-CA8F-F8C972431D85
1922	C2D8BF40-F79F-11EE-9072-04ED334DD7C0
1923	395 -920 16
1924	C2D9A9AD-F79F-11EE-8123-04ED334DD7C0
1925	vfx_home_alt_toon_butterflies_02
1926	mp_warrior_spawn_team_three_start
1927	C2D90D65-F79F-11EE-B7B1-04ED334DD7C0
1928	784 916 16
1929	C2D0CF84-F79F-11EE-B344-04ED334DD7C0
1930	05B6CE84-C2FB-02F6-F78F-AD4803BE4105
1931	472 -948 16
1932	EAD74697-6AA9-D311-6156-C6BC09D2FB9F
1933	C2DCB721-F79F-11EE-A373-04ED334DD7C0
1934	4FFA0342-B555-515F-19F5-3ED9FF01D8AE
1935	C80AE48A-287E-584C-AEA2-3A3DBAB2442F
1936	C2D3DCEA-F79F-11EE-8634-04ED334DD7C0
1937	610 -956 16
1938	828 -308 16
1939	-298 -40 24
1940	-8128 8256 0
1941	90020AAD-ADDF-436C-B712-E57C0AB08CD7
1942	0 259.999 0
1943	C2D64E15-F79F-11EE-AE9C-04ED334DD7C0
1944	pf8d143aa1ad4229a2_auto2108
1945	C2D90D63-F79F-11EE-8795-04ED334DD7C0
1946	0 292.4 0
1947	09203FEB-89E7-8983-070A-E0030BEA6A28
1948	47C43232-0552-9927-44EC-F1F432EFCD24
1949	C2D45229-F79F-11EE-8C57-04ED334DD7C0
1950	1C7D47B9-0EC5-9E4A-AFC7-9E7D26AFF3D0
1951	718 927 18
1952	0C4172CE-20BE-4DA9-9A51-C281055AAB38
1953	166F17E1-08C7-0092-0B5F-F6BA76FF5F21
1954	C2C81B9C-F79F-11EE-8946-04ED334DD7C0
1955	DDA66B67-52BC-008F-0BD5-1DC54F871A71
1956	86 -796 20
1957	7A472302-3F49-AA34-A8A2-9F0D1074AE61
1958	0 89.9973 0
1959	A9EE3949-F00E-8704-F1F0-1EA39EBD5F71
1960	C2D5D8DC-F79F-11EE-B7E1-04ED334DD7C0
1961	315A8F23-B056-41DD-8F5F-8B001053F3CD
1962	649E9459-00E4-5AEC-A94B-1D85167616CA
1963	-726 917 28.1517
1964	-120 906 20
1965	506 -956 16
1966	C2D27D4D-F79F-11EE-9FCF-04ED334DD7C0
1967	-790 -472 4
1968	142 -756 16
1969	515D5047-D24E-6A5F-F92B-FDC3B2B1644E
1970	-96 -574 24
1971	FE28B698-AE1F-56A4-26D1-376744E82F81
1972	C2CD9AFE-F79F-11EE-AEBE-04ED334DD7C0
1973	C2D8982E-F79F-11EE-86F3-04ED334DD7C0
1974	75A8548A-428E-5621-665C-32E2FBDC0F3A
1975	586 934 20
1976	pf4405fa47b18e92_auto2108
1977	832 -942 20
1978	368CDA19-E6E0-4A8B-7993-386CB815647D
1979	pfb0a1b370c6e9163c_auto2108
1980	0 180 0
1981	5D9CEA8C-00CA-6EE0-67A7-2C003D651688
1982	12 882 20
1983	ED21B21D-065D-C6C6-36E9-7534C00C3DE1
1984	862 -882 20
1985	mp_koth_spawn_axis_start
1986	C2DEDA1D-F79F-11EE-A0EF-04ED334DD7C0
1987	BB0FD8C5-6D06-F762-748E-2F719ADF83AF
1988	vfx/jup/level/mp_jup_home_alt_toon/vfx_home_alt_toon_butterflies_02
1989	151A3871-E7BA-58C1-0247-32EC7508FD26
1990	2D0D046F-0A02-D777-ACE0-4DB7DEB93CA8
1991	C2DCDE2B-F79F-11EE-8302-04ED334DD7C0
1992	634 328 16
1993	4C279A35-0F78-B559-5BCC-404DFCCA3286
1994	C2DB3065-F79F-11EE-A40F-04ED334DD7C0
1995	12C34598-1B3C-7695-A803-8EDAC1A4A69A
1996	0 84.9987 0
1997	0 340 0
1998	106 868 20
1999	E232934A-4EB2-4A41-3650-7EF4A3451EE5
2000	mp_tdm_spawn
2001	C2DDC89E-F79F-11EE-BF82-04ED334DD7C0
2002	-546 220 10
2003	pfa1759e00cc1fc3b1_auto2108
2004	626 -628 20
2005	-14 740 20
2006	C2D367B7-F79F-11EE-96D7-04ED334DD7C0
2007	FEE61CE9-1E46-A403-8258-297F4108DF3B
2008	C2D8982F-F79F-11EE-85C4-04ED334DD7C0
2009	-308 -36 16
2010	6EE51DB9-AD32-C67A-E7B1-CC5B49D8D76A
2011	1
2012	C2D27D47-F79F-11EE-90A5-04ED334DD7C0
2013	451 -963 2
2014	C2C4E719-F79F-11EE-A9EE-04ED334DD7C0
2015	C2C81B99-F79F-11EE-BAA3-04ED334DD7C0
2016	C2D1E0FD-F79F-11EE-8EF2-04ED334DD7C0
2017	486 -896 16
2018	0 1.99996 0
2019	pf80949711ba43dc9c_auto2108
2020	5B5CE26D-1AAB-550A-36FB-746A34A73FD2
2021	D005BFF5-DB84-FED5-F4B9-0A843A38E641
2022	262F1DC2-021B-ADBC-F418-0B2B550AC76B
2023	0 90.9975 0
2024	264 296 40.4831
2025	94A52D4F-31D9-FF87-1D9E-BD85BA90319C
2026	C2D1B9E9-F79F-11EE-8D5F-04ED334DD7C0
2027	C2D8BF39-F79F-11EE-940F-04ED334DD7C0
2028	0DDC4569-8BE1-04DA-5AA5-3757B2FCC797
2029	C2DD5365-F79F-11EE-AE95-04ED334DD7C0
2030	scriptable_cp_rave_magazine_single_04
2031	C2D192DA-F79F-11EE-9D74-04ED334DD7C0
2032	224 -44 20
2033	358.068 105.007 -5.75673e-08
2034	hardpoint_vis_02
2035	C2D4A04B-F79F-11EE-AA11-04ED334DD7C0
2036	-516 912 20
2037	BE4CC8BB-39F7-1B56-820C-E4AA02BCA85B
2038	C2D8E654-F79F-11EE-8B81-04ED334DD7C0
2039	-583 921 4
2040	pfca25a34eaa02d8a1_auto2108
2041	964E380C-EC74-14EE-83EC-F70CFCA78663
2042	C2D62706-F79F-11EE-8242-04ED334DD7C0
2043	81B33DE6-E898-F2B1-0CFF-4F688B6AFDB2
2044	826 650 20
2045	6AFD5757-E98D-CCE8-993F-DB6584F4FC1C
2046	EB0D4F57-2C9B-BF1A-8C09-9374CDD60E6C
2047	500 -966 20
2048	-520 902 20
2049	0 214 0
2050	656 -972 16
2051	C2D93479-F79F-11EE-9460-04ED334DD7C0
2052	3B827AAF-C4B6-010F-D34C-373CD1891F4F
2053	C2D9A9A9-F79F-11EE-BCF1-04ED334DD7C0
2054	-670 866.5 28
2055	0 140.996 0
2056	C2DE8BF7-F79F-11EE-9E4E-04ED334DD7C0
2057	C2C7F48D-F79F-11EE-839D-04ED334DD7C0
2058	0 29.9989 0
2059	AD86B29F-1316-A175-AFA8-3E1A81CAC535
2060	660 -972 16
2061	3A5250DF-0891-9FF9-E80E-B582A0DC712E
2062	38C694B3-ABA1-4530-1CF2-506456AD2299
2063	FC94A99F-7BC3-7B5F-27EC-31C37C682070
2064	707 104 16
2065	C2DD7A7B-F79F-11EE-B05F-04ED334DD7C0
2066	-548 -852 -30
2067	-420 80 12
2068	vfx/jup/level/mp_jup_home_alt_toon/vfx_home_alt_toon_blowing_leaves_01
2069	CCA596DB-9D4B-8753-29BA-0A8FAFA2E856
2070	212F02BF-633E-D838-33AF-CC562249F251
2071	731.5 -883 2
2072	F29B78D5-7C59-FCE7-6A3D-37D88B19D264
2073	C2C7A96D-F79F-11EE-BF5A-04ED334DD7C0
2074	pfa917f4fc17a456ec_auto2108
2075	56944E69-A209-E409-F2AB-EFBCBFAE88CB
2076	C2D64E19-F79F-11EE-98FD-04ED334DD7C0
2077	397 -919 12
2078	63097406-3BCC-F2C1-2398-FD575379A2CB
2079	C2D90D5F-F79F-11EE-8855-04ED334DD7C0
2080	5DAE01FB-0D14-3174-9097-59CD85AFFECD
2081	C2CDE91E-F79F-11EE-853C-04ED334DD7C0
2082	9F52D6FE-645C-01EA-0555-1FD833F80A03
2083	500750F2-0BF3-EAF7-AAFD-03CB2E4A7A32
2084	0 269.997 0
2085	pf8d6216dfe59f1220_auto2108
2086	0 110 0
2087	BBFCA967-83D6-B9EC-AC9A-F5500F82A1F8
2088	-286.5 850.5 20
2089	C9C3769B-82DF-26E8-9554-D5CE1100F160
2090	919F94F0-56A3-20C5-29B9-9C111B30A5CD
2091	711 96 24
2092	9EF0FBD5-8180-E40F-13D1-5DD997B1447D
2093	pf58d2f65ff5c32f00_auto2108
2094	E0DD06B2-683A-92C1-5698-B6FF372DE27D
2095	0 88.9986 0
2096	C2D90D67-F79F-11EE-8B9E-04ED334DD7C0
2097	726 -956 20
2098	2526BCC7-9E1F-8982-2FCD-658962B0C547
2099	-308 228 24
2100	C2D340A3-F79F-11EE-9E2A-04ED334DD7C0
2101	5CB4C1EB-6F62-E5E0-FBFE-0F84A47D1B3C
2102	826 444 20
2103	-182 -704 24
2104	F6BD692C-1C74-48CE-452C-56FC2ED24FEC
2105	C2DE8BFB-F79F-11EE-B41F-04ED334DD7C0
2106	E6D8BE8E-962E-E499-38DD-B4843C9F1C0F
2107	C2D6752C-F79F-11EE-B306-04ED334DD7C0
2108	2C102E64-B8B3-D8CC-5A21-600B778509CD
2109	C2D8BF3A-F79F-11EE-ABB9-04ED334DD7C0
2110	C2DCDE2F-F79F-11EE-B4E5-04ED334DD7C0
2111	-628 -702 -11.8776
2112	C2D1B9E8-F79F-11EE-AA38-04ED334DD7C0
2113	C2D27D49-F79F-11EE-92BA-04ED334DD7C0
2114	4863299B-2815-9795-74B5-1A67C4FE65FC
2115	vfx/jup/level/mp_jup_home_alt_toon/vfx_home_alt_toon_butterflies_01
2116	C2DDEFAC-F79F-11EE-A019-04ED334DD7C0
2117	-310 446 16
2118	C2DDA185-F79F-11EE-8939-04ED334DD7C0
2119	330 -96 28
2120	706 706 20
2121	820 -264 14
2122	F492A3F1-6087-4DEB-966E-08D210AF38B1
2123	0 226 0
2124	-398 904 20
2125	C2C97B42-F79F-11EE-9220-04ED334DD7C0
2126	mp_tdm_spawn_axis_start
2127	5D1D78FC-745D-56FC-1DD8-A942A9A8219D
2128	0F927638-A1C0-E872-A04B-36733A518C94
2129	-722 -70 8
2130	0 115.298 0
2131	B748956C-90F0-0B10-A1B6-51C73D9FA105
2132	C2D2F280-F79F-11EE-838B-04ED334DD7C0
2133	scriptable_jup_toy_rubber_duck_01
2134	820B38A6-4DE3-FBCF-BD5D-0FB7BCE63298
2135	C2C66DD7-F79F-11EE-A27C-04ED334DD7C0
2136	0 99.9994 0
2137	3C7C0E98-4E3A-6FDE-6B50-AAF05F362934
2138	C2D2A458-F79F-11EE-B618-04ED334DD7C0
2139	C2DE16C4-F79F-11EE-A85D-04ED334DD7C0
2140	C2D38EC8-F79F-11EE-85E2-04ED334DD7C0
2141	-424 -178 12
2142	C2DDA18D-F79F-11EE-8579-04ED334DD7C0
2143	9CD30FC3-F8BD-A17F-D2CE-955F510EF1E1
2144	C2DEDA1F-F79F-11EE-8A63-04ED334DD7C0
2145	pfc879cfccb6468eb5_auto2108
2146	-600 826 20
2147	0 179.998 0
2148	C2D340A4-F79F-11EE-A4B4-04ED334DD7C0
2149	C2C6BBF6-F79F-11EE-8A49-04ED334DD7C0
2150	C2D42B16-F79F-11EE-8DA7-04ED334DD7C0
2151	C2D93473-F79F-11EE-B5CC-04ED334DD7C0
2152	130 -8 24
2153	6F23C998-97A8-3807-841C-2193AD58B920
2154	-488 904 12
2155	0 199.998 0
2156	C2DF012B-F79F-11EE-884B-04ED334DD7C0
2157	C2D2081B-F79F-11EE-9ECC-04ED334DD7C0
2158	C2D367B1-F79F-11EE-B527-04ED334DD7C0
2159	EA092210-A95A-C954-D0C1-C1D6B8D6E036
2160	-20 -776 16
2161	C2D4A04A-F79F-11EE-A3C4-04ED334DD7C0
2162	C2D8BF3F-F79F-11EE-8D0D-04ED334DD7C0
2163	20761D49-6F6D-97FB-19F5-2488A7F85527
2164	C2DEDA18-F79F-11EE-AC17-04ED334DD7C0
2165	359C501C-2B77-4D82-40D8-3B2AB77C0324
2166	315975A5-FCBA-9838-C241-E6544EA659D7
2167	5B67E1CF-D140-E37F-886F-80E8402181EF
2168	C2DDC8A0-F79F-11EE-B4E8-04ED334DD7C0
2169	8D7E5682-742B-A632-3B3A-4929CA1DEC50
2170	05EA5FCF-947C-18B7-EF43-05742592141A
2171	F2559BED-ED51-8D66-65E9-97FA00F326B9
2172	C2C646C7-F79F-11EE-BA25-04ED334DD7C0
2173	0 273.999 0
2174	-190 -296 28
2175	861 -641 20
2176	C2DCB719-F79F-11EE-8755-04ED334DD7C0
2177	C2C5F89A-F79F-11EE-997F-04ED334DD7C0
2178	4842B314-3AA0-199B-ACC4-8A93F4F214F8
2179	C2D0F690-F79F-11EE-86EE-04ED334DD7C0
2180	20ECB24A-0C26-E0CD-77A8-6D173F2DA6C3
2181	AB2E99D1-9E99-7CE2-171A-82BA5BE6BE83
2182	0 6.9905 0
2183	713 108 16
2184	-8128 8320 0
2185	-638 -50 12.9647
2186	DCC0E495-27D8-466E-F951-BBC7DA4BB930
2187	9F61FF7D-3A50-BE28-1A5B-FB6977929C8E
2188	B08055A5-7033-DBA2-7454-371FA77F0CBF
2189	C2D5D8E0-F79F-11EE-A6D2-04ED334DD7C0
2190	60BCC594-4E64-5C70-C3D8-FFE8521D4051
2191	EF264149-F269-B647-D367-C296220C5DAC
2192	628 960 20
2193	38C6993A-B23D-66F2-471B-FE81FC4D3BC3
2194	pf3358a4537ca278ec_auto2108
2195	A276CE5B-8DAB-AAEF-A35F-608E37BFD664
2196	C2D11DA5-F79F-11EE-9DEA-04ED334DD7C0
2197	330 504 20
2198	6C39DD4C-F849-0E30-73FE-9399ED27B7B8
2199	0 268.997 0
2200	pfede47ce1ff2a5099_auto18306443964866146358
2201	8054C14F-0213-31ED-E7BD-B1ED2512402C
2202	C2DE64E7-F79F-11EE-83CD-04ED334DD7C0
2203	C2D16BC5-F79F-11EE-8DB1-04ED334DD7C0
2204	C2D31990-F79F-11EE-9E66-04ED334DD7C0
2205	C2C5F899-F79F-11EE-B6B8-04ED334DD7C0
2206	C2D192DF-F79F-11EE-8442-04ED334DD7C0
2207	pff60d5485305c8046_auto2108
2208	-487 913 16
2209	C2DE3DD0-F79F-11EE-BA72-04ED334DD7C0
2210	-806 -856 -28
2211	B03EE0FD-046C-B9B4-056A-75C9B898CFC8
2212	0 289.5 0
2213	C2C646BF-F79F-11EE-8E39-04ED334DD7C0
2214	D3F40810-A3EE-4F3B-8D77-8F73E464BFA5
2215	-722 -124 9.023
2216	0 0 0
2217	-42 -774 20
2218	76CBDBC2-D754-8509-19A3-7F4BC519DD24
2219	199A291D-63B3-E297-5BCA-A47CC5DD1BF8
2220	-296 270 32
2221	592 -972 16
2222	01D49EC9-6E12-08CA-412B-E0BAF5861E2E
2223	C2CCEAE1-F79F-11EE-B0A7-04ED334DD7C0
2224	C2C77F57-F79F-11EE-89DF-04ED334DD7C0
2225	732 -860 16
2226	C2DEB308-F79F-11EE-9AE7-04ED334DD7C0
2227	0 279.4 0
2228	61C30439-6659-EFBE-82A8-FA426C6068B8
2229	0 88.9973 0
2230	C2C7F48F-F79F-11EE-AA15-04ED334DD7C0
2231	C2DE64E9-F79F-11EE-A969-04ED334DD7C0
2232	C2D25633-F79F-11EE-941A-04ED334DD7C0
2233	-391 922 12
2234	C2DE16BE-F79F-11EE-AD93-04ED334DD7C0
2235	330 68 24
2236	C2DDEFA9-F79F-11EE-BBF3-04ED334DD7C0
2237	0 34.9998 0
2238	CC7CEBCE-D38E-13CB-7401-321E8AEB20B7
2239	334 -212 28
2240	C2D6C34C-F79F-11EE-B6CB-04ED334DD7C0
2241	C2C694E7-F79F-11EE-AD12-04ED334DD7C0
2242	112463E1-9FE6-0F47-F376-13C018FED032
2243	C2D8711D-F79F-11EE-A534-04ED334DD7C0
2244	C2D192D7-F79F-11EE-8FD7-04ED334DD7C0
2245	8D5DB5BF-2311-295F-614D-32C4FC8E5B12
2246	C2DB5776-F79F-11EE-8CDD-04ED334DD7C0
2247	-462 -124 16
2248	-250 -676 14.0256
2249	433 929 20
2250	vfx_home_alt_toon_swirling_leaves_01
2251	0 282 0
2252	C2D69C41-F79F-11EE-9620-04ED334DD7C0
2253	-667 921 4
2254	A3C297C7-4CB8-7FC4-F643-3C41E35B3E7B
2255	0 332.697 0
2256	C2D93477-F79F-11EE-8DB0-04ED334DD7C0
2257	-577 -259.5 8
2258	C2DE8BFD-F79F-11EE-8E22-04ED334DD7C0
2259	0 111.997 0
2260	C2D0CF82-F79F-11EE-A4B8-04ED334DD7C0
2261	5B0C72BE-2AD8-71A7-590B-9DB75DC3A401
2262	748 336 16
2263	C2D2A45C-F79F-11EE-9594-04ED334DD7C0
2264	FBEAA965-6931-52DF-E5AD-230ED52B1967
2265	4E177169-D9B9-BFBB-39F4-9AF0A0958371
2266	302 324 24
2267	C2D1E0FB-F79F-11EE-8DCC-04ED334DD7C0
2268	C2DB305F-F79F-11EE-A3EE-04ED334DD7C0
2269	0 215 0
2270	605 -810 12
2271	0 14.999 0
2272	8826B24C-AFFC-186F-EF1D-1856C66E5E9E
2273	0 310 0
2274	D6174139-74E5-EDEA-9197-F1E0AD697A43
2275	270 784 22
2276	F447961B-4B08-F294-0622-9B18AD3EA42F
2277	C2D8982D-F79F-11EE-897E-04ED334DD7C0
2278	C2DD0544-F79F-11EE-B2AB-04ED334DD7C0
2279	-342 922 12
2280	44035040-BFC7-5800-7DF1-3C1E9650348D
2281	8F157D8A-2DEF-11EF-95CE-68545A904D17
2282	441.271 -933.561 16
2283	947786DF-F3F2-F0DC-33AF-A7FAFD016080
2284	C2CE3747-F79F-11EE-902E-04ED334DD7C0
2285	CC18508E-416C-96D6-EDDA-A886F3014206
2286	C2DDEFAF-F79F-11EE-BE31-04ED334DD7C0
2287	c2
2288	456 -944 20
2289	-340 -166 11.0638
2290	524 -972 16
2291	CC50CEFE-9B46-5EE3-C391-E8DA5782196D
2292	8940DB70-0FAC-0117-0E91-7EF5B5B6C4C9
2293	-716 912 20
2294	mp_ctf_spawn_allies_start
2295	-272 -810 2.60445
2296	86652CB6-02C6-2268-886F-E260516D6C99
2297	C2D87118-F79F-11EE-9151-04ED334DD7C0
2298	-108 898 24
2299	C2C61FB3-F79F-11EE-8F93-04ED334DD7C0
2300	0 321.1 0
2301	C2D31998-F79F-11EE-9978-04ED334DD7C0
2302	-736 718 20
2303	3
2304	C2D38EC5-F79F-11EE-8452-04ED334DD7C0
2305	0 109.997 0
2306	558 -696 12
2307	556 960 20
2308	C2D2F27A-F79F-11EE-BCB8-04ED334DD7C0
2309	C2D5FFF1-F79F-11EE-8148-04ED334DD7C0
2310	C2C53542-F79F-11EE-A798-04ED334DD7C0
2311	E2EDA9DF-9DB3-0774-7112-93B72209743F
2312	C2DE8BF8-F79F-11EE-8220-04ED334DD7C0
2313	C2DD7A75-F79F-11EE-AA01-04ED334DD7C0
2314	F86AD3FA-2F8F-A16C-4588-7EE35F4653B7
2315	5291F33A-330E-2755-6AF7-E3721213ABAA
2316	C2D31997-F79F-11EE-8655-04ED334DD7C0
2317	A6AFFB66-7BA8-4899-56DD-A0D5B303D844
2318	-246 862 22
2319	04C4AB51-A7B2-F4A0-F847-BC8E55BE6B02
2320	C2D2F282-F79F-11EE-9323-04ED334DD7C0
2321	-661 847 4
2322	859 -796 20
2323	618 -984 20
2324	622 -896 16
2325	456 -936 16
2326	30 -780 20
2327	E7CBD8EA-6BDB-4112-5C6E-D57023111B01
2328	-572 -734 -7.86739
2329	pfadb9bbe720652e4f_auto2108
2330	0 115.998 0
2331	5D529E41-2DCF-9409-EDB0-F6F9924B0F99
2332	C2D31995-F79F-11EE-BEEB-04ED334DD7C0
2333	hardpoint_vis_04
2334	0 174.993 0
2335	17914D0D-4A7E-56A4-0AF5-C5DE26D0C9D5
2336	32DDBAC3-3CCC-6B8E-8F68-4A0F52112543
2337	mp_tdm_spawn_allies_start
2338	ADBFCD87-7D22-493C-87EC-D341B1BA1291
2339	802 860 18
2340	3DEF835C-1236-734F-CAB2-274F4B3D0D1A
2341	C2DD7A77-F79F-11EE-88FE-04ED334DD7C0
2342	627 -642 14
2343	F404F110-9478-4762-BC65-136D9D481CD3
2344	51D0C820-92B1-15C8-B423-65A3858FE3F6
2345	C2D2F27C-F79F-11EE-A9AB-04ED334DD7C0
2346	91CD2994-E7AC-3052-B5FA-A2A6446B4DC9
2347	C2D5D8DE-F79F-11EE-90F8-04ED334DD7C0
2348	-50 568 20
2349	4374DE62-16D5-44DE-A026-0C47933B97C2
2350	0 203 0
2351	vfx_home_alt_toon_butterflies_01
2352	FBC8E680-9C63-6803-36F2-A1A43AA0B7A6
2353	-724 910 16
2354	C2D0F691-F79F-11EE-AEA6-04ED334DD7C0
2355	226 -48 24
2356	67B1798D-E065-6AB2-5E5C-183F8D41B7A3
2357	0 180.998 0
2358	0 64.9976 0
2359	6E55E0BD-56E8-1C8B-FA3C-5642C7FE31D8
2360	8F157DB4-2DEF-11EF-95CE-68545A904D17
2361	35387655-DA83-0DB5-9DED-E223CEB80B19
2362	C2CAB3DA-F79F-11EE-90D8-04ED334DD7C0
2363	C2DCDE31-F79F-11EE-88B3-04ED334DD7C0
2364	8D7C170B-7B3C-82C3-D145-92D319A67FAE
2365	-152 -414 20
2366	32D154BD-E1A7-47D0-01F6-85F8BC3E3F23
2367	C2D367BA-F79F-11EE-A30F-04ED334DD7C0
2368	E8FF6728-0C5A-4E7B-88DC-ABD7037E18D3
2369	C2D67527-F79F-11EE-B873-04ED334DD7C0
2370	C2D340A7-F79F-11EE-AEC1-04ED334DD7C0
2371	CFD06CDD-08D7-7962-8E3D-D7DB27309406
2372	-712 774 12.1905
2373	C2D144B7-F79F-11EE-8EF4-04ED334DD7C0
2374	C2DE16BD-F79F-11EE-80CB-04ED334DD7C0
2375	traversal_door
2376	C2D38ECA-F79F-11EE-932C-04ED334DD7C0
2377	C2D5D8E2-F79F-11EE-B324-04ED334DD7C0
2378	C2D8BF3D-F79F-11EE-B9F1-04ED334DD7C0
2379	pffa859cb7e5153b6d_auto2108
2380	FFB94856-132E-02AE-9514-741E0ABDCF6B
2381	B8C8E38F-E6B1-D40F-D235-DDCBCCA8D811
2382	C2C81B98-F79F-11EE-8B46-04ED334DD7C0
2383	0 107.799 0
2384	B6200489-E20E-470F-B706-BAFC653ED333
2385	720 -958 16
2386	vfx_home_alt_toon_blowing_sand_01
2387	C2D27D48-F79F-11EE-B994-04ED334DD7C0
2388	0300E93D-12D6-A95C-A9BF-25748609F6F5
2389	47EF2722-3943-E430-7799-3C1219468ACF
2390	0E76E6D3-52E8-9029-B6F0-3D079CA090CD
2391	0 14.9991 0
2392	854 -688 18
2393	F7C66359-823E-D1F0-1064-68F98C5003E5
2394	43B1883D-B9E2-DA8E-9921-016A4544CA51
2395	C2D8E653-F79F-11EE-8343-04ED334DD7C0
2396	-398 -834 -9.48396
2397	danger
2398	C2C7312C-F79F-11EE-A94D-04ED334DD7C0
2399	-16 -772 20
2400	4D3DB034-4A26-2509-D773-0767F03DB58E
2401	711 4 20
2402	655 950 9
2403	0 254 0
2404	0 175.998 0
2405	56E7D854-85BD-08BF-80A4-32DB7EFA9EDC
2406	604F592D-B1A1-A081-210C-ADFE1376C4EE
2407	0 243 0
2408	C2DE16C1-F79F-11EE-8DDE-04ED334DD7C0
2409	-578 -836 -27.8633
2410	C2D16BC6-F79F-11EE-9C58-04ED334DD7C0
2411	0 269 0
2412	C2D340AA-F79F-11EE-AC66-04ED334DD7C0
2413	CE23CCB0-7C6F-514E-FA91-2FFD798AABFD
2414	0 210 0
2415	C2C58366-F79F-11EE-9F50-04ED334DD7C0
2416	mp_ctf_spawn
2417	pf82b721fd407f7d13_auto2108
2418	-802 -860 -28
2419	F4A5E7FD-33FF-D675-6DE1-DED313B05F28
2420	C2CED394-F79F-11EE-B38D-04ED334DD7C0
2421	0 225 0
2422	7D6D9169-FFD4-D432-2FF6-E5AB2B3C534E
2423	2879170E-697F-80FE-6C1E-7F225D3D60B3
2424	0 44.9998 0
2425	404B8967-A5FF-EA84-2E57-A56276FDD59E
2426	C2D22F22-F79F-11EE-BC84-04ED334DD7C0
2427	8F157D99-2DEF-11EF-95CE-68545A904D17
2428	20F8ECC0-2498-E0E8-46BC-DFE0FC880F22
2429	627.5 -962.5 2
2430	72700B18-961F-AA85-C3DE-A062C894F1E5
2431	C2D31993-F79F-11EE-9BB5-04ED334DD7C0
2432	2B5B92E8-9381-FA4E-00AA-5434EF9DCAE0
2433	31888A37-F709-DB8C-10A6-06376323E36E
2434	pf9b8e8a71fa439ff2_auto2108
2435	D4100486-3518-762A-DF6A-2C87BB78E35F
2436	0 9.99996 0
2437	C2D90D61-F79F-11EE-897A-04ED334DD7C0
2438	FF7CF709-4C52-CBAD-80D2-26E64591D0ED
2439	C2D403FC-F79F-11EE-8B56-04ED334DD7C0
2440	E1A3374C-12F9-7616-7A1A-0654EAA2459B
2441	1EAD9C5A-8953-9E5E-A441-B5EF8F58075F
2442	53211A89-7A50-FB99-31F1-88932D5A45DB
2443	391574C2-C35F-A98F-99B4-ACEC7CCE7A7A
2444	C02A41FF-FCF5-CD40-9BDC-42B7BB5CDD75
2445	C2C646C5-F79F-11EE-A5D4-04ED334DD7C0
2446	mp_dom_spawn_axis_start
2447	D926FABB-DFC6-C3B9-AE58-2FCB9C2108F2
2448	-780 -402 10.4779
2449	C2D9829C-F79F-11EE-81A2-04ED334DD7C0
2450	44E632BD-247B-A7FC-6599-CF960FB113BE
2451	0 173 0
2452	FE3ADFE2-01F9-6696-63E7-85D9BD2D610D
2453	C2C70A18-F79F-11EE-8B2A-04ED334DD7C0
2454	8E4DE3CC-A8E8-738C-8D60-3DFBB42A01FD
2455	E3BEC471-6E1A-8AA1-AEBC-73B65DF42BFC
2456	C2C6E30D-F79F-11EE-A858-04ED334DD7C0
2457	C2C66DCF-F79F-11EE-9C63-04ED334DD7C0
2458	-790 -862 -28
2459	08233949-4392-B0A9-0181-E872A2BB24F0
2460	0 52.9986 0
2461	C2DD053B-F79F-11EE-AEE6-04ED334DD7C0
2462	C2D8982B-F79F-11EE-AE8F-04ED334DD7C0
2463	C2C81B9B-F79F-11EE-AEDF-04ED334DD7C0
2464	pf886c24d1ee14ef4_auto2108
2465	EFA94D66-DFE3-5456-F25F-6C1454CB3B5E
2466	C2D403FE-F79F-11EE-8B72-04ED334DD7C0
2467	F39B10A3-0B81-D360-221B-7A7580EBAD7F
2468	-717.5 356 20
2469	AB7CC745-DB69-EC80-59CE-FF3A872F3B9A
2470	C2C5D18C-F79F-11EE-B779-04ED334DD7C0
2471	F8C6938C-6E87-8D5D-E5E7-80095400EF7B
2472	0 184.998 0
2473	9A7A8B5F-AE4F-80EB-20E9-31235485C854
2474	256 -278 24
2475	C2DDA187-F79F-11EE-967D-04ED334DD7C0
2476	0 144.998 0
2477	vfx_home_alt_toon_sun_lensflare_01
2478	35D8730B-98D3-D6AC-D382-C26F48452ACB
2479	0 85 0
2480	pffb68158f57741dc9_auto2108
2481	-308 276 24
2482	A95D0AA2-4E21-14C8-1FFB-A668A45F8941
2483	852 -516 16
2484	-9280 8320 0
2485	0 270.253 0
2486	EF52A005-F4B8-7A86-3400-646FA05FC1AC
2487	808 444 16
2488	224 -38 42.8791
2489	-722 580 24
2490	C2C77F58-F79F-11EE-A486-04ED334DD7C0
2491	C2C61FAC-F79F-11EE-9ED1-04ED334DD7C0
2492	-2 840 20
2493	ACA129E9-430E-172F-E1E3-6DD797B13126
2494	BB027026-D94F-5E4D-2EFC-54EDE7A3132A
2495	0 59.9989 0
2496	0 59.9983 0
2497	-638 -356 17.8998
2498	C2D08162-F79F-11EE-A7CA-04ED334DD7C0
2499	4A6DDD12-6A13-0BF5-18C4-501FE416F2C2
2500	FE41C2F8-256C-F690-F773-694F7833596F
2501	716 925 20
2502	c1
2503	38D40FB2-A0AA-567B-06AD-FA8808014D8A
2504	C2C7F489-F79F-11EE-B1A1-04ED334DD7C0
2505	-800 -626 -12.7124
2506	A0243E61-7436-8540-553F-76351E7F8C01
2507	C2D367B5-F79F-11EE-8D32-04ED334DD7C0
2508	7AC20BF5-4AAD-E0F9-0E45-19CAD97E51D5
2509	6CA13861-AD5B-56F0-F26C-901A949BD8AA
2510	BDF0D43A-1E09-B2D0-7C9D-EBF052BBC03F
2511	39F82051-798D-31B8-647C-3B8366F138A1
2512	5A21556B-6D6C-873C-B91A-299240A280D5
2513	D1F4FD02-40B9-784C-4DAC-2782F5F1A3BE
2514	C2D08163-F79F-11EE-8DFD-04ED334DD7C0
2515	5E7DD3A1-79BA-17F3-2C81-AC57B5347791
2516	C2D98294-F79F-11EE-949F-04ED334DD7C0
2517	C2D4A04E-F79F-11EE-9A35-04ED334DD7C0
2518	-584 914 20
2519	pf5c2ab972d4946c48_auto2108
2520	C2C61FB2-F79F-11EE-ACD2-04ED334DD7C0
2521	C2D40404-F79F-11EE-AE1E-04ED334DD7C0
2522	DA4FC1B3-31F5-400D-1441-1509C38E242C
2523	C2D62709-F79F-11EE-963D-04ED334DD7C0
2524	16C547B2-DD0E-BB94-7A6F-77EB0346754D
2525	C2C66DD3-F79F-11EE-812C-04ED334DD7C0
2526	-730 904 20
2527	mp_warrior_spawn_allies_start_ds
2528	C2DD2C52-F79F-11EE-B29A-04ED334DD7C0
2529	440 -306 20
2530	BD1FD2BB-51E8-4948-31ED-418FA3135756
2531	C2D45228-F79F-11EE-A70A-04ED334DD7C0
2532	8850347D-9D42-21C3-38CD-D370E6603DA0
2533	EA790763-3A30-4846-EEDF-8FB7EB1711FA
2534	-184 -412 20
2535	382 -876 16
2536	-312 -256 32
2537	C2C3FCB3-F79F-11EE-B5E0-04ED334DD7C0
2538	C6369411-DADC-0A55-0396-01685E1359BE
2539	F910ADE2-351C-86EE-F39E-AF2A92656A2F
2540	C2D38EC3-F79F-11EE-9522-04ED334DD7C0
2541	478 -948 16
2542	0 106.751 0
2543	-580 912 20
2544	-624 914.5 28
2545	pf1ce4d6d761d32025_auto2108
2546	0 169.998 0
2547	C2D95B83-F79F-11EE-AF5A-04ED334DD7C0
2548	-716 -858 -28
2549	360 454 20
2550	774 -194 12
2551	637 -890 2
2552	0 202 0
2553	8EE25961-CB5E-9174-D73C-AFCA5105C225
2554	C2DBA595-F79F-11EE-99B2-04ED334DD7C0
2555	466 -314 20
2556	mp_arena_spawn_allies_start
2557	8F157D84-2DEF-11EF-95CE-68545A904D17
2558	-672 -856 -28
2559	-326 -544 16
2560	default
2561	-188 -790 4
2562	E595BB10-0667-78A5-3BD4-7D522F06AE78
2563	A13D5A3E-8103-E5B5-3828-926A94D47FEE
2564	FEB11E6C-DCE8-66AA-7360-4DF190A5A9AA
2565	1885815E-3AC8-4908-B2C2-F21F0324A569
2566	C1981934-8E4B-07F3-DF70-0674A28B6EA9
2567	658 -956 16
2568	C2D0CF86-F79F-11EE-9D5B-04ED334DD7C0
2569	907210B9-6AA7-6E23-F270-28C396812B3B
2570	pfc26dcfadec14917a_auto3
2571	C2C7CD79-F79F-11EE-8099-04ED334DD7C0
2572	C2D11DA3-F79F-11EE-807B-04ED334DD7C0
2573	0 178.397 0
2574	C2D8BF3B-F79F-11EE-874E-04ED334DD7C0
2575	423 923 26.0473
2576	C2D69C3F-F79F-11EE-9A08-04ED334DD7C0
2577	explode_left_90
2578	C2CF96EE-F79F-11EE-A5CB-04ED334DD7C0
2579	1E269A8D-0E61-0755-2F24-96083108D31A
2580	567 -903 2
2581	558957AA-7A24-F470-C5D1-89E01B5BC7D0
2582	C2D2081A-F79F-11EE-A59D-04ED334DD7C0
2583	A94F1CF7-C3D4-E1A1-288A-13B124C037FC
2584	CC4F0ED0-4DFA-9BE3-AE04-1B5739FA75CE
2585	C2DE64E2-F79F-11EE-862C-04ED334DD7C0
2586	C26A43ED-45A1-BF0B-C4E2-0462160860C8
2587	0 18.9995 0
2588	16051BF2-E519-767D-5FB3-398E92D39329
2589	C2D90D60-F79F-11EE-A940-04ED334DD7C0
2590	0 269.532 0
2591	0 100 0
2592	C2D340AB-F79F-11EE-B1F8-04ED334DD7C0
2593	3CEAA235-358C-A728-FDC8-4C3597D0BA13
2594	37479C2C-656C-D28A-D5C4-E00582BFC73E
2595	0 14.9979 0
2596	284 772 16
2597	330 -208 32.8717
2598	-616 -858 -25.7718
2599	-636 142 20
2600	-398 -834 -1.48396
2601	DB2F92E7-3A41-AA99-E04B-6FBE4B6FBB3F
2602	jup_toy_rubber_duck_01
2603	C2D16BCB-F79F-11EE-9020-04ED334DD7C0
2604	798 574 16
2605	C2D0CF88-F79F-11EE-8130-04ED334DD7C0
2606	0 252 0
2607	C2DD053D-F79F-11EE-B7C9-04ED334DD7C0
2608	9F68B309-09AE-BDE4-8CD0-98F6B4374602
2609	3CC7C37C-E140-5573-DC96-E4BDAEE06A9E
2610	-432 380 20
2611	371 937 16
2612	43CECF10-ADF1-2FDF-AC83-8BD8D1B9AFF4
2613	0 300 0
2614	F2068A47-40E2-6214-9913-B8BA576F338F
2615	517 -34 24
2616	C2C7CD7D-F79F-11EE-8F25-04ED334DD7C0
2617	23678881-0935-6ED9-5279-2A5AE7949647
2618	FB27495A-8607-065F-986F-787C60809D39
2619	796 784 20
2620	pf7d52cafeaa851cff_auto2108
2621	610 -884 16
2622	C2D1E102-F79F-11EE-AEAE-04ED334DD7C0
2623	2933738C-D8BE-0832-D792-B22D8C1D3D4B
2624	D8C23747-6E9D-413B-ABFF-97DDA209FE26
2625	C2D6EA5B-F79F-11EE-8BE0-04ED334DD7C0
2626	27E26643-C1DE-531E-EFF0-2B2D915911B3
2627	427D7709-631C-7A24-686C-256B200D680A
2628	562 958 18
2629	718 923 20
2630	C0CFC2E5-E768-EE63-DBDB-A1EDFD3C46ED
2631	0 133.799 0
2632	C2D5D8DF-F79F-11EE-82AB-04ED334DD7C0
2633	C2D6752A-F79F-11EE-AC27-04ED334DD7C0
2634	0 301.2 0
2635	-634 220 22
2636	C2CC88B2-F79F-11EE-9DFA-04ED334DD7C0
2637	C2D8E64D-F79F-11EE-A3A4-04ED334DD7C0
2638	F533CB97-938E-6949-1774-8B0A11622C24
2639	400DA641-A549-F0C3-2860-8964C9C92297
2640	pf99c5d60866b21376_auto2108
2641	72712A56-3A2C-1362-3E5F-D7119E3A3CA1
2642	C2C5D188-F79F-11EE-9E30-04ED334DD7C0
2643	-748 -164 25.023
2644	0 64.9999 0
2645	E4B33187-1A7B-0D93-12A7-63311FACE4F4
2646	-150 -592 31.9821
2647	820 -939 2
2648	0 357.997 0
2649	C466E023-8370-8717-3816-E547A98FAD3C
2650	vfx/jup/level/mp_jup_home_alt_toon/vfx_home_alt_toon_blowing_sand_01
2651	318 352 24
2652	C2D11DA2-F79F-11EE-B37A-04ED334DD7C0
2653	1211DA06-3636-6D41-0CE0-F9F83ED5E3E4
2654	761 -874 2
2655	775FBF2A-3BF6-9EA9-1B79-F01AB229ED13
2656	B27CA70B-B562-C94A-9776-69EF1446978D
2657	C2D42B0F-F79F-11EE-8992-04ED334DD7C0
2658	16C62884-759D-F632-7B65-3C5D18E8EE1D
2659	E4CA3812-0CC9-A5FA-52AD-5C994A6EEF19
2660	vfx/jup/level/mp_jup_home_alt_toon/vfx_home_alt_toon_blowing_ground_dust_01
2661	519 -656 12
2662	0C32EB24-8AEA-75A2-656C-4136922EAF57
2663	0 153.999 0
2664	C2D2F27F-F79F-11EE-8380-04ED334DD7C0
2665	8F157DBA-2DEF-11EF-95CE-68545A904D17
2666	D683D927-6CC2-F9B3-CF46-F894948F970F
2667	C2DD0541-F79F-11EE-A9AA-04ED334DD7C0
2668	0 284.749 0
2669	9075C40F-85AB-B3FB-30F9-4B5C62633155
2670	-250 364 16
2671	C2C58364-F79F-11EE-A9ED-04ED334DD7C0
2672	C2C9542C-F79F-11EE-B75D-04ED334DD7C0
2673	EAB7CD05-E5AE-FCA3-4D8E-A400504339FF
2674	C2C55C51-F79F-11EE-8F22-04ED334DD7C0
2675	0 19.9979 0
2676	-733.5 384 20
2677	0FC1EEBC-A3BE-38A1-2153-CD03AEAA5D6A
2678	C2C5D185-F79F-11EE-A584-04ED334DD7C0
2679	7A306413-6890-E035-EF2C-E78731A1CF27
2680	154 -796 18
2681	C2D9A9AF-F79F-11EE-B095-04ED334DD7C0
2682	E8616D3F-0A6D-27BF-E429-DA3AEFF87F8F
2683	C2D22F24-F79F-11EE-8714-04ED334DD7C0
2684	748 324 20
2685	0 235 0
2686	lm_cash_stack_pile_md_01_destr
2687	jump_down_40
2688	jump_down_80
2689	C2D27D4A-F79F-11EE-81CD-04ED334DD7C0
2690	-762 -332 4.97511
2691	C2C4E71A-F79F-11EE-AE10-04ED334DD7C0
2692	25B1D23B-F724-DD4B-9868-DC1111FD7427
2693	C2D16BC9-F79F-11EE-BD98-04ED334DD7C0
2694	386 458 20
2695	C2DB3066-F79F-11EE-B9BB-04ED334DD7C0
2696	690 -896 16
2697	832 -414 18
2698	-295 839 16
2699	E78AA1D2-64BC-A8FE-ACB0-EFA54312C5ED
2700	C2CD4CD9-F79F-11EE-9B1E-04ED334DD7C0
2701	-338 900 22
2702	C2DE64E8-F79F-11EE-BBC5-04ED334DD7C0
2703	C2D42B12-F79F-11EE-9EEF-04ED334DD7C0
2704	C2D64E16-F79F-11EE-96AF-04ED334DD7C0
2705	670 -972 2
2706	C2C646C6-F79F-11EE-B716-04ED334DD7C0
2707	9CA3026F-DADC-2C65-9D34-0DDE4C06AD6A
2708	F3D7CED1-5614-5FBA-6F9D-FD0665D82764
2709	55A6F183-D65E-C6B8-BC13-54EE2A8C0A50
2710	614 -968 16
2711	C2DEB30B-F79F-11EE-B62D-04ED334DD7C0
2712	A9065B36-7F9A-D71F-CFE6-BBC484015E16
2713	0 131.999 0
2714	0 92.3907 0
2715	pf4a08579f934a9e95_auto2108
2716	913EEBF1-9E52-DDFB-EA14-F81DAE50785F
2717	0 196.994 0
2718	C2D5B1CD-F79F-11EE-94B2-04ED334DD7C0
2719	0 89.9978 0
2720	C2DB5770-F79F-11EE-8E08-04ED334DD7C0
2721	0 105 0
2722	pfd978bb20548d44e9_auto2108
2723	C2DB7E8B-F79F-11EE-AB92-04ED334DD7C0
2724	noise
2725	6A9E0DF5-1CDB-1702-442D-107085C2AFBA
2726	C2D5FFF5-F79F-11EE-B4E7-04ED334DD7C0
2727	50363F72-1ECD-2D4E-A3A2-6BA580C4AD2A
2728	BA8279A5-E24E-42FD-70B2-A7B6831B107D
2729	C2D47934-F79F-11EE-81FB-04ED334DD7C0
2730	C2C694E6-F79F-11EE-B27B-04ED334DD7C0
2731	965801FE-27CF-8633-CB41-39D7FA8D3CC3
2732	C2DD5364-F79F-11EE-95CC-04ED334DD7C0
2733	C2C7A96F-F79F-11EE-8D7E-04ED334DD7C0
2734	explode_right_90
2735	-438 280 22
2736	C2DEB30E-F79F-11EE-BF72-04ED334DD7C0
2737	-658 834 16
2738	C2DDEFB0-F79F-11EE-B140-04ED334DD7C0
2739	FB9D1601-C880-3328-2AFB-84B99393CD96
2740	C2C77F53-F79F-11EE-8B6C-04ED334DD7C0
2741	-352.5 834.5 28
2742	0 2.99662 0
2743	-312 -40 20
2744	0 316.8 0
2745	2B2FBAFC-82D2-536F-43D2-4C8AD48DC138
2746	F5C4DDBA-54E5-F39C-8941-726AA15101E1
2747	F248E4C6-DB90-8764-9E09-C5DC4AFF2CB6
2748	C2DCB71F-F79F-11EE-850D-04ED334DD7C0
2749	0 304.999 0
2750	FF465FF3-F75D-CF49-D3F2-D711C6A81270
2751	0 264 0
2752	4D134616-5194-19CD-7CEC-1134B7B36CA2
2753	-434 363 20
2754	-505 919 28
2755	C2C7CD74-F79F-11EE-934F-04ED334DD7C0
2756	-303 -39 20
2757	pfeb9c1fafab117bbb_auto3
2758	474FC677-9651-9799-5C3D-490593212180
2759	E397AB4B-A3FB-C41F-9008-8F9B370C9BB7
2760	0 228 0
2761	856 -596 20
2762	C2DDA18C-F79F-11EE-A0EA-04ED334DD7C0
2763	D1F85909-F9DF-D195-AAC5-5A5774928D80
2764	512 -980 20
2765	C2D0F68A-F79F-11EE-BE9A-04ED334DD7C0
2766	C2C75844-F79F-11EE-AB53-04ED334DD7C0
2767	-332 926 20
2768	120 648 32.53
2769	7E230AF6-7558-0CF7-AE2C-2404E4AD17BF
2770	6336337D-2EFC-1927-1069-8D0D2184F1F2
2771	C2DB3063-F79F-11EE-8CCD-04ED334DD7C0
2772	C2D144B8-F79F-11EE-AF79-04ED334DD7C0
2773	C2C3AE8B-F79F-11EE-9681-04ED334DD7C0
2774	0 76.991 0
2775	8F157D81-2DEF-11EF-95CE-68545A904D17
2776	C2CEAC85-F79F-11EE-81F6-04ED334DD7C0
2777	569EC71F-B2EA-0003-78D5-5B646588D966
2778	C2C7F487-F79F-11EE-A6AE-04ED334DD7C0
2779	-50 -648 18
2780	596 -187.5 25.1943
2781	C2C5AA78-F79F-11EE-BFA0-04ED334DD7C0
2782	8F157DB1-2DEF-11EF-95CE-68545A904D17
2783	pf6c1773dde8da4099_auto2108
2784	-728.5 919 28
2785	DCDE38F3-97CD-D872-57A3-5E44959D1C25
2786	5A8F89F6-2CAC-7DEE-8911-A82DA536F031
2787	-652 -848 -28.0646
2788	802 876 16
2789	0 209.999 0
2790	mp_control_spawn_defender_start
2791	C2DEDA20-F79F-11EE-9137-04ED334DD7C0
2792	802 904 16
2793	9CC038BA-843C-1090-8F3C-FC1E22D3C66F
2794	-564 915.5 28
2795	-786 -752 -28
2796	C2D2CB67-F79F-11EE-A834-04ED334DD7C0
2797	802 400 20
2798	C2D69C3E-F79F-11EE-A096-04ED334DD7C0
2799	-448 906 20
2800	E70F2163-D02D-6B13-12EA-36E9B60F4949
2801	C2C77F55-F79F-11EE-96C5-04ED334DD7C0
2802	-40 440 12
2803	pf878ec7a9d3739fc2_auto2108
2804	C2D16BC8-F79F-11EE-9841-04ED334DD7C0
2805	0 189.998 0
2806	2AEB502C-9983-4DEE-9DF3-F28B18927B93
2807	mp_rugby_spawn_axis_start
2808	AE63B4FA-5E7A-218C-8702-A7E66434D2E6
2809	F9608337-7A76-8C56-67A7-23CBD4D17C56
2810	mp_koth_spawn_allies_start
2811	ACB861C4-1FA6-50EF-33C6-B6F5E6FA5D2A
2812	pf1208ef92ad17140b_auto2108
2813	792A04AD-81C6-8DCA-4BD9-E6906462EE3B
2814	2CA8F638-A8BF-004C-C4F6-464CCB4AF1EA
2815	-228 354 32
2816	852 -900 16
2817	9730A63B-E10B-7668-FD15-44822DB65FF5
2818	1C1F2F59-74D6-3580-8BCA-5BF12913ED88
2819	C2DBA596-F79F-11EE-962D-04ED334DD7C0
2820	C2C6E30F-F79F-11EE-932E-04ED334DD7C0
2821	2024608C-87D8-88F9-68D3-858F227B1F61
2822	C2DE8BF4-F79F-11EE-A013-04ED334DD7C0
2823	frozen
2824	C2D2F27E-F79F-11EE-8013-04ED334DD7C0
2825	-652 912 20
2826	C2DD7A78-F79F-11EE-B3D4-04ED334DD7C0
2827	870 -740 16
2828	C2D0CF81-F79F-11EE-A66E-04ED334DD7C0
2829	-800 -732 -36.3636
2830	C2C38779-F79F-11EE-9084-04ED334DD7C0
2831	53744196-81F5-AF67-A2DA-AB6353E70409
2832	0 275.132 0
2833	E436046F-EDA7-3F08-D1FC-B9CA275534D3
2834	C2C5F89C-F79F-11EE-BEE8-04ED334DD7C0
2835	C2D62703-F79F-11EE-AB21-04ED334DD7C0
