   1	144 64 -184
   2	B9A55D18-8424-11EC-BB30-9CFCE8C5962F
   3	AB91717E-38C9-11ED-BB47-9CFCE8C5962F
   4	-1032 -424 -152
   5	-1040 -408 -168
   6	B9A55865-8424-11EC-BB30-9CFCE8C5962F
   7	43D31AB6-3781-B971-6C24-8473470385BA
   8	71519F3E-7409-3483-8D8C-1C3101C2546F
   9	BFAFF62A-A270-8622-2792-8F54D30C5E08
  10	0373E8C2-F75B-8106-A083-93B5AFE01D27
  11	95B924B2-2A19-85F8-EEE0-892DE5F2B34C
  12	E84E544A-1F38-0DBF-975A-7A9153780688
  13	B9A55A7E-8424-11EC-BB30-9CFCE8C5962F
  14	F4EB2250-C84E-623E-B340-E47F8D5643CA
  15	CD4142F8-3F12-11ED-BB47-9CFCE8C5962F
  16	-1120 152 -168
  17	B9A5565B-8424-11EC-BB30-9CFCE8C5962F
  18	-79 -811.039 -152
  19	14 -874.039 -148
  20	scriptable_boat_life_saver_01
  21	F8EF9B7D-3229-DA8D-BA26-5C3F48C6D765
  22	0 120 0
  23	B9A55982-8424-11EC-BB30-9CFCE8C5962F
  24	95DC166D-2066-3480-D9E5-9B784A393ED8
  25	DA82B465-7409-D4CF-43D1-A80418BDC7C5
  26	B9A557AE-8424-11EC-BB30-9CFCE8C5962F
  27	0 285 0
  28	9ED8FCCE-B5BE-28F9-F518-195FC9EECB5D
  29	0B816AC4-5BFB-DDCC-71F2-105F8C34BFFE
  30	B9A555EC-8424-11EC-BB30-9CFCE8C5962F
  31	EC48F444-0794-584F-3DE0-D8E8DE377007
  32	681CB5F9-82D1-C245-37FE-39D141D03893
  33	D9D1BA0B-B4E5-90D6-6D4D-492FBFF8B74A
  34	B9A55676-8424-11EC-BB30-9CFCE8C5962F
  35	pf42afd0670631c822_auto15640331059876294670
  36	5FE4FA4A-3011-1223-7F3F-36FB3EBCCE4D
  37	B9A55CBB-8424-11EC-BB30-9CFCE8C5962F
  38	E84A8472-A3C2-0A6A-B0C8-EDE1EA3426B0
  39	B9A55A24-8424-11EC-BB30-9CFCE8C5962F
  40	BA36C9C5-C623-D74B-86FA-3733FD313448
  41	-100 -288 -168
  42	B9A55B9B-8424-11EC-BB30-9CFCE8C5962F
  43	D58E749B-18B9-ADCB-8BF8-EE5F19B03027
  44	2616A62A-3CED-33AD-6284-E2B8AFAEFECF
  45	-1088 -824 -168
  46	hardpoint_4_chevrons
  47	mp_dd_spawn_attacker_start
  48	0 -24 -168
  49	B9A55CAC-8424-11EC-BB30-9CFCE8C5962F
  50	B9A559A9-8424-11EC-BB30-9CFCE8C5962F
  51	B9A55D12-8424-11EC-BB30-9CFCE8C5962F
  52	-72 -882 -164
  53	920514F3-0981-C999-4683-4F8B95878362
  54	mp_dd_spawn_defender_b
  55	mp_control_spawn_attacker
  56	49 -791.039 -160
  57	753B73A3-A139-C353-3841-342218E2C664
  58	B9A55856-8424-11EC-BB30-9CFCE8C5962F
  59	29418CF4-1262-5A54-3012-D43EAA2636FC
  60	57105024-D6C6-505C-89E5-AD2BFADD86FB
  61	B9A55748-8424-11EC-BB30-9CFCE8C5962F
  62	6508148D-070C-4A5A-8256-1EA983D554BF
  63	0 90 0
  64	64CF169B-A01E-EFF0-668D-097FE050D34C
  65	556A7EF8-27D1-6DCB-136D-1E1F2F5E8105
  66	B9A55AF6-8424-11EC-BB30-9CFCE8C5962F
  67	-1116 340 -160
  68	-862 306.039 -176
  69	B9A552DA-8424-11EC-BB30-9CFCE8C5962F
  70	B9A556AF-8424-11EC-BB30-9CFCE8C5962F
  71	mp_dd_spawn_attacker_b
  72	B9A55838-8424-11EC-BB30-9CFCE8C5962F
  73	0 45 0
  74	816D8220-7D2E-D03E-8AE1-A0DC76148DC0
  75	B9A55D1B-8424-11EC-BB30-9CFCE8C5962F
  76	mp_dom_spawn_secondary
  77	-1012 228 -180
  78	AB91716F-38C9-11ED-BB47-9CFCE8C5962F
  79	B9A55BAD-8424-11EC-BB30-9CFCE8C5962F
  80	88 -872 -176
  81	7A0ED0E1-2637-5C4E-091B-FE963B1B63E5
  82	-680 432 -160
  83	36D89D75-5F43-D606-AC4A-4C064075E706
  84	0 141.798 0
  85	DF636067-0C13-6196-43A1-9D3162C24F2D
  86	-1120 -752 -184
  87	ABB99EB5-FBEA-8FA8-922A-9BD7E37388FB
  88	-488 352 -172
  89	0D2F6C0D-1FEC-D934-BC30-45FD159141D0
  90	B9A55D24-8424-11EC-BB30-9CFCE8C5962F
  91	B9A551BC-8424-11EC-BB30-9CFCE8C5962F
  92	F7900699-44CB-7369-7BA7-D66A1FBF70D6
  93	44408BB4-F94C-8E39-C490-ACF1066815BB
  94	B9A55AED-8424-11EC-BB30-9CFCE8C5962F
  95	136 -517 -168
  96	B9A558FB-8424-11EC-BB30-9CFCE8C5962F
  97	B9A559D9-8424-11EC-BB30-9CFCE8C5962F
  98	E88C95DA-C367-B90B-3B74-FA1EB9B7E54B
  99	B9A55970-8424-11EC-BB30-9CFCE8C5962F
 100	45616A71-0906-E8A4-1BC9-64ADB99EA356
 101	mp_dm_spawn_start
 102	0 104.999 0
 103	B9A551C2-8424-11EC-BB30-9CFCE8C5962F
 104	E5C09650-A8E4-FD4A-6175-5E91611346A1
 105	-184 448 -160
 106	148 -6 -164
 107	8864C566-86FF-7D36-04DC-AFD986A287C2
 108	mp_rugby_spawn_axis_secondary
 109	0FC61CAF-3FC7-11ED-BB47-9CFCE8C5962F
 110	4C4DF29F-4DF6-BCAB-0FE9-E9D92C6F9EB2
 111	2A503951-CC92-89E7-9687-0929BEEB2AD1
 112	16534F2E-3FC7-11ED-BB47-9CFCE8C5962F
 113	B9A55C4C-8424-11EC-BB30-9CFCE8C5962F
 114	F2F3F9B9-5F3D-09FF-9DA2-005B979D2244
 115	mp_dom_spawn_allies_start
 116	-924 440 -180
 117	mp_arena_spawn_axis_start
 118	1542F9E9-4CA6-6765-2D47-A5D364E9231A
 119	C045EA8F-9933-E447-622A-9484B6B69BAF
 120	B524FA87-A77D-C0AB-4386-77F0B6758674
 121	B9A55223-8424-11EC-BB30-9CFCE8C5962F
 122	FB73CEF2-3F12-11ED-BB47-9CFCE8C5962F
 123	79FD837E-EC6E-2E22-BEC7-72CA02156D86
 124	94851629-3773-BF07-43F9-A76C93C3975B
 125	-467.5 362 -176
 126	B831608F-F3F4-501D-8EFA-7AA342280E4A
 127	B9A55214-8424-11EC-BB30-9CFCE8C5962F
 128	7E39BE23-0DBF-D8C0-E15C-97E1EF7A437A
 129	755A8386-8A6A-AD48-E382-5E0DD304F71F
 130	B9A55BEF-8424-11EC-BB30-9CFCE8C5962F
 131	4C619399-FAAC-5D28-EB47-487EA3662580
 132	68 -780 -176
 133	24F51BB4-5DF2-85A0-83DB-BE34DE52D2AB
 134	37B38E0C-9420-05D9-39E0-09124E01515A
 135	C6E0D989-43B8-11ED-BB48-9CFCE8C5962F
 136	B9A55274-8424-11EC-BB30-9CFCE8C5962F
 137	B9A5580E-8424-11EC-BB30-9CFCE8C5962F
 138	B9A55C19-8424-11EC-BB30-9CFCE8C5962F
 139	5
 140	B9A5520E-8424-11EC-BB30-9CFCE8C5962F
 141	2280DCDD-862D-6380-9310-E6D7FE5C8E3E
 142	46 -862.039 -160
 143	80 -616 -176
 144	86E57454-74E4-E32B-02B9-AD42C3785182
 145	88 -580 -176
 146	-960 -408 -168
 147	-1048 408 -176
 148	EDD005CC-501A-7DEE-50A9-D3FB6CFDD1E2
 149	78 -586.039 -160
 150	B9A55C46-8424-11EC-BB30-9CFCE8C5962F
 151	scriptable_p7_box_cardboard_c_closed
 152	B9A55CD0-8424-11EC-BB30-9CFCE8C5962F
 153	B9A55B1D-8424-11EC-BB30-9CFCE8C5962F
 154	-976 448 -160
 155	26313111-719C-AB70-E876-968239ACF550
 156	6C6AEA17-1BD7-3A7B-B652-84E1F1C4A277
 157	136 104 -168
 158	B9A55841-8424-11EC-BB30-9CFCE8C5962F
 159	8B831EFE-56B6-BC0D-0CE0-31AD685BF67D
 160	BC6C71AC-ACD2-7588-52CE-0DB4396CFAB0
 161	E7C95A52-E40F-F7EA-E8D1-61C2A4405965
 162	9879171E-C289-F7F5-F5A6-A6A9DE73D794
 163	30C13BFE-38CA-11ED-BB47-9CFCE8C5962F
 164	35D80433-E606-C096-DA4E-BAF95D80BD5D
 165	112 -304 -176
 166	C249FA84-B838-0968-6293-3D10D0C6E1E2
 167	67918632-F5CD-0528-20F0-B7CA9A74FF7C
 168	-136 -212 -168
 169	18EA6CDF-E2A6-80C1-5582-630635B12B16
 170	126 -850.039 -160
 171	B9A5590D-8424-11EC-BB30-9CFCE8C5962F
 172	120 -212 -168
 173	B9A556DC-8424-11EC-BB30-9CFCE8C5962F
 174	2A7F03FD-4A6C-EC57-F1D0-F221FC9F90F5
 175	512982B7-3B0F-0752-7C1B-B72371486EEB
 176	14 -878.039 -156
 177	87 -857.039 -160
 178	B9A551C8-8424-11EC-BB30-9CFCE8C5962F
 179	-1122 -662 -160
 180	pf42afd0670631c822_auto5519941529390199464
 181	B9A55D6F-8424-11EC-BB30-9CFCE8C5962F
 182	14549BB7-C851-8A8E-0348-7BF1C0D67316
 183	138 -658.039 -160
 184	B9A55637-8424-11EC-BB30-9CFCE8C5962F
 185	24 -410 -164
 186	E1EECA3C-CD9B-03AD-D438-2243AD54B8F6
 187	A963F0B4-3FB3-1288-1F7E-0A5BF6A8A1BB
 188	pf42afd0670631c822_auto1664687792563465433
 189	76.3008 -828.18 -172.007
 190	-976 140 -180
 191	152 194 -164
 192	B9A555E0-8424-11EC-BB30-9CFCE8C5962F
 193	0 15 0
 194	accessory_icicle_level_64_destr_chunk_02
 195	-1008 -856 -168
 196	132 -560 -184
 197	-1024 424 -180
 198	0 345 0
 199	0FC61CBE-3FC7-11ED-BB47-9CFCE8C5962F
 200	A4557B9A-C9F0-F420-6858-B329FE8E5354
 201	B9A552BF-8424-11EC-BB30-9CFCE8C5962F
 202	-1106 330.039 -176
 203	B9A55817-8424-11EC-BB30-9CFCE8C5962F
 204	136 192 -168
 205	B9A559A0-8424-11EC-BB30-9CFCE8C5962F
 206	B9A55745-8424-11EC-BB30-9CFCE8C5962F
 207	B9A55204-8424-11EC-BB30-9CFCE8C5962F
 208	-1016 440 -176
 209	B9A552F2-8424-11EC-BB30-9CFCE8C5962F
 210	152 -456 -160
 211	142 -611.039 -160
 212	axis_endzone_vis
 213	0 179.999 0
 214	fire_flicker_fast
 215	-116 -875.039 -160
 216	C2551832-E0AD-3317-3557-65173C1DBDBC
 217	CFED2509-8D28-D6A5-49B3-CAC8D3D0DF2F
 218	-456 360 -176
 219	108 432 -168
 220	B9A55BE3-8424-11EC-BB30-9CFCE8C5962F
 221	-1105.8 429.629 -168
 222	B9A55880-8424-11EC-BB30-9CFCE8C5962F
 223	F6C3FD02-E6CA-D5B6-2EDC-F80BD068B0D6
 224	B9A5574E-8424-11EC-BB30-9CFCE8C5962F
 225	B9A55808-8424-11EC-BB30-9CFCE8C5962F
 226	9C91A60D-8B3B-C137-381E-3D6C887B816C
 227	659DCCA1-9C4C-EB8B-BB7F-2C18417EBD59
 228	B9A558E3-8424-11EC-BB30-9CFCE8C5962F
 229	136 -474 -164
 230	91CCE178-DC87-0075-B331-288944D70B9C
 231	B9A55C01-8424-11EC-BB30-9CFCE8C5962F
 232	-71 -802 -184
 233	B9A55D1E-8424-11EC-BB30-9CFCE8C5962F
 234	B9A55B95-8424-11EC-BB30-9CFCE8C5962F
 235	0 55 0
 236	58 -802.039 -148
 237	B9A55697-8424-11EC-BB30-9CFCE8C5962F
 238	718D54A0-8681-4115-59F6-3983A6783301
 239	-1120 -592 -160
 240	mp_dd_spawn_defender
 241	B9A55D0F-8424-11EC-BB30-9CFCE8C5962F
 242	B9A55BEC-8424-11EC-BB30-9CFCE8C5962F
 243	-1117.8 309.629 -168
 244	B9A55D60-8424-11EC-BB30-9CFCE8C5962F
 245	B9A55640-8424-11EC-BB30-9CFCE8C5962F
 246	128 -764 -176
 247	
 248	06ACACB5-C7D4-2F43-6955-CF101EC8D8C0
 249	132A8CF0-6379-C148-2881-5F8B8B50496F
 250	49740C0F-806D-9834-EE5A-A16CC6D1A5B3
 251	64 -736 -184
 252	pf66bf8e6824a48309_auto2108
 253	B9A55643-8424-11EC-BB30-9CFCE8C5962F
 254	9142168B-E246-E499-A786-BCABF358E186
 255	hardpoint_2_chevrons
 256	B9A55328-8424-11EC-BB30-9CFCE8C5962F
 257	B9A55973-8424-11EC-BB30-9CFCE8C5962F
 258	B9A559FD-8424-11EC-BB30-9CFCE8C5962F
 259	84A831A6-3F12-11ED-BB47-9CFCE8C5962F
 260	-954 186.039 -176
 261	09FA62ED-04D9-8C20-55B2-8E8252683C5E
 262	mp_dm_spawn
 263	7CCFA909-3F12-11ED-BB47-9CFCE8C5962F
 264	134 -546.039 -152
 265	C425236C-64DB-FB7B-A690-85E6A16D95D0
 266	-1034 -872 -164
 267	-120 -868 -184
 268	B9A55BDA-8424-11EC-BB30-9CFCE8C5962F
 269	40 -872 -176
 270	B9A551EC-8424-11EC-BB30-9CFCE8C5962F
 271	B9A55AB4-8424-11EC-BB30-9CFCE8C5962F
 272	4DAC8739-2996-4D39-E627-E58FC884A280
 273	3097F41B-0897-B84A-0594-3B8731B9D77C
 274	-640 -872 -184
 275	B9A5522C-8424-11EC-BB30-9CFCE8C5962F
 276	B9A5592B-8424-11EC-BB30-9CFCE8C5962F
 277	134 -870.039 -156
 278	69724153-220D-2D9E-A402-B059B56F0F62
 279	-108 -304 -176
 280	4FD8B0BF-CBE9-2260-EDC0-6D4093DB0A45
 281	mp_rescue_spawn_defender
 282	B9A557E7-8424-11EC-BB30-9CFCE8C5962F
 283	EDBDFB2F-BA7B-5A34-4E8D-CB2F90A1AC46
 284	A6191AA1-35DF-8906-FD45-C9688A181797
 285	-1079.3 280.18 -180.007
 286	CF2ABC7C-229D-985D-D6AF-05D32BFF2716
 287	D57DF892-9896-459F-9F75-434C59BD9E65
 288	575CA5A1-046B-5809-7029-7F4297B3C9EF
 289	B9A558A4-8424-11EC-BB30-9CFCE8C5962F
 290	16 -408 -168
 291	scriptable_decor_gas_container_02
 292	2E6EB640-F810-1517-3E74-7B8A7299BC2D
 293	350CC5A4-9B33-4663-CED4-BCBA4B512C94
 294	-848 384 -184
 295	2528475A-E219-91F6-BB36-B3758B4AFBC9
 296	EE146713-66CC-4591-4248-DB4AD12F8D1B
 297	44CF275E-DAD8-0197-E2FE-450F49253996
 298	128 -48 -184
 299	B9A558DD-8424-11EC-BB30-9CFCE8C5962F
 300	B9A55826-8424-11EC-BB30-9CFCE8C5962F
 301	-48 -880 -168
 302	F3D38FC4-DEE1-4AE8-E459-B6DEFD602ECD
 303	7F88E291-8904-B118-DF57-7DC3B9CCA59F
 304	2
 305	-896 448 -160
 306	16534F1F-3FC7-11ED-BB47-9CFCE8C5962F
 307	-648 -840 -160
 308	140 -738 -164
 309	0A26815F-9E10-3F0B-25DA-56DC183BF5B2
 310	B9A557F9-8424-11EC-BB30-9CFCE8C5962F
 311	D55DA782-0653-AB3D-FDE3-2D83208159AE
 312	144 -672 -176
 313	9382348F-F5A7-AF9E-FB37-498BFB7E6CFE
 314	mp_dom_spawn
 315	-901.801 381.301 -168
 316	4B6B6D67-ECF9-B3CD-3724-DBDEF02DF2A8
 317	auto_mp_jup_shipment_xmas_cfx.map
 318	0FC61CCD-3FC7-11ED-BB47-9CFCE8C5962F
 319	E6BE38F7-38C9-11ED-BB47-9CFCE8C5962F
 320	B9A55646-8424-11EC-BB30-9CFCE8C5962F
 321	13768A2C-98AA-B648-845A-285242FA336F
 322	B9A55802-8424-11EC-BB30-9CFCE8C5962F
 323	98B86FA2-E310-CEB5-80FE-5E6568446527
 324	A06C1517-B874-CD7C-B350-C9FE8EF44437
 325	-894 362.039 -176
 326	B9A558E9-8424-11EC-BB30-9CFCE8C5962F
 327	559F7430-CEE5-DE49-9496-F82E68052D69
 328	-184 40 -160
 329	B9A55CF7-8424-11EC-BB30-9CFCE8C5962F
 330	6D26DBCA-F9F7-4F44-A2F1-116788428E3E
 331	104 -220 -168
 332	B9A55673-8424-11EC-BB30-9CFCE8C5962F
 333	3342BEA6-0715-DFEF-B42E-16717E26FFAA
 334	decor_gas_container_02
 335	6B540DAB-09FB-E04A-EAFF-B654130F078E
 336	B9A557BA-8424-11EC-BB30-9CFCE8C5962F
 337	-760 460 -160
 338	67CD03F2-48D3-8B1C-2A54-984DB1CA5513
 339	B9A5599D-8424-11EC-BB30-9CFCE8C5962F
 340	-1112 440 -160
 341	B9A55613-8424-11EC-BB30-9CFCE8C5962F
 342	B9A558B6-8424-11EC-BB30-9CFCE8C5962F
 343	4CC6C275-02CA-9116-75D4-349A4627A8BC
 344	-1112 -665 -160
 345	1F121F11-A347-689B-97E3-25E49351AC81
 346	B9A557B7-8424-11EC-BB30-9CFCE8C5962F
 347	85C33F5C-41E7-B0DA-4835-A39455F4180F
 348	7FB5EAE6-0879-EA21-1D2C-ECF92A9200A0
 349	B17AFACA-F6B0-529D-01CF-05CA02BC87B7
 350	B9A55895-8424-11EC-BB30-9CFCE8C5962F
 351	pf496fb380a65f86a4_auto2108
 352	7CF44037-C0D7-28BB-6291-BC8CF90BE468
 353	AB1BCD8C-FB76-B359-55E5-12999564EFAA
 354	-1088 -220 -176
 355	0 269.999 0
 356	-960 184 -176
 357	AB917192-38C9-11ED-BB47-9CFCE8C5962F
 358	E2F0F0C2-2652-B3D5-1456-81974055E85B
 359	660A5B36-3DD6-C37F-DD2B-0FB19A8EFCEE
 360	pf75dbeb231e4a8112_auto2108
 361	5527AEAB-C755-9EF6-A7A3-93B95C4DEBBB
 362	B9A5586B-8424-11EC-BB30-9CFCE8C5962F
 363	B9A556DF-8424-11EC-BB30-9CFCE8C5962F
 364	-304 408 -184
 365	B9A55AA2-8424-11EC-BB30-9CFCE8C5962F
 366	D50F27D4-38C9-11ED-BB47-9CFCE8C5962F
 367	B9A55D51-8424-11EC-BB30-9CFCE8C5962F
 368	-288 -880 -168
 369	B9A55CFA-8424-11EC-BB30-9CFCE8C5962F
 370	-944 392 -184
 371	B9A55C10-8424-11EC-BB30-9CFCE8C5962F
 372	B9A55604-8424-11EC-BB30-9CFCE8C5962F
 373	5DB18B47-43B8-11ED-BB48-9CFCE8C5962F
 374	B9A55C25-8424-11EC-BB30-9CFCE8C5962F
 375	B9A5598E-8424-11EC-BB30-9CFCE8C5962F
 376	E4EDC834-459F-544F-7D51-331AE62BF55A
 377	B9A557C0-8424-11EC-BB30-9CFCE8C5962F
 378	B9A55754-8424-11EC-BB30-9CFCE8C5962F
 379	4A851A2B-101D-893F-4BA9-F79B93FF79B4
 380	-1088 340 -172
 381	B9A555F5-8424-11EC-BB30-9CFCE8C5962F
 382	B9A5522F-8424-11EC-BB30-9CFCE8C5962F
 383	B9A55AC6-8424-11EC-BB30-9CFCE8C5962F
 384	B9A55AB7-8424-11EC-BB30-9CFCE8C5962F
 385	-744 464 -168
 386	C60441A8-B3A4-7C4A-289E-4F56BBAE62BE
 387	F8AFB212-5A42-D696-4591-05CE98BB67D7
 388	-1117.8 301.629 -168
 389	24233489-8010-EB8A-695D-A8CF7FB6228E
 390	AB251265-9E55-E43A-BCEB-C0ACFE401E1D
 391	-288 -864 -160
 392	B9A55976-8424-11EC-BB30-9CFCE8C5962F
 393	B9A552F8-8424-11EC-BB30-9CFCE8C5962F
 394	B9A55916-8424-11EC-BB30-9CFCE8C5962F
 395	-472 256 -176
 396	B9A55727-8424-11EC-BB30-9CFCE8C5962F
 397	E60A5256-5BF3-BEBF-0247-2D2637694A99
 398	B9A55778-8424-11EC-BB30-9CFCE8C5962F
 399	0 145 0
 400	6
 401	EACD7809-0517-F980-5352-CF03AB124AAD
 402	0 150 0
 403	5248D826-EC91-0C86-D2EA-5E75E07DC324
 404	B9A5564F-8424-11EC-BB30-9CFCE8C5962F
 405	B9A55736-8424-11EC-BB30-9CFCE8C5962F
 406	B9A55769-8424-11EC-BB30-9CFCE8C5962F
 407	-966 386.039 -176
 408	B9A5563A-8424-11EC-BB30-9CFCE8C5962F
 409	344AE2FB-77F8-5052-C504-210997E941A3
 410	B18AF2BD-D81E-172E-5738-EE8A56821D1D
 411	-1072 424 -176
 412	-34 -870.039 -160
 413	-1064 160 -176
 414	B9A55853-8424-11EC-BB30-9CFCE8C5962F
 415	-943.3 424.18 -180.007
 416	B9A5562B-8424-11EC-BB30-9CFCE8C5962F
 417	pf65287568556b44ee_auto2108
 418	B9A55D4B-8424-11EC-BB30-9CFCE8C5962F
 419	B9A55D33-8424-11EC-BB30-9CFCE8C5962F
 420	B9A55AE4-8424-11EC-BB30-9CFCE8C5962F
 421	-1112 264 -160
 422	B9A558BF-8424-11EC-BB30-9CFCE8C5962F
 423	0DD256E5-BF19-02F3-F8CB-12C8FAA317B2
 424	-914 442.039 -176
 425	-840 312 -176
 426	F5EF9B14-38C9-11ED-BB47-9CFCE8C5962F
 427	-1009.8 177.301 -168
 428	140 -872 -176
 429	B9A55A87-8424-11EC-BB30-9CFCE8C5962F
 430	B9A55CC4-8424-11EC-BB30-9CFCE8C5962F
 431	-1116 440 -160
 432	146 -522.039 -156
 433	-304 448 -160
 434	-1110 166.039 -176
 435	9FD79963-6B1F-A7AE-1E61-6BA4A4A1A7B7
 436	4D727E35-8108-9815-2BA4-B6FDDD0A823D
 437	768FB132-B130-D45A-E860-A36F32A8CE77
 438	B9A557A2-8424-11EC-BB30-9CFCE8C5962F
 439	B9A55D2D-8424-11EC-BB30-9CFCE8C5962F
 440	A6EE73F2-6CA6-0E58-74B8-0C39478D2D46
 441	B9A55295-8424-11EC-BB30-9CFCE8C5962F
 442	1E56FBF5-BD06-C344-50A5-4BB55BFE466B
 443	618F4CF8-6757-2AD6-D111-38F818D7C0D4
 444	-1040 404 -172
 445	B9A5595E-8424-11EC-BB30-9CFCE8C5962F
 446	-8 440 -184
 447	-72 432 -168
 448	B9A55B7D-8424-11EC-BB30-9CFCE8C5962F
 449	72 -740 -184
 450	03D3B985-E319-3902-AA0C-8D573CAC4BD6
 451	p7_box_cardboard_c_closed
 452	1B6F7025-6709-38C7-0AE5-A8E1189F5FB6
 453	519EEC45-060D-8B11-1F68-CEEE97A18CBF
 454	136 -523 -168
 455	144 192 -184
 456	B9A55A84-8424-11EC-BB30-9CFCE8C5962F
 457	FC28B676-0303-6FB9-D970-778BBAD60B92
 458	DF43407E-97BF-DAB7-DCF4-400AC661579C
 459	B9A55847-8424-11EC-BB30-9CFCE8C5962F
 460	C90F97AB-1D65-ABCA-A69F-84198BDECE60
 461	8B491B5F-F161-629A-DBFD-AF79E474604A
 462	mp_cyber_spawn_axis
 463	350C2476-BEA9-40AA-45F8-9609FD5BAE11
 464	B9A55CB2-8424-11EC-BB30-9CFCE8C5962F
 465	B9A55322-8424-11EC-BB30-9CFCE8C5962F
 466	B9A55715-8424-11EC-BB30-9CFCE8C5962F
 467	2004FA9F-7B8E-8D97-3D5C-F8514DBF37EC
 468	-888 -872 -168
 469	34DFC8DC-297B-21B2-370E-71398E2E5D98
 470	93BF6902-2BAB-C051-B0F7-F3777A6F4675
 471	-504 -872 -176
 472	-184 -882 -164
 473	B9A55AE7-8424-11EC-BB30-9CFCE8C5962F
 474	B9A55ACC-8424-11EC-BB30-9CFCE8C5962F
 475	0 315 0
 476	AE958CFE-7BDA-5542-853A-DAFBDD1F5EAA
 477	B7F9D380-FCFF-F327-BA3D-2AD2D9ECFC24
 478	B9A55874-8424-11EC-BB30-9CFCE8C5962F
 479	317A046F-8BED-C350-9EB2-BE4D5B18D06A
 480	B9A55B80-8424-11EC-BB30-9CFCE8C5962F
 481	-6 -798.039 -160
 482	-1082 154.039 -168
 483	18863235-56C5-8103-8E30-77F0B9CD43C9
 484	A8751038-9220-737D-6EAB-C9FDF194EABE
 485	DF301176-4B78-F211-40F3-68247AFEB9B8
 486	419882E0-15CE-9261-30D9-CF7D1B83E7AF
 487	B9A559FA-8424-11EC-BB30-9CFCE8C5962F
 488	B9A558CE-8424-11EC-BB30-9CFCE8C5962F
 489	1AFD305A-1678-F488-E2A3-01902DF6E317
 490	B9A55CA0-8424-11EC-BB30-9CFCE8C5962F
 491	-70 -813 -176
 492	hardpoint_5_chevrons
 493	03D62E15-0FC5-181C-DDF3-990D9F275DDC
 494	D343B971-41C9-D979-DD40-AB991EA21204
 495	-848 452 -160
 496	94 -870.039 -152
 497	-1105.8 421.629 -168
 498	D7B6B06F-515D-8685-2718-29AE00CBFFE4
 499	B9A557ED-8424-11EC-BB30-9CFCE8C5962F
 500	0 330 0
 501	E9069C7A-031B-333A-D3B9-6FCBF6488706
 502	1F8DB4D4-4AC4-D339-C29B-3BDA8220E6B3
 503	-1040 -472 -160
 504	4D4CFBC7-E539-A04A-F49B-4B37DE3E309A
 505	5937FA94-B681-0F43-338E-C9C807FFA0C5
 506	accessory_icicle_level_64_destr_chunk_04
 507	3A645CB5-2B4C-05AD-CA13-EEBB63B2CA6E
 508	-492 360 -174
 509	B9A5527A-8424-11EC-BB30-9CFCE8C5962F
 510	FC934EA9-876B-F8C3-E3B9-004F1452827C
 511	B9A557FC-8424-11EC-BB30-9CFCE8C5962F
 512	92B9AEB9-2351-C4F3-4216-7FDEEA5F2A38
 513	B9A55658-8424-11EC-BB30-9CFCE8C5962F
 514	7F3EB0B2-8D27-49E6-024B-156B74B8B1BC
 515	97CC60B6-04D6-A225-ED2B-08F8F9BED389
 516	B9A55991-8424-11EC-BB30-9CFCE8C5962F
 517	B9A556F1-8424-11EC-BB30-9CFCE8C5962F
 518	fire_flicker_large
 519	0DD5DB57-ED9B-B731-F0D1-9B5B854F0373
 520	B9A55610-8424-11EC-BB30-9CFCE8C5962F
 521	-976 212 -172
 522	FCFA8C76-D985-A036-1B84-970E1260FE72
 523	B5A59540-56A3-476C-A14B-7A1B82FB2DCA
 524	664AF270-1450-3896-F24A-E1086E2E8E52
 525	CF0E14D3-7B91-3041-C1AD-A406C6826403
 526	B9A55AE1-8424-11EC-BB30-9CFCE8C5962F
 527	B9A5579C-8424-11EC-BB30-9CFCE8C5962F
 528	-1110 330.039 -176
 529	B16D0443-403E-442D-BF72-408B9F086DDA
 530	B9A5591C-8424-11EC-BB30-9CFCE8C5962F
 531	B9A55937-8424-11EC-BB30-9CFCE8C5962F
 532	138 -758.039 -148
 533	8206695A-9B5D-8E09-4309-E3774FEFDBF7
 534	D50F27CF-38C9-11ED-BB47-9CFCE8C5962F
 535	-1032 -488 -152
 536	B9A82165-7357-0491-C158-03A552A78806
 537	28.3008 -868.18 -172.007
 538	-864 -108 -160
 539	-952 392 -184
 540	-1054 106.039 -176
 541	scriptable_fire_flicker_medium
 542	B9A55A00-8424-11EC-BB30-9CFCE8C5962F
 543	CF0CCA66-9E86-6393-5FB7-C830E74C4540
 544	B9A5570F-8424-11EC-BB30-9CFCE8C5962F
 545	8BADFF7B-3F12-11ED-BB47-9CFCE8C5962F
 546	B9A5596D-8424-11EC-BB30-9CFCE8C5962F
 547	A7791DE9-8CD0-91F5-19EA-6F7CA88B460E
 548	6A8B0425-ABFF-C0D4-2194-4922B3868AF0
 549	AE27C1B2-10BA-8F2C-38C6-789466FFB56B
 550	BDB7A5C8-34E2-FE0E-67B0-0524F081202B
 551	B9A55AC9-8424-11EC-BB30-9CFCE8C5962F
 552	606064D3-F91B-D6FC-71C6-A47D19854236
 553	B9A55A06-8424-11EC-BB30-9CFCE8C5962F
 554	B9A55BF5-8424-11EC-BB30-9CFCE8C5962F
 555	-944 392 -176
 556	B9A55CDF-8424-11EC-BB30-9CFCE8C5962F
 557	B9A55D30-8424-11EC-BB30-9CFCE8C5962F
 558	FFE13F7E-1829-F6E9-9A6B-A77EE9B31C45
 559	34E29745-DA62-5151-A98E-033311B0A0FF
 560	B9A557E1-8424-11EC-BB30-9CFCE8C5962F
 561	9EEA6570-E6FF-7E1D-86C8-AAE25F02AB2F
 562	20A3EA1C-C7B0-FB76-8CE4-C3C765E5E089
 563	B9A556D6-8424-11EC-BB30-9CFCE8C5962F
 564	-1077.9 -151.73 -172
 565	242947A5-38CA-11ED-BB47-9CFCE8C5962F
 566	B9A558AA-8424-11EC-BB30-9CFCE8C5962F
 567	9DA2598C-02F3-91EB-5A6E-1A4765BDE6C0
 568	ECA4FE8F-79D8-F366-9354-F29A2F651866
 569	C1356C3C-3F12-11ED-BB47-9CFCE8C5962F
 570	6F704DD4-22D1-1E00-3A55-943D363B55D2
 571	3161B098-3EB2-87D7-C1B0-8C5375CEA4D2
 572	FFA65ABC-38C9-11ED-BB47-9CFCE8C5962F
 573	-16 -880 -176
 574	A56045A7-5953-EF6A-E1CE-88F775D8FE81
 575	FBC5C0AE-B79C-F7D0-7F3C-DE9EE1004672
 576	scriptable_accessory_icicle_level_64_destr_chunk_06
 577	-1056 -860 -160
 578	-2.6992 -823.18 -172.007
 579	0D0FDE68-4368-D670-483F-A9314CABED1D
 580	-892 440 -184
 581	B9A557E4-8424-11EC-BB30-9CFCE8C5962F
 582	B9A55CBE-8424-11EC-BB30-9CFCE8C5962F
 583	B9A55BA1-8424-11EC-BB30-9CFCE8C5962F
 584	B9A55D3C-8424-11EC-BB30-9CFCE8C5962F
 585	DA63CB31-8504-EC27-5BBC-C992C81237C3
 586	B9A55C34-8424-11EC-BB30-9CFCE8C5962F
 587	B9A5587A-8424-11EC-BB30-9CFCE8C5962F
 588	132 400 -168
 589	B9A55BCE-8424-11EC-BB30-9CFCE8C5962F
 590	B9A55D42-8424-11EC-BB30-9CFCE8C5962F
 591	4112808A-9431-7977-9E45-6E70BBE7EA58
 592	0 255 0
 593	42EDD611-3256-ED10-7B5D-CDA603ED98B2
 594	B025AC91-6B4C-267E-8281-C18E90DF78E7
 595	pf42afd0670631c822_auto15257773975932984596
 596	136 -506 -168
 597	B9A55943-8424-11EC-BB30-9CFCE8C5962F
 598	0 240 0
 599	B9A55781-8424-11EC-BB30-9CFCE8C5962F
 600	-116 -872 -176
 601	B9A5576C-8424-11EC-BB30-9CFCE8C5962F
 602	5DA5F8B0-5547-1B14-175E-652884C4879D
 603	-648 -880 -168
 604	85EA713C-6229-6315-62F7-FDBC114891F7
 605	D70FDDD4-CD92-C19E-4BBC-6316360AB9E8
 606	8B51009E-D90A-BD64-16D5-605CE1797427
 607	-1120 -488 -168
 608	EF318A07-3F12-11ED-BB47-9CFCE8C5962F
 609	-830 410.039 -176
 610	B9A55BD4-8424-11EC-BB30-9CFCE8C5962F
 611	146 -518.039 -148
 612	B9A55AFC-8424-11EC-BB30-9CFCE8C5962F
 613	777338D2-CAAC-F65A-89C1-67515A3A9EC0
 614	C043BFF9-BC6C-8861-6D99-C200CAE0F1B3
 615	16534F47-3FC7-11ED-BB47-9CFCE8C5962F
 616	B9A55910-8424-11EC-BB30-9CFCE8C5962F
 617	4
 618	B9A55AC0-8424-11EC-BB30-9CFCE8C5962F
 619	-834 410.039 -176
 620	B9A55CAF-8424-11EC-BB30-9CFCE8C5962F
 621	4117B6F8-301B-C4D9-5580-385C40FA2E4B
 622	1DB0F029-88FB-D189-C41A-ED4EA6633088
 623	3F3CAF0F-F111-273B-94ED-C38C621B0193
 624	596C75DF-E450-3D66-8FF4-21816B2FC946
 625	8F7057A1-994D-3E20-CB0B-E34CBB2682BC
 626	CA227C8F-E55F-BA30-402D-86D1450B7484
 627	-1048 408 -184
 628	B9A55217-8424-11EC-BB30-9CFCE8C5962F
 629	DE773E2E-38C9-11ED-BB47-9CFCE8C5962F
 630	48 -820 -176
 631	89587873-80DF-E6AB-3304-FE6F461E39FD
 632	B9A556FD-8424-11EC-BB30-9CFCE8C5962F
 633	0 80 0
 634	B9A55B86-8424-11EC-BB30-9CFCE8C5962F
 635	7F3A9D6C-FC39-F511-3ABB-E97B8D683065
 636	B9A55B5C-8424-11EC-BB30-9CFCE8C5962F
 637	7D8FCAE9-62BC-6F48-7D08-BE9EE72A7901
 638	B9A555DA-8424-11EC-BB30-9CFCE8C5962F
 639	C20EE4DF-EC0F-CB81-6EE8-5D418EBF9B01
 640	-744 392 -160
 641	B9A55730-8424-11EC-BB30-9CFCE8C5962F
 642	DBF60214-F9AE-94C4-8F72-AE9BBCAD7067
 643	FC75709F-75DB-9B73-BC64-CF4EFEFBA88B
 644	4B9BC521-43B8-11ED-BB48-9CFCE8C5962F
 645	B9A55667-8424-11EC-BB30-9CFCE8C5962F
 646	pf42afd0670631c822_auto7731030616684557654
 647	15982C1C-3F12-11ED-BB47-9CFCE8C5962F
 648	2E5B71CA-AFAC-9AC4-6773-05335D26DB86
 649	B9A5585F-8424-11EC-BB30-9CFCE8C5962F
 650	B9A559AC-8424-11EC-BB30-9CFCE8C5962F
 651	58 -806.039 -156
 652	B9A556E8-8424-11EC-BB30-9CFCE8C5962F
 653	8F261722-0864-98E2-8A2C-AFCED0F293FD
 654	-1095.3 352.18 -180.007
 655	B9A557FF-8424-11EC-BB30-9CFCE8C5962F
 656	-752 448 -168
 657	-1056 -220 -176
 658	B9A55D27-8424-11EC-BB30-9CFCE8C5962F
 659	148 -800 -176
 660	B9A55B74-8424-11EC-BB30-9CFCE8C5962F
 661	-1120 -504 -160
 662	B9A5530D-8424-11EC-BB30-9CFCE8C5962F
 663	70933BC0-B8AB-F999-365E-3503FB396BBB
 664	17CCDA3E-76D8-FC3F-6241-27818EFD1E05
 665	26F437A4-977D-F8C7-CDCD-5257A1B20A72
 666	mp_sd_spawn_defender
 667	-866 306.039 -176
 668	-976 208 -184
 669	88E2A3EA-28F6-A5B0-5056-E10F2B9D4579
 670	B9A558D7-8424-11EC-BB30-9CFCE8C5962F
 671	B9A556EB-8424-11EC-BB30-9CFCE8C5962F
 672	0A4A1609-8BFA-CF14-B5CC-3D0B2E1D89CD
 673	0FC61CC3-3FC7-11ED-BB47-9CFCE8C5962F
 674	04533E63-FB01-58FA-8892-E81D485EA0CD
 675	0B7D97AD-C258-F51C-267D-61E9E9D58F4C
 676	B9A55B8C-8424-11EC-BB30-9CFCE8C5962F
 677	B9A557C3-8424-11EC-BB30-9CFCE8C5962F
 678	-944 -64 -160
 679	144 320 -184
 680	B9A55C43-8424-11EC-BB30-9CFCE8C5962F
 681	140 -128 -176
 682	-1038 250.039 -168
 683	-952 396 -172
 684	FA84EC01-EC17-D310-1467-50B37E59EF56
 685	23298031-0E8E-D146-5936-DF48E6E4EF92
 686	02F37770-3F13-11ED-BB47-9CFCE8C5962F
 687	136 -448 -176
 688	B9A55316-8424-11EC-BB30-9CFCE8C5962F
 689	C7313B59-3F12-11ED-BB47-9CFCE8C5962F
 690	17790EEF-BDE5-CEAA-C9D1-D1F9AD264084
 691	B9A555D7-8424-11EC-BB30-9CFCE8C5962F
 692	BF4F993E-D7D4-33E9-D881-AE2F8E9230A6
 693	-1120 296 -168
 694	4FFB3B9B-0BE0-371D-34E3-84E3EA81493D
 695	152 -610 -168
 696	B9A55985-8424-11EC-BB30-9CFCE8C5962F
 697	-1071.3 472.18 -180.007
 698	626AD0DB-E5FB-6F1B-C4E5-28058C0E790F
 699	ADB7F947-47D0-BF65-D8E6-55F328D7631E
 700	0E55001B-9850-0D51-0FAD-103AEC1999A5
 701	mp_koth_spawn
 702	0 325 0
 703	B9A55688-8424-11EC-BB30-9CFCE8C5962F
 704	B9A556C7-8424-11EC-BB30-9CFCE8C5962F
 705	B9A55877-8424-11EC-BB30-9CFCE8C5962F
 706	B9A55C94-8424-11EC-BB30-9CFCE8C5962F
 707	2E07E88B-E1F0-2ACD-13F2-4A2457A45347
 708	926E00F4-D7CF-F638-8676-64E7AD93675C
 709	9372E67E-DBA5-C54F-1882-5D45508B4419
 710	-644 -880 -168
 711	1A885AA7-6DE8-41BC-83BF-94C0D44F1B9B
 712	DC5D9F74-1E16-BB39-CAF3-E958A2EFA53B
 713	0 129.999 0
 714	AD94EF52-49D3-B4AC-3AEA-BF273DCFE97A
 715	-1112 144 -160
 716	88 -600 -184
 717	-16 -864 -184
 718	86D63944-0507-9589-AF54-E9B11ED9BB3E
 719	7CCD74CD-1D64-4A5B-8B59-400339865942
 720	128 -860 -176
 721	-456 -872 -176
 722	F5EF9B19-38C9-11ED-BB47-9CFCE8C5962F
 723	B9A558C8-8424-11EC-BB30-9CFCE8C5962F
 724	A0F1F898-E91B-4C25-399F-616C8817408D
 725	132 -692 -176
 726	B9A55892-8424-11EC-BB30-9CFCE8C5962F
 727	B9A5572D-8424-11EC-BB30-9CFCE8C5962F
 728	041A2B5D-A155-A113-D1E5-6EFF3DF66F2C
 729	FB7934A1-AA5B-3EDB-FBD4-C7E034DE6CBA
 730	3EECE974-FD26-6225-0F3A-FCCFDCE34695
 731	1682AE68-BE95-1741-7D4E-5E049ABA12A3
 732	-1022 226.039 -176
 733	-2 -866.039 -152
 734	0 135 0
 735	B9A555DD-8424-11EC-BB30-9CFCE8C5962F
 736	B9A55A60-8424-11EC-BB30-9CFCE8C5962F
 737	B9A55C97-8424-11EC-BB30-9CFCE8C5962F
 738	F409022C-3E0D-7B8D-C915-1109F36A1107
 739	B9A5587D-8424-11EC-BB30-9CFCE8C5962F
 740	B9A55814-8424-11EC-BB30-9CFCE8C5962F
 741	905A5194-8589-4B97-C016-E2E0CD1C6387
 742	pf6ac8972704f7aab4_auto2108
 743	-970 386.039 -176
 744	-936 368 -176
 745	B9A55D45-8424-11EC-BB30-9CFCE8C5962F
 746	124 398 -164
 747	3B83D85B-E3FE-BEE0-9082-91870474D848
 748	0 270 0
 749	-68 -816 -184
 750	B9A55D54-8424-11EC-BB30-9CFCE8C5962F
 751	224F5E67-8CCA-7577-7C3B-96E611B3B0C2
 752	6BD61ECB-D5EF-A9F0-2E5A-66915C7F3124
 753	B9A55A4B-8424-11EC-BB30-9CFCE8C5962F
 754	B9A557F6-8424-11EC-BB30-9CFCE8C5962F
 755	mp_dd_spawn_defender_start
 756	E6FD6B52-99FC-C457-CD34-929C616EA85B
 757	E927FC43-CC4C-B48C-6FE0-1514FAEFDD82
 758	B9A55AD2-8424-11EC-BB30-9CFCE8C5962F
 759	B9A55C3A-8424-11EC-BB30-9CFCE8C5962F
 760	-456 352 -172
 761	B9A5532B-8424-11EC-BB30-9CFCE8C5962F
 762	-1120 -616 -184
 763	B9A5563D-8424-11EC-BB30-9CFCE8C5962F
 764	16EF0FA5-CDA7-FF5C-BEAD-E42C23F40A4B
 765	F64BE012-783D-8647-E18F-C2DBBCB789CC
 766	fire_flicker
 767	-1112 216 -160
 768	0A503C85-73F6-A0E7-F303-4C6379627604
 769	mp_control_spawn_defender
 770	-102 -794.039 -160
 771	-1112 -512 -168
 772	CFD9EFE1-6A9D-E40F-DCD0-A160FCC5D1E7
 773	08064E01-87BE-6011-FEF0-C1CF6A0CCABA
 774	6E9C1212-176E-5305-429B-8F52711092C1
 775	B9A55D09-8424-11EC-BB30-9CFCE8C5962F
 776	-840 368 -176
 777	B9A55D69-8424-11EC-BB30-9CFCE8C5962F
 778	90 -686.039 -156
 779	F6EA5A2B-7DC4-BFD5-7761-9D49900C2C46
 780	22CA2B51-5B67-B6A5-B2C8-77457401DA04
 781	-112 448 -184
 782	BA439E00-002F-D370-BEF1-6317C6C9FB8E
 783	B9A55694-8424-11EC-BB30-9CFCE8C5962F
 784	-1064 168 -184
 785	-100 -318 -164
 786	B9A55D2A-8424-11EC-BB30-9CFCE8C5962F
 787	B9A559E5-8424-11EC-BB30-9CFCE8C5962F
 788	158066A3-B422-2B84-95CE-97930F058158
 789	120 -660 -176
 790	B9A5583B-8424-11EC-BB30-9CFCE8C5962F
 791	B9A5599A-8424-11EC-BB30-9CFCE8C5962F
 792	6C28233C-5997-7B4C-7C5A-96671F7E1C71
 793	B9A55760-8424-11EC-BB30-9CFCE8C5962F
 794	144 -736 -176
 795	B9A55928-8424-11EC-BB30-9CFCE8C5962F
 796	B9A55823-8424-11EC-BB30-9CFCE8C5962F
 797	1DE6F5A3-38CA-11ED-BB47-9CFCE8C5962F
 798	accessory_icicle_level_64_destr_chunk_05
 799	B494E673-2A58-52A0-23BA-5BE4847B69F1
 800	AB917179-38C9-11ED-BB47-9CFCE8C5962F
 801	53316867-43B8-11ED-BB48-9CFCE8C5962F
 802	AB917165-38C9-11ED-BB47-9CFCE8C5962F
 803	mp_dd_spawn_attacker
 804	-512 -872 -176
 805	560FBF1E-3769-906A-222D-263AC2B98C65
 806	-898 362.039 -176
 807	B9A55709-8424-11EC-BB30-9CFCE8C5962F
 808	4C31D2E6-A12B-4BAE-9C7B-0C228C93A022
 809	-1092 216 -180
 810	0D78A172-38CA-11ED-BB47-9CFCE8C5962F
 811	B9A55622-8424-11EC-BB30-9CFCE8C5962F
 812	B9A55925-8424-11EC-BB30-9CFCE8C5962F
 813	790C80A6-7121-8047-053D-1D82E12AE0A0
 814	ECCC9403-6335-CE44-4D45-D462026C5EC4
 815	mp_cyber_spawn_allies
 816	mp_dm_spawn_secondary
 817	B9A5532E-8424-11EC-BB30-9CFCE8C5962F
 818	-720 -872 -168
 819	F632D4BD-23BF-DDC4-9424-505CA3FBC440
 820	B9A55C07-8424-11EC-BB30-9CFCE8C5962F
 821	B9A5597F-8424-11EC-BB30-9CFCE8C5962F
 822	49E7D511-61C9-7DB3-BE4A-FC09A2F2FB6F
 823	4CE263D4-D502-A327-7B01-D7F51240B65C
 824	-848 316 -172
 825	-376 -504 -176
 826	16534F38-3FC7-11ED-BB47-9CFCE8C5962F
 827	A9DD9D74-9437-6291-6394-C105E4D40AA7
 828	5B8A97A7-1F8B-7257-2681-31527204F62C
 829	443FA4EC-988C-F437-8ED0-792B084B7A9F
 830	B9A55220-8424-11EC-BB30-9CFCE8C5962F
 831	B9A55CDC-8424-11EC-BB30-9CFCE8C5962F
 832	mp_tdm_spawn_secondary
 833	-1064 64 -160
 834	0CE0EB14-C1BD-C6B3-8354-2B96A205092D
 835	B9A55CEB-8424-11EC-BB30-9CFCE8C5962F
 836	37C22751-0B9F-6C05-658B-B07445D46CFE
 837	EEE7E0AA-D2B5-FC23-1795-528A07EE74EC
 838	136 0 -168
 839	B7836D57-7DAC-8B6E-038C-AC328DF5D970
 840	9039DB60-1E3A-08F6-32A1-F75AEF357920
 841	B9A55C9D-8424-11EC-BB30-9CFCE8C5962F
 842	-680 432 -168
 843	878C70C2-4D3B-2475-BA77-17C31F4EC54B
 844	D9C5D65D-777A-9C8D-1D8B-2BD2C0AEC063
 845	B9A55CE2-8424-11EC-BB30-9CFCE8C5962F
 846	8FF96C20-5A55-0872-11C2-357DE86DB0E5
 847	B9A5575D-8424-11EC-BB30-9CFCE8C5962F
 848	F8B19764-1E82-87B9-2E1E-E561F1CAC0C8
 849	136 -513 -168
 850	B9A55ACF-8424-11EC-BB30-9CFCE8C5962F
 851	mp_dd_spawn_defender_a
 852	B9A55CD9-8424-11EC-BB30-9CFCE8C5962F
 853	B9A55AAB-8424-11EC-BB30-9CFCE8C5962F
 854	-977.801 377.301 -168
 855	273134DE-0753-C0B1-0A79-A1881350615D
 856	pf42afd0670631c822_auto11665080199553655381
 857	-1032 172 -172
 858	0 130 0
 859	24299905-FCD8-F992-3DEF-C25EF4495912
 860	B9A55CF1-8424-11EC-BB30-9CFCE8C5962F
 861	5E72F377-1074-4C3B-5870-25ADD64AB823
 862	-72 448 -160
 863	3A85E52D-745F-EE04-3EB6-AEABC94926E2
 864	932889DA-1BF2-E0B9-E80E-4538D00686C2
 865	B9A5573F-8424-11EC-BB30-9CFCE8C5962F
 866	B9A5565E-8424-11EC-BB30-9CFCE8C5962F
 867	mp_dd_spawn_attacker_a
 868	32B0408F-765E-0A35-40EB-CF854F6048F6
 869	-848 432 -168
 870	B9A5534C-8424-11EC-BB30-9CFCE8C5962F
 871	traverse
 872	C5D7D453-F59F-5F38-9717-57BA213B2DC7
 873	-536 -872 -176
 874	B9A556CA-8424-11EC-BB30-9CFCE8C5962F
 875	1D9D64D3-F7C0-F92E-6467-0BA239F4EA29
 876	128 360 -184
 877	77321195-3ECB-9E97-4AEB-B33BE9CA5520
 878	-1064 444 -160
 879	D45A2283-6D55-E476-077E-9BACD2757857
 880	-108 -120 -176
 881	A7342F31-2095-F5F8-6E82-E4BC9C21DF0E
 882	48 -880 -168
 883	F2F7A906-12BC-22AF-B1F7-9A31CB66871D
 884	DE773E3E-38C9-11ED-BB47-9CFCE8C5962F
 885	-1000 104 -184
 886	scriptable_accessory_icicle_level_64_destr_chunk_05
 887	-248 -880 -176
 888	D6C457F6-C9AB-FDB7-85BF-F5A1DF35F22B
 889	-1032 408 -184
 890	B9A55ABD-8424-11EC-BB30-9CFCE8C5962F
 891	5018DE2E-5177-C14B-F8F5-465F13CB728A
 892	-416 352 -176
 893	C69A4992-D754-9932-60B2-1FEAB6A858CE
 894	B9A55652-8424-11EC-BB30-9CFCE8C5962F
 895	B9A5586E-8424-11EC-BB30-9CFCE8C5962F
 896	pfe5f245aa91ad3a99_auto2108
 897	B9A556FA-8424-11EC-BB30-9CFCE8C5962F
 898	626DFA9C-D002-DFA1-4418-01C815F982A7
 899	B9A55898-8424-11EC-BB30-9CFCE8C5962F
 900	9933E246-78BC-B79C-19AD-19A24C0A5765
 901	B9A55A8D-8424-11EC-BB30-9CFCE8C5962F
 902	32DD1A1C-CD9D-8F9B-5C4B-09D803A8E371
 903	-304 -752 -160
 904	-1040 244 -172
 905	fire_flicker_medium
 906	144 4 -184
 907	mp_arena_spawn
 908	B9A55D72-8424-11EC-BB30-9CFCE8C5962F
 909	-1072 -144 -168
 910	AB5F9E8D-A97F-6518-25B9-CBE48E1D8DDF
 911	B9A5598B-8424-11EC-BB30-9CFCE8C5962F
 912	-526 -872 -172
 913	-304 456 -184
 914	accessory_icicle_level_64_destr_chunk_01
 915	-1048 248 -184
 916	0 74.9998 0
 917	B9A55D5A-8424-11EC-BB30-9CFCE8C5962F
 918	BA18B228-18C1-D4FE-9916-D06B572C007C
 919	-1112 -568 -160
 920	99F7F8C0-86ED-8D9A-7534-28C88558F1C3
 921	B9A55907-8424-11EC-BB30-9CFCE8C5962F
 922	D405ABAB-43B8-11ED-BB48-9CFCE8C5962F
 923	0FC61CD7-3FC7-11ED-BB47-9CFCE8C5962F
 924	B9A55C16-8424-11EC-BB30-9CFCE8C5962F
 925	130 -854.039 -160
 926	-1120 360 -160
 927	104 -824 -160
 928	BA49285F-7385-BB68-64E5-6662DEECDA37
 929	6A242870-4009-9452-82AD-96B7EBF0A5A0
 930	mp_control_spawn_attacker_start
 931	-376 -472 -176
 932	B3BEB740-2D7F-0C83-8A58-EDC83771FAB1
 933	907E2052-2A3A-25C0-B914-46E5480AB156
 934	0FFA356D-62F6-5982-CD44-B7D70D007AE9
 935	pf42afd0670631c822_auto9337502632995500111
 936	B9A55811-8424-11EC-BB30-9CFCE8C5962F
 937	B9A55772-8424-11EC-BB30-9CFCE8C5962F
 938	B9A555FE-8424-11EC-BB30-9CFCE8C5962F
 939	04E103A2-D811-E72D-69F7-1806C6571E02
 940	8F06614F-6235-EC3F-9AE2-CBA5D9BDC536
 941	0 319.999 0
 942	B9A55628-8424-11EC-BB30-9CFCE8C5962F
 943	B9A55ABA-8424-11EC-BB30-9CFCE8C5962F
 944	-224 432 -168
 945	B9A55934-8424-11EC-BB30-9CFCE8C5962F
 946	56A79169-0E96-4328-DA97-D89671BA992F
 947	0FC61CB9-3FC7-11ED-BB47-9CFCE8C5962F
 948	5C54BE6E-679B-360E-BD4E-19CDA8A321CF
 949	32D8C077-A6D5-FB41-6ECF-B9C579B02402
 950	B9A55C2E-8424-11EC-BB30-9CFCE8C5962F
 951	064A9AE5-7E48-5728-55D4-A45016FE2946
 952	40 448 -160
 953	1D76F33A-9C07-A211-8806-336EFE7C59A0
 954	B9A55D39-8424-11EC-BB30-9CFCE8C5962F
 955	96E1BD02-5BE6-E2E6-4CDD-6B3220AEB2EB
 956	B9A55994-8424-11EC-BB30-9CFCE8C5962F
 957	B9A5589E-8424-11EC-BB30-9CFCE8C5962F
 958	9F0D2404-6008-0B5A-5D9B-8865BAAD1FC0
 959	DDAD0980-E514-E526-9893-121FF7E89A68
 960	FF8ADD00-2D4A-1D10-6EC8-982728FB0CFE
 961	16534F29-3FC7-11ED-BB47-9CFCE8C5962F
 962	B9A55BF2-8424-11EC-BB30-9CFCE8C5962F
 963	66 -790.039 -152
 964	2CABD054-D8F3-A2F6-9CA1-250F372B5047
 965	-96 -122 -164
 966	B9A552B0-8424-11EC-BB30-9CFCE8C5962F
 967	-714 -884 -164
 968	B9A5594F-8424-11EC-BB30-9CFCE8C5962F
 969	0 89.9999 0
 970	fire_flicker_small
 971	39DCB675-94F7-6055-7BAB-9F06CE0F32A5
 972	0C9B4EBA-6E83-89D5-1D5B-5A29BBAD20D3
 973	-296 456 -184
 974	B9A55AC3-8424-11EC-BB30-9CFCE8C5962F
 975	-1072 0 -160
 976	B9A55BB3-8424-11EC-BB30-9CFCE8C5962F
 977	B3B1D51D-0E1C-A73A-AAE8-AC1D760DFD43
 978	72 -328 -168
 979	4D4810FB-024B-B04E-BF9E-61B0397007D2
 980	6EFC52B3-FC90-16BA-BCAF-6ECC2A0E132B
 981	15545713-2C7D-54FD-FE1D-E82C80AEA9CB
 982	B9A55BE6-8424-11EC-BB30-9CFCE8C5962F
 983	B9A55C28-8424-11EC-BB30-9CFCE8C5962F
 984	-72 -812 -176
 985	B9A555D4-8424-11EC-BB30-9CFCE8C5962F
 986	7998B4EF-5D24-36DE-C03C-8B72E26CEBDC
 987	B9A5584A-8424-11EC-BB30-9CFCE8C5962F
 988	-848 388 -172
 989	777B39E3-77AB-0954-7E85-16F263883C0B
 990	32B3921E-7A93-7A5C-66C6-5F2512E02F70
 991	0EDD69BF-91B7-6429-6D67-60D1339976F6
 992	B9A55C13-8424-11EC-BB30-9CFCE8C5962F
 993	BB3B98FC-58CB-9940-2C68-2608AD4107FB
 994	32F5C9AC-A8A1-9825-E3D6-333D97DCFB1A
 995	B9A55904-8424-11EC-BB30-9CFCE8C5962F
 996	B9A555E9-8424-11EC-BB30-9CFCE8C5962F
 997	scriptable_hardpoint_chevron
 998	8180F645-C029-187E-EAAA-8693FDA089DF
 999	0 320 0
1000	2A2819A7-38CA-11ED-BB47-9CFCE8C5962F
1001	-1120 -768 -184
1002	B9A55D0C-8424-11EC-BB30-9CFCE8C5962F
1003	B9A55D36-8424-11EC-BB30-9CFCE8C5962F
1004	B9A55964-8424-11EC-BB30-9CFCE8C5962F
1005	16534F33-3FC7-11ED-BB47-9CFCE8C5962F
1006	0C5E530B-7103-61DD-241D-CF66EE0B4DEA
1007	94CCBAB5-3655-6866-543A-316EA7A4110B
1008	C70B0D48-34D1-BED1-CD94-FF27E1E394BE
1009	AD43C5CD-F386-3EEB-E1C2-3D6101F3F2B7
1010	B9A55889-8424-11EC-BB30-9CFCE8C5962F
1011	F8D56FB2-1BFF-A5F8-6858-EFD43494AF8D
1012	-1072 72 -152
1013	65819387-A0C8-8967-1075-F5FE2B9A3EF1
1014	B9A55C91-8424-11EC-BB30-9CFCE8C5962F
1015	B9A55D6C-8424-11EC-BB30-9CFCE8C5962F
1016	F2F64A9E-894F-23B3-C491-F656EECBF3A4
1017	B9A55CF4-8424-11EC-BB30-9CFCE8C5962F
1018	144 260 -184
1019	D122DD00-D88D-C29F-B4C6-BAFFF3B4E45C
1020	-1021.8 441.629 -168
1021	3B14EA5D-BDB4-C022-DD16-A9BB81D9747B
1022	pf8fbcff1d59f25ff9_auto2108
1023	B9A55B89-8424-11EC-BB30-9CFCE8C5962F
1024	4F9AE4E9-80F4-9138-6A3C-629B12DB437F
1025	jump_up_80
1026	jump_up_40
1027	pf42afd0670631c822_auto17773676596079818902
1028	B9A557CC-8424-11EC-BB30-9CFCE8C5962F
1029	-977.801 385.301 -168
1030	-1106 166.039 -176
1031	B9A5571E-8424-11EC-BB30-9CFCE8C5962F
1032	mp_rugby_spawn_axis
1033	2C883B56-ED42-EC62-BA33-C7D1F2C4DDCC
1034	D55B2307-F31B-7824-B2CD-D58101537A08
1035	scriptable_accessory_icicle_level_64_destr_chunk_01
1036	B9A55751-8424-11EC-BB30-9CFCE8C5962F
1037	1C47F3D8-8A48-58A2-1B7F-A649738F168E
1038	B9A558E0-8424-11EC-BB30-9CFCE8C5962F
1039	AB91718D-38C9-11ED-BB47-9CFCE8C5962F
1040	B9A558BC-8424-11EC-BB30-9CFCE8C5962F
1041	144 132 -184
1042	5D1F86FA-99C9-0B6A-F80F-A24BE12C3785
1043	-878 -880 -164
1044	A79CDED5-A691-30EA-65C2-A845A547EA77
1045	B9A55D63-8424-11EC-BB30-9CFCE8C5962F
1046	-864 -120 -160
1047	FE48E4E0-85D9-CBA6-9C9A-A997350E0FCF
1048	B9A55CCA-8424-11EC-BB30-9CFCE8C5962F
1049	-935.5 452.539 -168
1050	B9A55BFE-8424-11EC-BB30-9CFCE8C5962F
1051	AB917188-38C9-11ED-BB47-9CFCE8C5962F
1052	B67A49E0-E8D6-674D-8AC7-4C709E8C3CB7
1053	B9A5593A-8424-11EC-BB30-9CFCE8C5962F
1054	B9A55616-8424-11EC-BB30-9CFCE8C5962F
1055	9151C294-7D79-2D21-F27D-88C49485A5B1
1056	88 -848 -184
1057	753F9CDF-69A0-E50D-C985-93C3449BB020
1058	8BADFF89-3F12-11ED-BB47-9CFCE8C5962F
1059	-168 -880 -168
1060	37CA347C-69EB-107F-C79B-5D78796EBCFC
1061	C839D577-D7B4-3DB6-D391-CB56E8A9D6CF
1062	-634 -884 -164
1063	74 -578.039 -156
1064	pf429a67d48d8b2cf2_auto2108
1065	mp_koth_spawn_secondary
1066	B9A55739-8424-11EC-BB30-9CFCE8C5962F
1067	77DC00CD-91E4-516C-8CF6-A132FB15F0DE
1068	EC020776-DB9D-1C25-5417-EED3C31B1A9E
1069	116 416 -168
1070	B9A55CB8-8424-11EC-BB30-9CFCE8C5962F
1071	B9A559B2-8424-11EC-BB30-9CFCE8C5962F
1072	B9A552E0-8424-11EC-BB30-9CFCE8C5962F
1073	BDB17412-D3C7-DA93-8C29-1F4425EF09CE
1074	B9A555F2-8424-11EC-BB30-9CFCE8C5962F
1075	5E732E04-6A11-B597-4946-57E8096ABF53
1076	pfd023d88632035ea2_auto2108
1077	095BC2C5-1794-661A-DEAD-9584FCAA32AF
1078	B9A55CFD-8424-11EC-BB30-9CFCE8C5962F
1079	46CCED92-3228-A114-443D-625705A28A82
1080	FA19C1DE-E54F-1952-F615-B88B0D9806F0
1081	B9A55310-8424-11EC-BB30-9CFCE8C5962F
1082	EAC5B000-1EF4-79C3-7C7A-A2F6DF3E0AD6
1083	C7313B64-3F12-11ED-BB47-9CFCE8C5962F
1084	B9A55B44-8424-11EC-BB30-9CFCE8C5962F
1085	-142 -870.039 -160
1086	4F072974-1C81-F890-5F58-5EE2508BEA72
1087	B9A5568B-8424-11EC-BB30-9CFCE8C5962F
1088	B9A55952-8424-11EC-BB30-9CFCE8C5962F
1089	D0CC6E41-D23F-04F8-8CEA-CF0E08DC28E8
1090	B9A551FE-8424-11EC-BB30-9CFCE8C5962F
1091	B9A55B77-8424-11EC-BB30-9CFCE8C5962F
1092	B9A55871-8424-11EC-BB30-9CFCE8C5962F
1093	-976 432 -168
1094	-868 -316 -160
1095	-901.801 389.301 -168
1096	16539B10-483E-4268-2622-0BD174A719AF
1097	mp_rugby_spawn_allies
1098	D9020E7D-2980-CCCC-BB33-6D9F99BABCEF
1099	B9A55325-8424-11EC-BB30-9CFCE8C5962F
1100	mp_ctf_spawn_axis_start
1101	D4A34FB3-8BA8-0279-3769-972A20B3A72E
1102	-1112 80 -168
1103	B9A5572A-8424-11EC-BB30-9CFCE8C5962F
1104	-1088 312 -184
1105	B9A55655-8424-11EC-BB30-9CFCE8C5962F
1106	-808 456 -160
1107	15C96A4E-04E2-3844-6D00-06B57287ED59
1108	6DB8E446-3E60-F677-2D2D-7EB4A8C62724
1109	-1080 -144 -164
1110	-100 -144 -168
1111	B9A5570C-8424-11EC-BB30-9CFCE8C5962F
1112	hardpoint_3_chevrons
1113	B9A55886-8424-11EC-BB30-9CFCE8C5962F
1114	CAEBF859-AE6B-7F51-1F2F-0C95C2D213A2
1115	pf42afd0670631c822_auto2729961871032256674
1116	-64 440 -176
1117	3FCFAFE1-8EA3-F255-7998-17E674401EE8
1118	C2364F91-2806-838B-7E37-B6BA049BD8C4
1119	C2DB9AC8-5313-363B-1F64-160918CBD3A9
1120	-910 442.039 -176
1121	1E4D205A-5DBF-190A-F6C6-4841079E8BC4
1122	9696AC8C-1DC4-B3A1-BCDF-1821A6B672F5
1123	B9A55B71-8424-11EC-BB30-9CFCE8C5962F
1124	B9A55901-8424-11EC-BB30-9CFCE8C5962F
1125	134 -654.039 -160
1126	B9A55307-8424-11EC-BB30-9CFCE8C5962F
1127	DB06525B-303B-E103-109B-7D1EE73618DF
1128	B9A55712-8424-11EC-BB30-9CFCE8C5962F
1129	mp_sd_spawn_attacker
1130	B9A55607-8424-11EC-BB30-9CFCE8C5962F
1131	7E364284-7373-FCED-958D-8FB0F037609E
1132	6B40A7EC-66DD-3690-237D-77A3A46433DB
1133	-8 440 -168
1134	-98 -798.039 -160
1135	A803112D-9596-C288-6E0C-D7750D5C395C
1136	8115F23A-F709-EA47-FD45-FE3BC154B2A0
1137	E918DD8C-EF84-A782-AEB0-21DA8F70D8F3
1138	B9A5575A-8424-11EC-BB30-9CFCE8C5962F
1139	0186EBAF-4F31-4EBE-DE8A-93DBA67E091E
1140	B9A55D03-8424-11EC-BB30-9CFCE8C5962F
1141	-66 -822.039 -156
1142	A22788A5-64F0-06A2-C573-46CE78199FC7
1143	B9A557B4-8424-11EC-BB30-9CFCE8C5962F
1144	pf42afd0670631c822_auto15284736000381672289
1145	28E457CC-1702-5069-6A2E-438400B8D016
1146	0 160 0
1147	5FCB724B-7A5D-5A11-DFE2-57EE504B7529
1148	128 -556 -176
1149	pf42afd0670631c822_auto12322744239133668077
1150	B9A55988-8424-11EC-BB30-9CFCE8C5962F
1151	584CB134-E15B-ADE4-F89C-C2377EA24B06
1152	B9A5597C-8424-11EC-BB30-9CFCE8C5962F
1153	0 115 0
1154	B9A556C4-8424-11EC-BB30-9CFCE8C5962F
1155	DCECDBB5-56FC-850B-46D2-8BD5DA8F9236
1156	B9A556BE-8424-11EC-BB30-9CFCE8C5962F
1157	B9A55D5D-8424-11EC-BB30-9CFCE8C5962F
1158	F754DC17-4ACD-4498-8B48-6799B3A6A3E7
1159	B9A55AD8-8424-11EC-BB30-9CFCE8C5962F
1160	base
1161	B9A552D1-8424-11EC-BB30-9CFCE8C5962F
1162	AC44F625-BEAC-D235-B1C1-93E4B3EBBAF2
1163	-688 460 -160
1164	136 -800 -184
1165	allies_endzone_vis
1166	B9A557D2-8424-11EC-BB30-9CFCE8C5962F
1167	B9A55D4E-8424-11EC-BB30-9CFCE8C5962F
1168	88CAD9F7-6A56-104C-9FF5-1EB80B4AE579
1169	8F4A31FE-EC16-B102-2A31-6E68E497400B
1170	0F68EDFC-194E-1040-2357-DBBC34D22C50
1171	139 -788.039 -160
1172	3E4E0C2A-224B-E39F-7A07-6E0FA67626E6
1173	D1DEC322-172D-F618-3A5D-B5D7538C9BED
1174	136 -736 -168
1175	10B77E3B-212A-8EB3-4289-4A4FAE2BC197
1176	-1120 248 -160
1177	65D8EBC8-FC67-7FA1-D5A1-C832F9D616B8
1178	B1B0C514-E9B1-5C91-CF81-3E7A747C667D
1179	B9A55292-8424-11EC-BB30-9CFCE8C5962F
1180	9D8E4E35-9D45-301B-97DB-0886540AA0B3
1181	-1048 248 -176
1182	B9A555F8-8424-11EC-BB30-9CFCE8C5962F
1183	B9A552F5-8424-11EC-BB30-9CFCE8C5962F
1184	16534F42-3FC7-11ED-BB47-9CFCE8C5962F
1185	24 -808 -184
1186	B9A55940-8424-11EC-BB30-9CFCE8C5962F
1187	B9A55784-8424-11EC-BB30-9CFCE8C5962F
1188	B9A5576F-8424-11EC-BB30-9CFCE8C5962F
1189	DE773E33-38C9-11ED-BB47-9CFCE8C5962F
1190	092723E3-A8EA-EF46-B722-5625622AE5E3
1191	285931CD-3414-DADA-5508-FED71C330CD5
1192	B9A5529B-8424-11EC-BB30-9CFCE8C5962F
1193	4 -872 -176
1194	B9A559DF-8424-11EC-BB30-9CFCE8C5962F
1195	-74 -808.039 -160
1196	mp_rugby_spawn_allies_start
1197	D3885DC1-3F12-11ED-BB47-9CFCE8C5962F
1198	-128 432 -168
1199	8FB884AF-CC8E-6D80-22D9-3A23BECFCA7B
1200	-1023.3 416.18 -180.007
1201	B9A55A66-8424-11EC-BB30-9CFCE8C5962F
1202	EDDA733B-6FAA-0898-A914-189474109F78
1203	F8D7ACE7-AAD5-B798-13B9-FB91CF210479
1204	951FD80E-3EAA-3812-0557-511CA7AE5DE6
1205	pffdd620839436f5a5_auto2108
1206	-1088 312 -176
1207	6B20E618-8FD7-B9F5-9EB0-ACC9AF7E8F6A
1208	equipment_safety_vest_02
1209	-1064 -24 -160
1210	B9A55A93-8424-11EC-BB30-9CFCE8C5962F
1211	50E6165F-8BD1-63D4-121A-C2774C0E8E04
1212	-264 -810 -164
1213	845875B7-BCF9-63B4-6179-3DC3F42485D9
1214	-1120 136 -168
1215	pfff830a84304eede8_auto3181
1216	0FC61CB4-3FC7-11ED-BB47-9CFCE8C5962F
1217	110 -304 -172
1218	36EA04D2-EECF-FF3C-1B68-7531C45F3EB8
1219	4BD69C9C-B97B-46BF-214D-87D485B1EF0D
1220	B9A55BCB-8424-11EC-BB30-9CFCE8C5962F
1221	0 335 0
1222	ABB627FD-97C7-D551-587B-2184A81E06CE
1223	128 -672 -184
1224	136 -440 -168
1225	AD8F8F61-3F12-11ED-BB47-9CFCE8C5962F
1226	-138 -874.039 -160
1227	142 -822.039 -152
1228	AB6D833B-0625-9AB8-A5E7-F36D45D42D36
1229	21FEDC17-29ED-E50C-CB92-13429F6E3D7E
1230	DE773E38-38C9-11ED-BB47-9CFCE8C5962F
1231	C63461DE-CAC8-6550-9B81-6304857603D9
1232	B9A5590A-8424-11EC-BB30-9CFCE8C5962F
1233	122 -538.039 -160
1234	C36279FD-B559-0068-EA61-15A172372DC6
1235	9BA5845A-38F4-DA62-83B3-F0FB64F7B3C4
1236	B9A5591F-8424-11EC-BB30-9CFCE8C5962F
1237	7B9E9C21-4D34-D1BA-156B-0185E802F6EC
1238	pf42afd0670631c822_auto1400639027034461304
1239	B9A55C49-8424-11EC-BB30-9CFCE8C5962F
1240	47E43A43-C2EC-F7B5-9CB0-7FEFD8F67564
1241	-30 -874.039 -160
1242	136 -784 -184
1243	B9A552B6-8424-11EC-BB30-9CFCE8C5962F
1244	B9A5566D-8424-11EC-BB30-9CFCE8C5962F
1245	-935.5 444.539 -168
1246	06DA6672-38CA-11ED-BB47-9CFCE8C5962F
1247	30F4E056-B0BB-E780-F649-346ADDFEB1C5
1248	mp_ctf_spawn_secondary
1249	571E5728-6410-8EAB-DD0B-B96352BEC749
1250	3BC66BF1-61A0-03A2-B885-D15A1F95421E
1251	6236FD55-078F-D78E-FA65-7AFE1A6D7615
1252	hardpoint_1_chevrons
1253	AB91716A-38C9-11ED-BB47-9CFCE8C5962F
1254	B9A55631-8424-11EC-BB30-9CFCE8C5962F
1255	pf42afd0670631c822_auto10516461408163670958
1256	F05FBE3B-1A77-57D9-A4E1-B797210825A3
1257	-1112 8 -160
1258	B9A55844-8424-11EC-BB30-9CFCE8C5962F
1259	0FC61CDC-3FC7-11ED-BB47-9CFCE8C5962F
1260	B9A55796-8424-11EC-BB30-9CFCE8C5962F
1261	E0DEC850-8B50-96FB-ED65-D62740D0C541
1262	EE569073-6114-5B6E-710D-DA61838A6101
1263	B9A552CE-8424-11EC-BB30-9CFCE8C5962F
1264	B9A5588F-8424-11EC-BB30-9CFCE8C5962F
1265	B9A55BB6-8424-11EC-BB30-9CFCE8C5962F
1266	pf2f20aded075edb9a_auto2108
1267	-1050 106.039 -176
1268	B9A55C37-8424-11EC-BB30-9CFCE8C5962F
1269	-116 -884 -176
1270	pf334797da0ec61788_auto2108
1271	17EE3791-34DA-2685-30B2-E1A5A87E65BE
1272	049BA2BF-446A-9C65-6685-AF645C7AAE7D
1273	B9A55BD7-8424-11EC-BB30-9CFCE8C5962F
1274	0F10C6A7-86C3-82A6-AE7E-2B6A64000AD2
1275	134 -866.039 -148
1276	AE9836A2-09D7-F5B0-1FEA-7AC833EDC427
1277	B9A5521D-8424-11EC-BB30-9CFCE8C5962F
1278	scriptable_fire_flicker_small
1279	78B39D50-56B0-C3CF-E5A3-CD8DD376725F
1280	B9A5574B-8424-11EC-BB30-9CFCE8C5962F
1281	84 -596 -184
1282	48 432 -184
1283	B9A55766-8424-11EC-BB30-9CFCE8C5962F
1284	-864 -120 -168
1285	55DA74FC-8111-997C-6CFA-4EB7D0A79FF8
1286	DDC3FB2F-08E1-6AE0-6F4A-BE9B0FF30E8F
1287	F7E542BD-1377-6407-9B58-E77B774CA969
1288	-1026 226.039 -176
1289	152 -736 -160
1290	B9A55AF0-8424-11EC-BB30-9CFCE8C5962F
1291	pf42afd0670631c822_auto7337154719686770340
1292	0 180 0
1293	E03A2685-43B8-11ED-BB48-9CFCE8C5962F
1294	B9A55A99-8424-11EC-BB30-9CFCE8C5962F
1295	138 -762.039 -156
1296	mp_koth_spawn_axis_start
1297	B9A556F7-8424-11EC-BB30-9CFCE8C5962F
1298	B9A55AEA-8424-11EC-BB30-9CFCE8C5962F
1299	A2BD45FB-078F-36B9-9B1A-EF3E3E648BB6
1300	80 432 -184
1301	B9A55B14-8424-11EC-BB30-9CFCE8C5962F
1302	0534924C-5078-AF91-2034-60B1AB63ABB3
1303	B9A55913-8424-11EC-BB30-9CFCE8C5962F
1304	B9A55670-8424-11EC-BB30-9CFCE8C5962F
1305	accessory_icicle_level_64_destr_chunk_03
1306	62FA911E-EB3C-8D81-65BB-EADF4BA9CF08
1307	16B30E62-A908-9896-E48F-9BD58D519DD2
1308	B9A557D8-8424-11EC-BB30-9CFCE8C5962F
1309	0 340 0
1310	0FC61CD2-3FC7-11ED-BB47-9CFCE8C5962F
1311	4EA47E3B-2561-26AE-34E7-ECC705042105
1312	B9A55733-8424-11EC-BB30-9CFCE8C5962F
1313	3F0E96B4-2E01-BE0C-20D7-141D7E263C30
1314	3C874A71-730F-16A8-BCE9-65DD5DF6596F
1315	mp_tdm_spawn
1316	A53A3344-4B37-8F3F-248E-0944F35E42C8
1317	35076FB1-29B0-835E-A3D6-527CC3E48DEB
1318	B9A5534F-8424-11EC-BB30-9CFCE8C5962F
1319	B9A55C04-8424-11EC-BB30-9CFCE8C5962F
1320	0ECD923D-91A3-24C5-1C01-190342CF72EB
1321	49C5D19E-3E46-B65E-B26C-7C4415AF8836
1322	-720 456 -160
1323	-1096 -832 -168
1324	B9A55634-8424-11EC-BB30-9CFCE8C5962F
1325	-472 -872 -176
1326	16534F24-3FC7-11ED-BB47-9CFCE8C5962F
1327	1
1328	B9A55CE5-8424-11EC-BB30-9CFCE8C5962F
1329	142 -618.039 -148
1330	2C6C72AA-203B-7789-F0DB-054D0FDD9374
1331	58EB3B7D-7E38-397A-5CC4-1A396DF52D46
1332	B9B5E4F2-B362-D318-3F9A-F9E1D79184AE
1333	B9A55A51-8424-11EC-BB30-9CFCE8C5962F
1334	-848 420 -180
1335	mp_rugby_spawn_allies_secondary
1336	142 -622.039 -156
1337	-960 184 -184
1338	B9A55922-8424-11EC-BB30-9CFCE8C5962F
1339	B9A55931-8424-11EC-BB30-9CFCE8C5962F
1340	73DB4DAB-5359-9821-78F3-0F212B4B5DD2
1341	-1112 240 -176
1342	163395CF-5FFD-BC22-08DE-55A5088FAAA9
1343	1B503C17-AEB1-3090-6970-70D7FCA555DA
1344	-984 -40 -168
1345	-1128 -672 -184
1346	B9A55D3F-8424-11EC-BB30-9CFCE8C5962F
1347	B9A55625-8424-11EC-BB30-9CFCE8C5962F
1348	663DA325-5717-02E4-942B-D1777D3E8A4B
1349	B9A55D21-8424-11EC-BB30-9CFCE8C5962F
1350	A147F44B-0230-E4AF-1835-D264EBF46C93
1351	pf42afd0670631c822_auto8813878429827858277
1352	120 404 -168
1353	-1111.3 432.18 -180.007
1354	B9A55946-8424-11EC-BB30-9CFCE8C5962F
1355	B9A5561F-8424-11EC-BB30-9CFCE8C5962F
1356	5331685C-43B8-11ED-BB48-9CFCE8C5962F
1357	B9A5588C-8424-11EC-BB30-9CFCE8C5962F
1358	B9A55B83-8424-11EC-BB30-9CFCE8C5962F
1359	B9A5581A-8424-11EC-BB30-9CFCE8C5962F
1360	3816E496-377C-0C1C-ADE2-0C5B6A2C9E0E
1361	B9A55D15-8424-11EC-BB30-9CFCE8C5962F
1362	-1038 258.039 -168
1363	B9A555EF-8424-11EC-BB30-9CFCE8C5962F
1364	74 -574.039 -148
1365	10FE680A-CCE3-3F30-4300-21081708E36A
1366	3FCB6C3B-F2A4-8EC4-7319-49D7FBBB856B
1367	-1104 432 -168
1368	16534F4C-3FC7-11ED-BB47-9CFCE8C5962F
1369	B9A55B0B-8424-11EC-BB30-9CFCE8C5962F
1370	A344C7BC-6897-C65D-560D-2A778AEAF082
1371	AB917183-38C9-11ED-BB47-9CFCE8C5962F
1372	BB5F6A78-D107-2ADB-AE4A-A7839C5D706B
1373	1FBD3E65-6D19-7B66-E0BF-9AFD06028DB4
1374	-712 -880 -160
1375	B9A5580B-8424-11EC-BB30-9CFCE8C5962F
1376	B9A556D0-8424-11EC-BB30-9CFCE8C5962F
1377	B9A55D48-8424-11EC-BB30-9CFCE8C5962F
1378	B9A5593D-8424-11EC-BB30-9CFCE8C5962F
1379	ED981D98-D850-675A-0C60-91A4C59DCB6F
1380	B9A55AB1-8424-11EC-BB30-9CFCE8C5962F
1381	B9A55D66-8424-11EC-BB30-9CFCE8C5962F
1382	scriptable_accessory_icicle_level_64_destr_chunk_04
1383	F560E366-B39A-BBAA-4FC0-9FAB407B427A
1384	7DB5EAA7-C234-6F8B-4145-DBAD0D862A5E
1385	pf356c89a57d709fdf_auto2108
1386	2C9056AF-DFAA-50D4-E2EC-F36DBCF8563D
1387	B9A55352-8424-11EC-BB30-9CFCE8C5962F
1388	pf42afd0670631c822_auto15868788276812859305
1389	6F5089F6-D573-9FC6-EAF6-8901433B406A
1390	-1064 168 -176
1391	D43D0343-89F2-BE48-6580-3BD5627452DB
1392	-1118 226.039 -168
1393	B9A556F4-8424-11EC-BB30-9CFCE8C5962F
1394	148 306 -164
1395	875B5FEB-0229-C11F-3CA0-3ADF4F4B33ED
1396	C0350065-FBE1-62D4-04AE-2EBB0A0141E1
1397	-840 304 -184
1398	FE5410E3-30E8-A776-F7C7-D394DD901072
1399	8B628A09
1400	81282EDA-BA1F-2565-F7F2-62E3310149DB
1401	84AFA298-0BBD-5323-809A-DD28D54FCCC0
1402	CC23E902-B231-C928-F272-4A837D403DA9
1403	1DDF36E5-1FC4-9B19-313F-7BAC11A93C47
1404	B9A55CB5-8424-11EC-BB30-9CFCE8C5962F
1405	B9A559E8-8424-11EC-BB30-9CFCE8C5962F
1406	53316872-43B8-11ED-BB48-9CFCE8C5962F
1407	B28A20C4-ABAD-31E2-CF95-7161AA9A691C
1408	88 -868 -176
1409	20B2050C-1958-25CB-5C54-AB403FD0EA73
1410	B9A55AF9-8424-11EC-BB30-9CFCE8C5962F
1411	mp_tdm_spawn_axis_start
1412	-1032 168 -184
1413	B9A55A78-8424-11EC-BB30-9CFCE8C5962F
1414	B9A55A90-8424-11EC-BB30-9CFCE8C5962F
1415	6C5B852B-CCC9-3FDA-EA47-8A4BA03AE727
1416	pfb2a2716bc876cd5a_auto2108
1417	B9A552D7-8424-11EC-BB30-9CFCE8C5962F
1418	B9A55757-8424-11EC-BB30-9CFCE8C5962F
1419	B9A55724-8424-11EC-BB30-9CFCE8C5962F
1420	-1104 312 -184
1421	ED2B6D2B-D1F9-D1E2-1D85-DF2943FAA3AD
1422	B9A551F8-8424-11EC-BB30-9CFCE8C5962F
1423	32AE3B4D-8353-8C8A-240E-819BDB3E424A
1424	B9A558B3-8424-11EC-BB30-9CFCE8C5962F
1425	B9A55955-8424-11EC-BB30-9CFCE8C5962F
1426	B9A55883-8424-11EC-BB30-9CFCE8C5962F
1427	B9A552BC-8424-11EC-BB30-9CFCE8C5962F
1428	B9A55649-8424-11EC-BB30-9CFCE8C5962F
1429	D66825E9-A6DE-FD3D-01F3-5786E7D0894F
1430	-1112 232 -168
1431	B9A556A6-8424-11EC-BB30-9CFCE8C5962F
1432	DFBD145C-144B-CF07-E8CE-675F8C718C79
1433	A3B56108-976A-BE5A-BCC0-53BD31141D12
1434	B9A55BE0-8424-11EC-BB30-9CFCE8C5962F
1435	132 416 -184
1436	48 -882 -164
1437	-136 -880 -176
1438	130 -754.039 -160
1439	979A699B-0940-4E01-5EC7-2D895DACFFC3
1440	-304 368 -168
1441	-1060 140 -180
1442	4303FC2E-1B4C-8722-C064-8CF233C9CEEA
1443	-1064 -24 -168
1444	0 329.999 0
1445	1204D4FB-9F4E-9E25-8B88-DDBD2C07A27C
1446	pf37c8de93f4a6b2de_auto2108
1447	DA296617-43B8-11ED-BB48-9CFCE8C5962F
1448	-896 -864 -168
1449	-1021.8 449.629 -168
1450	144 -808 -176
1451	B9A55742-8424-11EC-BB30-9CFCE8C5962F
1452	BF3F45D6-E945-CF99-7051-BA79D5C08A68
1453	BC98316A-82AA-EADB-EED8-D25927297CA7
1454	B9A55331-8424-11EC-BB30-9CFCE8C5962F
1455	136 -496 -176
1456	B9A556D9-8424-11EC-BB30-9CFCE8C5962F
1457	-168 440 -176
1458	-1072 -304 -168
1459	33A4EDCB-47B3-BC10-83D6-83A74E314C33
1460	F3575E9B-5E84-C3AD-FC5F-1B2EE1560DB7
1461	16534F3D-3FC7-11ED-BB47-9CFCE8C5962F
1462	2C119483-4262-AD53-02AC-45C828DB1D9B
1463	B9A55B20-8424-11EC-BB30-9CFCE8C5962F
1464	9299EE62-6A5F-86E4-172C-A7592278E7A1
1465	0 0 0
1466	-1112 24 -168
1467	C7FC87F0-3465-42C2-F1EA-538A9CBD5383
1468	scriptable_fire_flicker_fast
1469	142 -690.039 -152
1470	99EE5C27-CE1D-8C48-E734-D2FBA1934662
1471	B5B40D13-5D14-0406-8F8C-E020CDAEC874
1472	9758378B-5308-A1D0-3D1E-4B6211AC8002
1473	0C23256C-B670-3C61-B69B-81E36F367794
1474	775AF7EA-CD40-9E4E-FD3A-0CCBE2A768D8
1475	0 165 0
1476	B9A5595B-8424-11EC-BB30-9CFCE8C5962F
1477	52235F2E-234F-434B-CF79-64D52C2E87DC
1478	B9A55721-8424-11EC-BB30-9CFCE8C5962F
1479	9999E316-272A-9433-763D-9E1A5BA49212
1480	4562ADD4-B09B-FB5A-C47F-440C20353FC6
1481	0FA60197-BC98-1AD1-ED84-4CF67B309CDC
1482	CC805AC5-7E3B-C21A-4244-130314487588
1483	EE60032F-8316-0756-E900-03796399967A
1484	B9A556E5-8424-11EC-BB30-9CFCE8C5962F
1485	B9A5596A-8424-11EC-BB30-9CFCE8C5962F
1486	-924 356 -180
1487	B9A5560D-8424-11EC-BB30-9CFCE8C5962F
1488	B9A55C0A-8424-11EC-BB30-9CFCE8C5962F
1489	50 -866.039 -160
1490	B9A55664-8424-11EC-BB30-9CFCE8C5962F
1491	-368 -488 -176
1492	-1112 8 -168
1493	E4E95BC6-C1D8-3C79-FBCD-FDD5D02E9D23
1494	CB07CFE2-D418-B3D2-156C-D4934251F7CA
1495	0 310 0
1496	B9A552E9-8424-11EC-BB30-9CFCE8C5962F
1497	-1088 -832 -160
1498	1DCD8880-A65C-780F-1206-657F750761A0
1499	D44729D4-9FBE-5584-EEEB-823B56D22835
1500	79B7C057-3A87-DDED-ED4D-8DFB7B4A260D
1501	-864 -304 -160
1502	c2
1503	7F33BB8C-E4EE-E1CA-BACD-193D67F594D2
1504	-110 -878.039 -148
1505	EDB6E3BF-2C8F-4787-CD36-F1162A06DDF6
1506	B9A55B98-8424-11EC-BB30-9CFCE8C5962F
1507	mp_ctf_spawn_allies_start
1508	B9A557F0-8424-11EC-BB30-9CFCE8C5962F
1509	B9A558CB-8424-11EC-BB30-9CFCE8C5962F
1510	FD35BD49-F56E-C123-F525-F57EFA6FB331
1511	prefabs/createfx/mp_jup_shipment_xmas_cfx.map
1512	0 140 0
1513	3
1514	-768 96 -160
1515	B9A55A33-8424-11EC-BB30-9CFCE8C5962F
1516	3B586A57-99E3-2A5F-4455-D43F17D368A1
1517	069C7369-7AFC-0B92-A350-7D7BBC647E53
1518	118 -534.039 -160
1519	0D78A186-38CA-11ED-BB47-9CFCE8C5962F
1520	-776 -872 -168
1521	B9A556E2-8424-11EC-BB30-9CFCE8C5962F
1522	B9A559D0-8424-11EC-BB30-9CFCE8C5962F
1523	-960 -408 -160
1524	-200 -880 -176
1525	-66 -818.039 -148
1526	B9A55979-8424-11EC-BB30-9CFCE8C5962F
1527	B9A55CEE-8424-11EC-BB30-9CFCE8C5962F
1528	F559A163-D071-A4C3-83A6-F3545503A59B
1529	8AB0C7DE-3E0F-D833-D143-28124E8A5254
1530	47F28966-7AC1-7964-FF1A-5DD58FC7FA2F
1531	-1040 248 -176
1532	-768 452 -160
1533	80F57147-6E99-288F-E4EC-1D2E8D66AB02
1534	40 432 -168
1535	AAB79569-1678-B86D-DEEF-E14976591F04
1536	3E7DEC01-8A02-E5FA-BD7A-2E7FDE57B022
1537	B9A5573C-8424-11EC-BB30-9CFCE8C5962F
1538	B9A552EF-8424-11EC-BB30-9CFCE8C5962F
1539	mp_tdm_spawn_allies_start
1540	BFB89DC9-355B-71CF-E06D-92898EFA7A87
1541	-1112 308 -180
1542	-1118 218.039 -168
1543	-864 -296 -168
1544	E03A269F-43B8-11ED-BB48-9CFCE8C5962F
1545	B9A55997-8424-11EC-BB30-9CFCE8C5962F
1546	88 -456 -176
1547	B9A55829-8424-11EC-BB30-9CFCE8C5962F
1548	B9A5560A-8424-11EC-BB30-9CFCE8C5962F
1549	B9A556CD-8424-11EC-BB30-9CFCE8C5962F
1550	B9A5527D-8424-11EC-BB30-9CFCE8C5962F
1551	B9A5566A-8424-11EC-BB30-9CFCE8C5962F
1552	B9A559BB-8424-11EC-BB30-9CFCE8C5962F
1553	B9A55793-8424-11EC-BB30-9CFCE8C5962F
1554	B9A551BF-8424-11EC-BB30-9CFCE8C5962F
1555	-488 344 -176
1556	traversal_door
1557	109.301 -711.18 -172.007
1558	B9A55CA3-8424-11EC-BB30-9CFCE8C5962F
1559	scriptable_accessory_icicle_level_64_destr_chunk_03
1560	12ECC40A-7180-F2D3-A7A7-8B95D46697DE
1561	B9A55775-8424-11EC-BB30-9CFCE8C5962F
1562	B9A55CC7-8424-11EC-BB30-9CFCE8C5962F
1563	-988 448 -176
1564	B9A55C22-8424-11EC-BB30-9CFCE8C5962F
1565	pf7f8dde9ab576e9ea_auto2108
1566	39B8A56C-640A-E8CD-64EF-07E878231214
1567	C9845803-95A6-F8BE-59CD-90E043D7A7CC
1568	0DFE47B8-18BB-541E-6586-7B741CDAB82E
1569	B9A55601-8424-11EC-BB30-9CFCE8C5962F
1570	B9A55C31-8424-11EC-BB30-9CFCE8C5962F
1571	73D24DC8-EBE0-C724-0F71-4DEC35E59C4D
1572	-110 -882.039 -156
1573	-264 -768 -168
1574	D0CABE36-76EC-EEC5-BB58-19B181AF75D8
1575	0896F5F3-A545-805C-7964-77B2F0658288
1576	24 -824 -184
1577	B42198E7-3F12-11ED-BB47-9CFCE8C5962F
1578	-960 192 -176
1579	-950 186.039 -176
1580	-528 -872 -176
1581	DB0FB8A8-5D04-AF90-6787-E29C125848BF
1582	7CCFA914-3F12-11ED-BB47-9CFCE8C5962F
1583	48B54C8F-3AEB-DC24-754F-49C0C191D90D
1584	0 210 0
1585	8270940C-E391-8C2A-B4CC-1A2A42265FA7
1586	mp_ctf_spawn
1587	7F5B7E38-E142-5B3E-AFCF-D16256968EF3
1588	75 -574.039 -160
1589	0 225 0
1590	pfc637ee6989602447_auto2108
1591	D9B5A900-39D4-07BC-52A8-F56042C4C2E7
1592	B9A552B9-8424-11EC-BB30-9CFCE8C5962F
1593	B9A55919-8424-11EC-BB30-9CFCE8C5962F
1594	84A8319B-3F12-11ED-BB47-9CFCE8C5962F
1595	B9A55313-8424-11EC-BB30-9CFCE8C5962F
1596	B9A555FB-8424-11EC-BB30-9CFCE8C5962F
1597	-832 400 -176
1598	-1040 -440 -168
1599	4A37174A-5BB3-5B9E-D578-58547C83BB27
1600	B9A55C9A-8424-11EC-BB30-9CFCE8C5962F
1601	B9A55CA9-8424-11EC-BB30-9CFCE8C5962F
1602	mp_dom_spawn_axis_start
1603	A02DE996-ACDE-BDE4-551E-0AA31FD07D68
1604	2BFAC8B7-96AC-AFD3-5B88-F906EE59A8C9
1605	-1072 -56 -160
1606	75F3BF9E-9E5E-3728-8C69-26A231031F29
1607	-1009.8 185.301 -168
1608	E6BE38FD-38C9-11ED-BB47-9CFCE8C5962F
1609	B9A552FE-8424-11EC-BB30-9CFCE8C5962F
1610	-648 -784 -168
1611	pf42afd0670631c822_auto10195669146869251168
1612	mp_rescue_spawn_attacker
1613	-1082 146.039 -168
1614	boat_life_saver_01
1615	C34A8D57-4E12-AC79-F9B0-41DD618218DD
1616	B9A5562E-8424-11EC-BB30-9CFCE8C5962F
1617	76A4B1BB-CF1C-54FC-2A18-7A5EFA52113B
1618	B9A55BD1-8424-11EC-BB30-9CFCE8C5962F
1619	629F2051-619A-C29B-4FEE-CB8769BEC794
1620	B9A555E3-8424-11EC-BB30-9CFCE8C5962F
1621	scriptable_equipment_safety_vest_02
1622	9B4479B0-08DA-A8CF-01E9-F851C9981114
1623	A1349A3F-2FA7-F03F-D4A6-76C57D69B82B
1624	4B9BC516-43B8-11ED-BB48-9CFCE8C5962F
1625	1BEA6963-E713-670C-3414-5C63B26E21E6
1626	61E1837D-0E1A-FD84-CC95-78EF6EE95933
1627	CCC6DBC8-B37F-FEA4-2BD6-8BA80C022D56
1628	B9A558FE-8424-11EC-BB30-9CFCE8C5962F
1629	-1104 424 -180
1630	235C5057-9CA2-9A73-FBCD-62331B53A0FE
1631	B9A55C3D-8424-11EC-BB30-9CFCE8C5962F
1632	-492 -880 -176
1633	55E94F7C-3C1B-21AF-94AB-C196CCAD1006
1634	c1
1635	2429479A-38CA-11ED-BB47-9CFCE8C5962F
1636	B9A55D57-8424-11EC-BB30-9CFCE8C5962F
1637	B9A5583E-8424-11EC-BB30-9CFCE8C5962F
1638	-1040 240 -184
1639	B9A55820-8424-11EC-BB30-9CFCE8C5962F
1640	-1112 176 -160
1641	FE32F369-F9E1-6B94-695C-98FBE11DE0DF
1642	E11E7E74-B430-0BF2-1872-5CD31E0AF5D3
1643	90 -682.039 -148
1644	B9A5571B-8424-11EC-BB30-9CFCE8C5962F
1645	10692F30-25D6-BCFA-0FF3-971A3EE10555
1646	88081261-1E8C-E0E3-1AB3-86F2ED0F6031
1647	B9A55862-8424-11EC-BB30-9CFCE8C5962F
1648	B9A557F3-8424-11EC-BB30-9CFCE8C5962F
1649	136 -672 -184
1650	394E89BD-6D36-B4DC-512F-8619317104C3
1651	pf6575f94d41888c47_auto2108
1652	pf4aca62c707f16ecf_auto2108
1653	B9A558A1-8424-11EC-BB30-9CFCE8C5962F
1654	436180CB-F302-1E1B-C3AD-0D5FF840F63D
1655	136 -538 -176
1656	10A97848-6362-30D3-8608-1FC1DFBE3FD0
1657	82 -598.039 -152
1658	B9A559E2-8424-11EC-BB30-9CFCE8C5962F
1659	19ADC0C6-C7C0-9513-0E54-D786F3595B74
1660	B9A559B5-8424-11EC-BB30-9CFCE8C5962F
1661	553D568B-AD8E-49EB-9AA3-4931765CAF89
1662	89 -682.039 -160
1663	B9A55958-8424-11EC-BB30-9CFCE8C5962F
1664	B9A551B9-8424-11EC-BB30-9CFCE8C5962F
1665	-304 448 -168
1666	mp_arena_spawn_allies_start
1667	A5FBF5B8-A624-73E0-BA66-2C721B1DEC45
1668	B9A55805-8424-11EC-BB30-9CFCE8C5962F
1669	32B6F909-C138-392F-D1EF-5F0E39D25A16
1670	default
1671	06DA6680-38CA-11ED-BB47-9CFCE8C5962F
1672	144 312 -168
1673	C1356C58-3F12-11ED-BB47-9CFCE8C5962F
1674	B9A5564C-8424-11EC-BB30-9CFCE8C5962F
1675	-848 312 -184
1676	B9A558B9-8424-11EC-BB30-9CFCE8C5962F
1677	-80 -880 -176
1678	6D419664-E286-7BA7-22DF-68E3FFD81CF9
1679	B9A55337-8424-11EC-BB30-9CFCE8C5962F
1680	B9A55C0D-8424-11EC-BB30-9CFCE8C5962F
1681	pf88f914add0908763_auto2108
1682	-892 440 -176
1683	0 284.999 0
1684	136 -602 -164
1685	B9A559A3-8424-11EC-BB30-9CFCE8C5962F
1686	136 -536 -184
1687	C1356C4A-3F12-11ED-BB47-9CFCE8C5962F
1688	B9A55706-8424-11EC-BB30-9CFCE8C5962F
1689	-840 304 -176
1690	133.301 -783.18 -172.007
1691	-176 -472 -160
1692	048655C3-4ABE-DF26-37B3-7196C01F2157
1693	B9A55A39-8424-11EC-BB30-9CFCE8C5962F
1694	136 -864 -168
1695	85C3AF01-0237-8467-158C-079823ACFE22
1696	-1128 240 -160
1697	scriptable_fire_flicker_large
1698	CD414303-3F12-11ED-BB47-9CFCE8C5962F
1699	74 -582.039 -160
1700	502F2DD1-6BD5-BE59-96AB-E26443A9139D
1701	0 300 0
1702	44D4AF12-CB1A-A9E2-6EB3-610EF0E6F7C4
1703	055F5A80-B83F-B8D3-F7E2-1D500F77406A
1704	E6EA0A5A-7EB1-D1E7-8704-3223D5A51C3B
1705	B9A55B92-8424-11EC-BB30-9CFCE8C5962F
1706	178CCE02-16DF-6B32-559B-EA42CE3F4C9F
1707	B9A55700-8424-11EC-BB30-9CFCE8C5962F
1708	A233D576-A9AA-8319-7E8F-216DEF0D4245
1709	FB941200-703C-D718-EE6C-016A75ABE73A
1710	B9A557EA-8424-11EC-BB30-9CFCE8C5962F
1711	B9A55D00-8424-11EC-BB30-9CFCE8C5962F
1712	-116 -884 -184
1713	B9A55BF8-8424-11EC-BB30-9CFCE8C5962F
1714	pf42afd0670631c822_auto6787470139949223547
1715	-312 -880 -184
1716	-1000 448 -160
1717	B9A55868-8424-11EC-BB30-9CFCE8C5962F
1718	B9A55763-8424-11EC-BB30-9CFCE8C5962F
1719	72399EBB-7963-89C1-3D02-02173211A86B
1720	29554B30-3CBE-CB08-28EC-403648C6026F
1721	7E67F0B6-CEDD-DEE3-FF3A-1BF319B97C43
1722	172117F0-2A84-66D1-AB5A-E7A4CAB263DB
1723	B9A55703-8424-11EC-BB30-9CFCE8C5962F
1724	AF60001D-C01E-1C81-BDC9-3D35FC42E3B8
1725	0 64.9999 0
1726	1171094F-D6CA-DF09-1EF1-E15D15476CCA
1727	B9A557D5-8424-11EC-BB30-9CFCE8C5962F
1728	-988 448 -184
1729	3F43ED92-01F2-3BB8-CCBD-C372DEBA8913
1730	E646B018-E960-D118-DEA1-B7BB52B0E98A
1731	B9A55835-8424-11EC-BB30-9CFCE8C5962F
1732	-680 -880 -168
1733	E9E4ED84-F598-6A48-3DAA-6743E023410A
1734	242947BF-38CA-11ED-BB47-9CFCE8C5962F
1735	D1466A16-3A2F-F359-BC3B-E25A8BC22BDB
1736	126 -750.039 -160
1737	B9A55718-8424-11EC-BB30-9CFCE8C5962F
1738	A92DAF3A-4F4B-6C81-4D2B-FA88F8CB99A6
1739	08977CB0-10C8-C8D2-C3BB-2E43092869D7
1740	B9A55280-8424-11EC-BB30-9CFCE8C5962F
1741	B9A55AD5-8424-11EC-BB30-9CFCE8C5962F
1742	268A99F4-FCA9-8280-0665-E5AD907A3316
1743	B9A5561C-8424-11EC-BB30-9CFCE8C5962F
1744	B9A556EE-8424-11EC-BB30-9CFCE8C5962F
1745	D52E5390-D1E9-580F-6C5B-C2EB80996E91
1746	3A58CB9C-6F47-C146-DF0D-A84E77190E57
1747	0FC61CC8-3FC7-11ED-BB47-9CFCE8C5962F
1748	9E120BF8-6A15-DFAF-431A-9F132EAA4958
1749	99BF2FA5-5A7F-FFBE-8C15-F76711016D44
1750	jump_down_40
1751	jump_down_80
1752	-16 -884 -176
1753	B9A55967-8424-11EC-BB30-9CFCE8C5962F
1754	B9A55B9E-8424-11EC-BB30-9CFCE8C5962F
1755	B9A55BE9-8424-11EC-BB30-9CFCE8C5962F
1756	0EE7EDDC-7554-0044-A6C9-2F9EAD0163D8
1757	EAA8FC0D-218C-9A12-F55A-FFD493FACC4A
1758	93FB7C2F-D78D-CFC6-24B7-B43359787AAB
1759	-1056 104 -168
1760	B9A55334-8424-11EC-BB30-9CFCE8C5962F
1761	-840 368 -184
1762	B9A55D06-8424-11EC-BB30-9CFCE8C5962F
1763	0 105 0
1764	262996B2-FEE5-2E9D-0AC8-9F9487711F61
1765	-1064 136 -160
1766	pf42afd0670631c822_auto4115924474290573798
1767	B7E1E021-841C-0F11-8917-5F0844426070
1768	B9A558EC-8424-11EC-BB30-9CFCE8C5962F
1769	-640 456 -160
1770	B9A555E6-8424-11EC-BB30-9CFCE8C5962F
1771	8A777447-DEB8-8F12-41D5-6FEBBB9AE82C
1772	802EA54E-E348-DD3E-A40F-A6BF6BF6CF43
1773	E8F763AF-351A-7681-61DF-7F1F86F9FEBA
1774	-944 444 -160
1775	-952 -860 -160
1776	B2E0427D-F3FF-58EC-6503-35D46A51C5CB
1777	B9A55BFB-8424-11EC-BB30-9CFCE8C5962F
1778	A889B0E1-4467-189B-0E75-AE9652FFCC37
1779	AB917174-38C9-11ED-BB47-9CFCE8C5962F
1780	5A63A0D7-56A0-1669-CD19-3E8152CED918
1781	-2 -802.039 -160
1782	A5CF20CD-6C4A-A9E3-D92D-99202E08F318
1783	B9A55CA6-8424-11EC-BB30-9CFCE8C5962F
1784	B9A5592E-8424-11EC-BB30-9CFCE8C5962F
1785	E00731A2-9D9A-9C84-230D-CDE4152138B9
1786	accessory_icicle_level_64_destr_chunk_06
1787	B9A55ADE-8424-11EC-BB30-9CFCE8C5962F
1788	4AB98EFD-578C-9453-9B82-0ACAF352FB89
1789	0C173F99-0E34-C7DF-55BE-E0B9B30FD69A
1790	-1000 108 -172
1791	B9A55949-8424-11EC-BB30-9CFCE8C5962F
1792	B9A55961-8424-11EC-BB30-9CFCE8C5962F
1793	6F168F25-AA34-5AEB-4372-A59E71918E36
1794	B9A55349-8424-11EC-BB30-9CFCE8C5962F
1795	B9A552C5-8424-11EC-BB30-9CFCE8C5962F
1796	1DE6F585-38CA-11ED-BB47-9CFCE8C5962F
1797	132 -870 -164
1798	B9A55619-8424-11EC-BB30-9CFCE8C5962F
1799	6913AF59-C0EC-042F-B700-EBC4408BC508
1800	B9A55CE8-8424-11EC-BB30-9CFCE8C5962F
1801	B9A55B17-8424-11EC-BB30-9CFCE8C5962F
1802	mp_control_spawn_defender_start
1803	scriptable_accessory_icicle_level_64_destr_chunk_02
1804	-688 456 -160
1805	A6C744D4-E226-0ECD-F885-2B9740BDB874
1806	-1112 -616 -168
1807	-6 -866.039 -160
1808	B9A5577B-8424-11EC-BB30-9CFCE8C5962F
1809	52.3008 -772.18 -172.007
1810	B9A552A7-8424-11EC-BB30-9CFCE8C5962F
1811	mp_rugby_spawn_axis_start
1812	148 94 -164
1813	mp_koth_spawn_allies_start
1814	B9A55BDD-8424-11EC-BB30-9CFCE8C5962F
1815	F49CFC00-0507-502C-10EE-69A4AC83FDB9
1816	-240 456 -184
1817	B9A55B7A-8424-11EC-BB30-9CFCE8C5962F
1818	B9A55787-8424-11EC-BB30-9CFCE8C5962F
1819	-124 -877.039 -152
1820	1CC35401-86BD-F438-9516-562693F09DB0
1821	B9A5594C-8424-11EC-BB30-9CFCE8C5962F
1822	0 220 0
1823	B9A55B8F-8424-11EC-BB30-9CFCE8C5962F
