   1	1735.85 -265.362 136.294
   2	A0846F45-FFC9-9D8F-5A4B-875085CF283C
   3	0 5.3993 0
   4	BFD1A482-88E5-938B-9D94-80F2680DCA05
   5	prefabs/createfx/mp_jup_afghan_v2_cfx.map
   6	tag_fender_front_left
   7	21C43915-0173-11EE-8559-803253C95184
   8	0 268.528 0
   9	0 193.127 0
  10	F184EEEB-03F6-11EE-8559-803253C95184
  11	vfx_afgn_ceiling_smoke
  12	1067.99 162.499 29.054
  13	vfx/jup/level/mp_jup_afghan/vfx_afgn_smoke_smoldering_04
  14	mp_escort_spawn_attacker_start
  15	vfx/jup/level/mp_jup_afghan/vfx_afgn_ground_decal_fire_sml_01
  16	1943 4198 260
  17	7A2BB1D0-DEDD-10C9-BFB3-6D6479342774
  18	399.868 176.462 -1
  19	scriptable_scriptable_door_wood_ornate_01_green_double_l
  20	582.035 1957.41 175.525
  21	ik_out_start_right_hand
  22	BCD59C99-79C4-11EE-8E40-6C6A77E3CEAB
  23	vfx_afgn_fire_med_01
  24	0 125.898 0
  25	vfx_animals_rat_arc
  26	vfx_afgn_fire_lrg_02
  27	tag_origin
  28	3947 2488 8
  29	9448A14E-B1D6-A4BC-C15D-CAA5F2510CE9
  30	invisible
  31	81F90DF4-30C2-11EE-8E2E-6C6A77E3CEAB
  32	3830 2331 28
  33	1992 4256 256
  34	pf3426e504cefec3_auto2108
  35	A35171ED-1613-6186-1B84-F3D1EBB3D0BC
  36	B032D004-D628-11EE-AD92-047BCBA5AAE9
  37	DB4765DF-6C0B-A6C3-801C-E2DC5BB7AAF3
  38	01033A50-E04D-1391-4DCA-D9E33637D210
  39	13F1B682-03F5-11EE-8559-803253C95184
  40	F6960A54-FFE7-11ED-8558-803253C95184
  41	E81BE99A-00C2-11EE-8559-803253C95184
  42	1535.03 184.053 -0.605887
  43	vfx_afgn_falling_rocks_02
  44	C15E1B3A-54CB-11EE-8E37-6C6A77E3CEAB
  45	scriptable_decor_shoes_01_sandals_female_brown_left
  46	E0F2E7FA-DFB6-11EE-ADA3-047BCBA5AAE9
  47	56EF6147-366A-52EB-8C6A-A964238F0E47
  48	pf28a57d31e2b17698_auto4
  49	A97E3339-740C-E25B-1768-2028F104ED83
  50	0 32.7256 0
  51	pfbf0fea3b185ec378_auto716
  52	9CF9CF02-F3B3-A802-E806-53739FFD802D
  53	vfx_afgn_spark_fusebox_02
  54	0 40.2001 0
  55	0DDC83F6-6C38-11EE-8E3F-6C6A77E3CEAB
  56	8B830B31-54CB-11EE-8E37-6C6A77E3CEAB
  57	FFAB510F-D5E8-11EE-AF09-E0D4E875DD15
  58	-414 -660 -128
  59	mp_dd_spawn_attacker_start
  60	1443 3387 251
  61	4A41B292-E2D2-ADDA-00F4-5284A54E8E1A
  62	4466 989 131
  63	32919EF6-54CD-11EE-8E37-6C6A77E3CEAB
  64	37A4D246-1BD2-F7A3-1912-70AA8ED1D2D2
  65	FCBDD8A0-15D8-F273-0821-F00E820ECC33
  66	vfx/jup/level/mp_jup_afghan/vfx_afgn_water_poursplash_01
  67	4349 116 155
  68	FieldOfViewReset
  69	mp_dd_spawn_defender_b
  70	ACB4FE92-07DE-1D5A-69C9-7FBF8DA3A052
  71	2040 4117 260
  72	2CFFE44D-AA1F-6090-ABA4-71DDCA5F0CA2
  73	2548.63 1246.33 26.4954
  74	0.153121 225.699 0.257872
  75	pfb1428c4dd024e56b_auto2108
  76	mp_control_spawn_attacker
  77	2202.54 -187.132 144
  78	55F5E714-D097-85E1-1A2E-4C54D74E5FB8
  79	fully_opening_unusable
  80	D9E2A6DD-842F-497A-C5D5-4CA72962E2E0
  81	2EADB2CC-3C85-11EE-8E2F-6C6A77E3CEAB
  82	224.558 -505.655 -5
  83	0 248.5 0
  84	C2F672A1-DFB6-11EE-ADA3-047BCBA5AAE9
  85	C019C877-7F8C-5D96-6E56-F6708277AE7E
  86	E1237BCE-DAE6-2282-2333-57BF1CCC861C
  87	C073B02E-FFE8-11ED-8558-803253C95184
  88	3920 160 192
  89	0 90 0
  90	1F7A55D8-54BE-11EE-8E37-6C6A77E3CEAB
  91	43969D53-2F98-4250-E6B3-4F485D08A3FE
  92	1747.59 2215.13 2.04138
  93	vfx_afgn_fire_lrg_04
  94	-139.442 -525.655 -58
  95	pf46aeb69efb5d1ffd_auto2108
  96	mp_dd_spawn_attacker_b
  97	456.028 2449.7 229.544
  98	C1B3E62F-54CA-11EE-8E37-6C6A77E3CEAB
  99	vfx_afgn_raid_lensflare_bulb_red
 100	jup_infil_blima_rope_kick_right
 101	A0354FDF-9357-B1A6-3683-695254E37F93
 102	pf3f025c517926afd_auto2108
 103	3830 2432 -5
 104	-380 -707 -124
 105	vfx_afgn_water_stream_med_01
 106	pfb44a1e2315ad99b8_auto716
 107	infil_blima_4
 108	50960FC0-3C99-76CE-A894-0A70E5553C90
 109	pf39e5e1e3cee5f3eb_auto2108
 110	vfx/jup/level/mp_jup_afghan/vfx_afgn_smoke_light_02
 111	vfx/jup/level/mp_jup_afghan/vfx_afgn_dirty_flare
 112	0 225.428 0
 113	pfaf9f278b2962d51f_auto2108
 114	vfx_afgn_dirty_flare
 115	000D2929-A2FD-18C2-A994-482E6FE3AA57
 116	24B64C1D-8D05-6999-F5BB-5DC4FB2D9034
 117	76543CF8-EE96-4726-70E0-E6E52AA3713A
 118	E3D2B4D6-8961-159A-6D35-CC4D0244DA89
 119	scriptable_scriptable_door_wood_ornate_01_orange_double_l
 120	vfx_afgn_oil_dripping
 121	-233 2485 138
 122	vfx
 123	0 52.7279 0
 124	pf2f4f42e92ff6d9c7_auto2108
 125	EBC96B1E-EB78-1B16-EF89-369188F56A1A
 126	scriptable_decor_shoes_01_sandals_female_brown_right
 127	vfx/jup/level/mp_jup_afghan/vfx_afgn_smoke_light
 128	9B59FDAE-03F6-11EE-8559-803253C95184
 129	2F4EDEB1-FA75-CBD0-795C-8D95C1720D26
 130	FFAB50F6-D5E8-11EE-AF09-E0D4E875DD15
 131	3984 2552 0
 132	-401 -678 -128
 133	closed
 134	E0F2E810-DFB6-11EE-ADA3-047BCBA5AAE9
 135	BC51AC03-991B-11ED-8540-803253C95184
 136	1D7A00F8-C60F-F4F3-1DF2-F9D2784C1C18
 137	6DCCAC7A-6B33-E7C8-5986-C49DA131D0B1
 138	3AF1B3FF-3C80-11EE-8E2F-6C6A77E3CEAB
 139	pf9659f5eba88529ba_auto2108
 140	damageheavy
 141	2558.16 1193.51 28.9884
 142	pfbf815870b3866243_auto2108
 143	178CEB5B-07FC-3529-57A4-97A541BE7E0C
 144	pf514f5639a942d495_auto2108
 145	F50B205A-54CA-11EE-8E37-6C6A77E3CEAB
 146	mp_dm_spawn_start
 147	vfx/jup/level/mp_jup_afghan/mp_afgn_heat_haze_vista
 148	411F022A-EAB8-D8CF-5DE3-2FC57D8E2887
 149	-295.558 -670.345 -103
 150	76CA384A-579B-DE02-796F-B3378B1EAC3E
 151	0 45.4999 0
 152	02671611-54BE-11EE-8E37-6C6A77E3CEAB
 153	2400 512 80
 154	mp_dom_spawn_allies_start
 155	mp_arena_spawn_axis_start
 156	equipment_toolbox_02_orange
 157	26751E82-54CD-11EE-8E37-6C6A77E3CEAB
 158	1CC6A7D0-94E1-59D5-CB64-F26D238C1380
 159	4D086123-003E-D238-BAED-0E4F46B61625
 160	30E9751D-3C80-11EE-8E2F-6C6A77E3CEAB
 161	vfx_afgn_leaves_falling_01
 162	infil_blima_3
 163	0 239.428 0
 164	vfx_afgn_ceiling_fire
 165	728B0962-54CA-11EE-8E37-6C6A77E3CEAB
 166	pf8217ee02ce0d0462_auto2108
 167	3939 2624 7
 168	6526AAEA-3C86-11EE-8E2F-6C6A77E3CEAB
 169	1A0C9D0E-03F5-11EE-8559-803253C95184
 170	0 23.2253 0
 171	365 368 48
 172	pf4ee5de369a9afbcf_auto2108
 173	8F2EC2E5-3C83-11EE-8E2F-6C6A77E3CEAB
 174	3178FF1A-D87A-294E-36AE-097B012747F6
 175	38E132A6-6F69-DCB6-8C8D-796FC977748B
 176	vfx_afgn_smoke_smoldering_02
 177	407.119 2557.49 245.073
 178	248D36E3-3C86-11EE-8E2F-6C6A77E3CEAB
 179	F209B005-DFA7-11EE-ADA3-047BCBA5AAE9
 180	A44FA6AE-D88A-7023-BB4D-436A069379EA
 181	2415.07 1160.44 22.4398
 182	6B7FF2CE-B9DE-72FE-41EE-EEEC26B6D6C6
 183	5
 184	row1_left
 185	3899 2360 25
 186	D852F1FF-4C8E-3389-7A33-2F5EC4EC263D
 187	pf61540ecaff1710f8_auto2108
 188	pf5ea16627f11578d7_auto2108
 189	E81BE9A3-00C2-11EE-8559-803253C95184
 190	1FF95D28-019B-11EE-8559-803253C95184
 191	50A4194A-8D48-11ED-9919-803253C95184
 192	1367.29 -39.3693 14.3812
 193	FC140C41-5321-B325-C4E8-040D477F468F
 194	-440 -623 -128
 195	3984 2456 8
 196	resetdamagestatesounds
 197	-299 -673 -107
 198	0AB8D911-00AD-11EE-8559-803253C95184
 199	FA1928C6-03F4-11EE-8559-803253C95184
 200	pf5dd8fcd9953fdc89_auto2108
 201	2A739371-1351-F017-6576-E688738B2A57
 202	B993C7E9-FBD3-BF8C-C923-BC4A0997F54E
 203	F96D53BC-213C-60BC-5911-E0B273B997F3
 204	2820 3253 138
 205	051ACCF2-8139-3AED-8186-8250B4A500E7
 206	6344EDAC-3C7F-11EE-8E2F-6C6A77E3CEAB
 207	0 170.999 0
 208	B3D2AFEA-5D7D-DE5B-CDDC-349124315982
 209	3859 699 91
 210	D511CE3C-B949-EB94-F8D0-AEE2EBB46B1E
 211	1173 3862 268
 212	vfx_afgn_fireball_01
 213	0 20.3983 0
 214	A464C83A-C450-45A2-7910-173B48035089
 215	mp_afgn_heat_haze_vista
 216	90538B1C-DFB6-11EE-ADA3-047BCBA5AAE9
 217	D9805637-D162-08F8-F2FE-334A86E770AA
 218	0 1.49903 0
 219	F4585CA0-3C84-11EE-8E2F-6C6A77E3CEAB
 220	C7860E0A-32A0-3B62-4840-43A4653A3E48
 221	654B85DF-54BE-11EE-8E37-6C6A77E3CEAB
 222	4194876C-54CD-11EE-8E37-6C6A77E3CEAB
 223	tag_fx_tail_light_right
 224	2101.66 -217.442 140
 225	68894026-54CC-11EE-8E37-6C6A77E3CEAB
 226	tag_launcher_right
 227	2357.8 1202.79 19.4433
 228	1B79E4D9-03F9-D092-19EE-061320149167
 229	1673 758 58
 230	1874 3027 280
 231	0.153137 256.599 0.257873
 232	FA1928A3-03F4-11EE-8559-803253C95184
 233	pff87a02a88caa32d0_auto2108
 234	vfx_afgn_embers_dripping
 235	-368 -688 -121
 236	vfx/jup/level/mp_jup_afghan/vfx_afgn_ceiling_fire
 237	3834 2434 9
 238	504349D0-3CE6-CDB2-22A0-EBB7966520E5
 239	55B40104-DFA3-11EE-ADA3-047BCBA5AAE9
 240	AF2D3D49-EFA0-7A03-DF5C-6580C696840C
 241	3830 2495 -5
 242	1D661D48-3C86-11EE-8E2F-6C6A77E3CEAB
 243	-300.558 -729.345 -103
 244	pf748b71f602ec68ae_auto2108
 245	6A2D1C59-30BA-11EE-8E2E-6C6A77E3CEAB
 246	0 155.896 0
 247	barrier_wooden_fences_post_01
 248	partially_open_usable
 249	vfx_animals_rat_noreturn
 250	vfx_afgn_fire_smoke_01
 251	vfx_afgn_blowing_sand_big
 252	3446 3358 143
 253	vfx/jup/level/mp_jup_afghan/vfx_afgn_smoke_dark_01
 254	FA19289E-03F4-11EE-8559-803253C95184
 255	0CFF9AB8-1191-0459-D782-2F21945F7554
 256	86.6087 2218.89 193.891
 257	D13C153F-8EC6-91ED-DF51-929384D14F9B
 258	0 217.4 0
 259	10D8C59B-43BA-12C7-96A5-F10B18949765
 260	vfx/jup/level/mp_jup_afghan/vfx_afgn_birds
 261	0 15 0
 262	0FB08DC7-1D4C-79EC-C759-CCFD2AF7AFD7
 263	damagemedium
 264	fingers_out_start_left_hand
 265	E81BE994-00C2-11EE-8559-803253C95184
 266	DE65836F-0255-803A-E6EF-97D8568F5324
 267	F184EEE1-03F6-11EE-8559-803253C95184
 268	1603 183 15
 269	pf2a66d0b381f7d3f0_auto2108
 270	tag_wheel_front_left_spin_follower
 271	2C1D4F51-E936-6974-469B-C63AAE862610
 272	E9D68830-4E97-CCE0-8DB9-F335BAC94AE8
 273	4F487B76-2850-7174-BC37-699F334D8F4C
 274	damagelightsound
 275	0 15.2998 0
 276	-401.132 -603.538 -108
 277	50A4417F-8D48-11ED-B0E5-803253C95184
 278	scripted_anim
 279	F58D7C61-C5BE-DB47-68D3-36D8116EF667
 280	C9385724-03A3-E8A0-E4C6-B3DC11936392
 281	vfx/jup/level/mp_jup_afghan/vfx_afgn_ground_decal_smoke_sml_01
 282	axis_endzone_vis
 283	A949AE97-54BB-11EE-8E37-6C6A77E3CEAB
 284	C073B03A-FFE8-11ED-8558-803253C95184
 285	E0F99041-8DEE-DF3F-E1EE-B65A141001EE
 286	-499 -644 -128
 287	2603.29 1205.29 34.4282
 288	04702CFF-FFE9-11ED-8558-803253C95184
 289	FEDA165E-30BA-11EE-8E2E-6C6A77E3CEAB
 290	2AB9EA63-54CC-11EE-8E37-6C6A77E3CEAB
 291	AudioOneShot
 292	pf9dcd7682370c0f9d_auto2108
 293	4B9B1B8D-C739-12F1-AE42-3F4F558A8D5C
 294	0 271.428 0
 295	512 2552 248
 296	FB0DC003-FFFF-11ED-8558-803253C95184
 297	351DBD6E-DFA8-11EE-ADA3-047BCBA5AAE9
 298	vfx_afgn_fire_lrg_03
 299	CE7687A3-393A-9FC4-4344-0B5D69C1FACE
 300	vfx_afgn_spark_blow_01
 301	85314F18-D430-3392-F338-9E9526F13172
 302	2EA09692-63F2-C4E9-3BF4-CFF8F7E31AE8
 303	pf69126b5f34208542_auto2108
 304	0 55 0
 305	B7AE9BD2-3C80-11EE-8E2F-6C6A77E3CEAB
 306	487.106 2505.94 229.749
 307	vfx/jup/level/mp_jup_afghan/vfx_afgn_water_splash_rail
 308	3458.33 3476.76 130.289
 309	A0C9883A-D477-23AA-BEA7-C61A4C3CA67C
 310	00059EF0-4E7E-CC98-3335-08E4F609F2B7
 311	vfx/jup/level/mp_jup_afghan/vfx_afgn_falling_dust_01
 312	pf5a6cb9cfb7503e4d_auto2108
 313	4468 988 128
 314	mp_dd_spawn_defender
 315	vfx_afgn_blowing_sand_stones
 316	FAD3AF40-E875-1300-670F-D0FC87A25416
 317	9781730E-28A4-FA76-017F-7641BE30D06C
 318	-544 -608 -112
 319	pff0cfc23d1eb4bde5_auto2108
 320	
 321	D773185A-54CA-11EE-8E37-6C6A77E3CEAB
 322	0 106.699 0
 323	286592A2-F8E9-553C-5578-6A79ED28FA2B
 324	392 184 -3
 325	vfx/jup/level/mp_jup_afghan/vfx_afgn_raid_lensflare_bulb_red
 326	tag_headlight_right_2
 327	2FF27146-8B8B-03A9-59A6-87B5FD6C8413
 328	-10.9994 -166.658 0.741058
 329	-376 -809 -124
 330	0 352.199 0
 331	4E36A3D0-DFA3-11EE-ADA3-047BCBA5AAE9
 332	1149.58 3854.08 260.386
 333	pf806ebaa05aefca93_auto2108
 334	6F86E560-082C-BD18-73D2-D32F08571089
 335	pf737685d7395ed304_4
 336	E50A7A71-336E-E7B5-020A-ABFAD9C0DCF8
 337	mp_dm_spawn
 338	5C2AC048-CA8E-35F6-DA4F-E5F7BE5F2BF6
 339	1830.25 -178.771 138
 340	70BE5726-D807-133D-AFF3-A35B7B81034C
 341	2054E118-DFA3-11EE-ADA3-047BCBA5AAE9
 342	592CD78D-D629-11EE-AD92-047BCBA5AAE9
 343	jup_infil_dpv_exit_04
 344	7835944D-CF35-1256-F7E6-A5B3D8D4C23E
 345	vfx_afgn_poppyfield_dust
 346	B6D18526-54BB-11EE-8E37-6C6A77E3CEAB
 347	E593A7F7-D5E8-11EE-AF09-E0D4E875DD15
 348	3455 3590 144
 349	FFAB5119-D5E8-11EE-AF09-E0D4E875DD15
 350	vfx/jup/level/mp_jup_afghan/vfx_afgn_spark_fusebox_02
 351	pf57b1124a32d8b1b1_auto2108
 352	vfx/jup/level/mp_jup_afghan/vfx_afgn_falling_rocks_02
 353	8A7172B6-F828-2CE8-4D96-5407CBE5A147
 354	4BD4ABC8-3C85-11EE-8E2F-6C6A77E3CEAB
 355	10F078A5-F101-6F45-2E67-4C18AB1D681E
 356	pf7e3e2313f5bdb3e4_auto2108
 357	0 67.2994 0
 358	0 250 0
 359	2AB9EA66-54CC-11EE-8E37-6C6A77E3CEAB
 360	B1C4E1A9-0D24-FC9A-B134-E857BC13126E
 361	1FB2174F-FFFD-11ED-8558-803253C95184
 362	-375 -806 -128
 363	4013 2560 0
 364	2021 4193 261
 365	2395CBEA-B8D1-82AA-B02B-DAB79C804EB5
 366	AFB1097F-BCA0-2ED2-B5AD-229707445E12
 367	0D1EC2D8-EC0C-2184-CD94-88F66A2BCD1C
 368	CC9453DF-8318-9CAB-C1A3-B9C48FF12FB4
 369	4416 256 128
 370	0F3FDD97-D62B-11EE-AD92-047BCBA5AAE9
 371	F2440C1C-54BC-11EE-8E37-6C6A77E3CEAB
 372	death_usable
 373	21EA114E-00C2-11EE-8559-803253C95184
 374	F7AA5943-03F6-11EE-8559-803253C95184
 375	scriptable_electronics_control_panel_box_med_01
 376	0 218.299 0
 377	-835 814 197
 378	18F709EF-54CC-11EE-8E37-6C6A77E3CEAB
 379	E766C390-426C-C62F-BE0A-055C8D199870
 380	E49CF905-2AB7-D85D-DE16-98D3D3800014
 381	pffa9ef5b6cfec793e_auto2108
 382	1BC486D8-E97E-DD6B-EA1C-3613541B6342
 383	4901DD21-0359-FE0E-E27E-53EF05AE9E94
 384	45636179-4E4E-B48F-F3FC-B9414E50BC2F
 385	43DE12B1-3C86-11EE-8E2F-6C6A77E3CEAB
 386	2929.89 981.888 104.103
 387	5992372A-54CD-11EE-8E37-6C6A77E3CEAB
 388	-8192 8128 0
 389	81AE6942-0C35-4582-9501-323B77CDEC60
 390	21EA115A-00C2-11EE-8559-803253C95184
 391	right_50
 392	right_90
 393	D1D64BBC-1013-F410-98E9-26ABADDFF4BC
 394	323F9680-18C7-4484-4372-5FC959273B07
 395	vfx/jup/level/mp_jup_afghan/vfx_afgn_water_drips_single_fast
 396	2
 397	1FB21776-FFFD-11ED-8558-803253C95184
 398	552B763E-3E90-36FA-1929-A36E57D0F291
 399	5E04A027-BBF6-3858-BEDA-A4F72E11588D
 400	089CFBEC-3710-7F92-3A98-816427ECB1C2
 401	8605AC41-1D8E-4C81-2A34-1CFF09FAD12E
 402	7DDB7DC4-3C7F-11EE-8E2F-6C6A77E3CEAB
 403	1F7A55E6-54BE-11EE-8E37-6C6A77E3CEAB
 404	vfx_afgn_birds
 405	BC51AC2A-991B-11ED-8540-803253C95184
 406	77391C5B-AE52-4F73-4458-78930BCD475C
 407	17B4B1E7-FFE8-11ED-8558-803253C95184
 408	fast
 409	-770.394 1649.41 217
 410	vfx_afgn_dirty_flare_02
 411	pf737685d7395ed304_10
 412	pff16baa7ff3296a60_auto2108
 413	42F08004-1A58-2BD2-5AC0-76B4BE73E8D5
 414	67B17C07-54BD-11EE-8E37-6C6A77E3CEAB
 415	BCD59C96-79C4-11EE-8E40-6C6A77E3CEAB
 416	mp_dom_spawn
 417	pf385a3a7a6643abd_auto715
 418	pffaef37cfd573c172_auto2108
 419	3392 -208 176
 420	B996315F-3D8A-E2F8-289A-1634DD8BA7C1
 421	vfx/jup/level/mp_jup_afghan/vfx_afgn_spark_blow_01
 422	4407 303 124
 423	hardpoint_vis_05
 424	2850 3082 138
 425	1361.9 642.189 21.0793
 426	E81BE99D-00C2-11EE-8559-803253C95184
 427	1713 3609 239
 428	40D2E520-2474-7920-A19F-61D3D2B18119
 429	0 3.39955 0
 430	9CCDD42B-1714-E1A6-3627-9025190CE731
 431	CE6643CA-54BD-11EE-8E37-6C6A77E3CEAB
 432	4077 2432 16
 433	52E0CD6C-DFA8-11EE-ADA3-047BCBA5AAE9
 434	0 118.398 0
 435	137.868 80.462 23
 436	0 3.29963 0
 437	vfx_afgn_ks_emp_sparks
 438	569B9151-61FC-B2E2-D2E1-0BAFA722F1D1
 439	0 169.6 0
 440	6C0741CA-DFA3-11EE-ADA3-047BCBA5AAE9
 441	ABD17B0A-FFF4-11ED-8558-803253C95184
 442	911.665 3718.52 251.008
 443	pf528b86373b19683d_auto715
 444	-574.606 425.587 132
 445	cp_generator_toggleable
 446	FD774487-83C2-1B48-FC64-65AF64DF9268
 447	88E8CE9E-61B7-83D8-F1C8-980AC551EDE2
 448	-292 -670 -106
 449	4109 2624 0
 450	vfx/jup/level/mp_jup_afghan/vfx_afgn_dirty_flare_long_03
 451	C4E2F8F3-A90D-989F-92A9-8DE20562CE99
 452	visibility
 453	8C20BE86-00AE-11EE-8559-803253C95184
 454	BC51AC54-991B-11ED-8540-803253C95184
 455	pfb240c0d5acb1700a_auto2108
 456	-1212 1268 88
 457	-185.933 2599.67 129.107
 458	door
 459	0 270.799 0
 460	0 338.8 0
 461	D047C0FA-60F6-B00D-2F1F-C5563D51939A
 462	decor_shoes_01_sandals_female_brown_right
 463	0 0.827924 0
 464	3462 3617 143
 465	21EA1151-00C2-11EE-8559-803253C95184
 466	B9A5F3DD-45F6-7254-590B-4AA45580E6BB
 467	2B8DF5DB-00AD-11EE-8559-803253C95184
 468	6F7B9F5B-02B1-021C-DCB9-E70950BA2DD5
 469	-784 1664 218
 470	31CB5342-048E-731C-1744-49E4F9431DC0
 471	jup_infil_blima_player_slide
 472	pf842519758bcc121b_auto3972358067381767843
 473	DD74B5C8-54C1-11EE-8E37-6C6A77E3CEAB
 474	playerasm_patch_mp_infil_blima
 475	ee_clothing_price_boots_01_right
 476	CD9AD624-D806-90C0-1510-BAC631A952F5
 477	17B4B1D2-FFE8-11ED-8558-803253C95184
 478	2ED3BBC3-DFA8-11EE-ADA3-047BCBA5AAE9
 479	vfx_afgn_steam_01
 480	vfx/jup/level/mp_jup_afghan/vfx_afgn_blowing_sand_big
 481	tag_wheel_back_left_spin_follower
 482	-1347.06 806.394 64
 483	vfx/jup/level/mp_jup_afghan/vfx_afgn_steam_01
 484	04702CF6-FFE9-11ED-8558-803253C95184
 485	5592C8DB-9F10-313D-A794-036FFA45244E
 486	playerasm
 487	pffbc90b677f8096fd_auto2108
 488	pf624a6d0893e13f1f_auto2108
 489	0 7.59924 0
 490	A0D716CF-6143-756D-3F8C-03B94A051199
 491	-525.229 335.678 99.723
 492	98294EDD-9302-1D45-2F4A-B648AF88666C
 493	right_30
 494	vfx_afgn_trash_flies
 495	249 -176 0
 496	1856 4256 256
 497	0 150 0
 498	63112BD2-5087-6D6F-8845-C9CEBA745A28
 499	0 5.69981 0
 500	vfx_afgn_oil_decal
 501	0 149.299 0
 502	BEFFA665-C1FD-6282-754C-64150ED7B86F
 503	pf97ca331394dbbadc_auto2108
 504	227 -507 0
 505	pf1051d5e0747a36d9_auto4
 506	0 175.799 0
 507	1DB0BDAC-453B-B6BA-3D92-15FCF0334A99
 508	B24B13E7-EA5F-A556-0104-D04CAF7A0D6E
 509	CECF7AC9-54C1-11EE-8E37-6C6A77E3CEAB
 510	0 235.428 0
 511	A949AEA5-54BB-11EE-8E37-6C6A77E3CEAB
 512	79D2C431-30CB-11EE-8E2E-6C6A77E3CEAB
 513	fingers_in_start_right_hand
 514	hardpoint_vis_01
 515	DD1B81FC-D8B0-B5DC-AAB8-312EAB611838
 516	closed_owned
 517	49094D1A-D58E-53C8-B826-56D4300FA23E
 518	0 228.499 0
 519	vfx_animals_meadow_mouse
 520	4DA4F3C4-05AD-5DA8-CA4D-369B7E0DC80D
 521	EC2EEFBD-9CCA-B275-DC80-9B3334278BA1
 522	0 140.728 0
 523	0A8571B3-5868-DD6E-B118-87C90A12B587
 524	E300706D-54CC-11EE-8E37-6C6A77E3CEAB
 525	60B83EBA-54BD-11EE-8E37-6C6A77E3CEAB
 526	0 66.9977 0
 527	tag_wheel_back_right_spin_follower
 528	-361 -748 -124
 529	59D0381D-19C9-515F-0C9A-DE91D45E881A
 530	2050 4350 266
 531	0 43.1322 0
 532	F184EEDC-03F6-11EE-8559-803253C95184
 533	scriptable_uk_gas_tank_thin_cylinder_2_fly
 534	2367.33 1149.99 21.1271
 535	3115 610 71
 536	88560F14-54BD-11EE-8E37-6C6A77E3CEAB
 537	2593.76 1258.11 33.5077
 538	0 35.0274 0
 539	D6E0846A-DFB6-11EE-ADA3-047BCBA5AAE9
 540	vfx_afgn_smoke_smoldering_04
 541	0 120.927 0
 542	electronics_control_panel_box_med_01
 543	1974 4122 261
 544	B684957A-5605-E8E4-9D2E-11DEA09BBB84
 545	0 222.3 0
 546	EA94D075-6CD6-B5ED-1D39-443B5A7A5C6E
 547	1936 4144 254
 548	AB36BEB3-DFB6-11EE-ADA3-047BCBA5AAE9
 549	8C20BE78-00AE-11EE-8559-803253C95184
 550	1FB2175E-FFFD-11ED-8558-803253C95184
 551	vfx/jup/level/mp_jup_afghan/vfx_afgn_poppyfield_dust
 552	2048 4352 269
 553	4C296F56-54CB-11EE-8E37-6C6A77E3CEAB
 554	-64 -352 -35
 555	0 304.527 0
 556	6C42A504-54CD-11EE-8E37-6C6A77E3CEAB
 557	pf501b8430a59bdced_auto2108
 558	FCECE85E-DFB6-11EE-ADA3-047BCBA5AAE9
 559	cache_medical_box_wall
 560	2148 -276 143
 561	1887.68 2345.01 6.38641
 562	mp_cyber_spawn_axis
 563	596 3203 230
 564	uk_gas_tank_thin_cylinder_2_bnchmrk
 565	0 278.099 0
 566	FFB6F926-A309-FD9B-A2CC-37DDF11D80F7
 567	BCD59C9C-79C4-11EE-8E40-6C6A77E3CEAB
 568	13C74126-894F-1F69-C846-E18CB832861E
 569	0 111.699 0
 570	0 332.827 0
 571	0 145.999 0
 572	0 283.699 0
 573	0 68.5996 0
 574	0 271.098 0
 575	2112 -272 144
 576	tag_fender_back_left
 577	scriptable_uk_gas_tank_thin_cylinder_2_bnchmrk
 578	BC51AC51-991B-11ED-8540-803253C95184
 579	healthy
 580	fingers_out_end_left_hand
 581	B333795F-54CC-11EE-8E37-6C6A77E3CEAB
 582	0 205 0
 583	tag_wheel_front_right_flat
 584	441F013D-2943-B1A2-CFB7-F0C1ACF45713
 585	vfx/jup/level/mp_jup_afghan/vfx_afgn_ks_emp_sparks
 586	3908 2432 1
 587	390.345 360.442 38
 588	day
 589	DD7A8B5B-54CA-11EE-8E37-6C6A77E3CEAB
 590	20F50798-30CB-11EE-8E2E-6C6A77E3CEAB
 591	vfx/jup/level/mp_jup_afghan/vfx_afgn_dirty_flare_04
 592	CADBFCC6-E1A0-A63B-A062-AFAD92BD1DA5
 593	pffda8693a75b7c630_auto2108
 594	E4A139C4-3C84-11EE-8E2F-6C6A77E3CEAB
 595	-327 -691 -106
 596	3943 2495 9
 597	0 164.9 0
 598	F3C01D57-54BD-11EE-8E37-6C6A77E3CEAB
 599	13E726DF-6C48-30B5-D1D9-A5A160DCF96C
 600	-9216 8128 0
 601	71449D23-AF27-1514-74A7-B1842524B7A8
 602	-1178 1142 101
 603	1FB21752-FFFD-11ED-8558-803253C95184
 604	2C753ABB-0000-11EE-8558-803253C95184
 605	pf9d5a8a1be0efa065_auto2108
 606	581 1932 160
 607	C6ABA87F-3C80-11EE-8E2F-6C6A77E3CEAB
 608	1760 -240 144
 609	8BD5C20F-FFE7-B8FE-9C57-8A070AC80E71
 610	repaired
 611	player_lock_look_1_second
 612	7C07982A-54BD-11EE-8E37-6C6A77E3CEAB
 613	3834 2495 -14
 614	pf577390c9809b27ca_auto2108
 615	701FE55A-9925-51CD-41B6-707AF9B0E1D5
 616	DD74B5BA-54C1-11EE-8E37-6C6A77E3CEAB
 617	vfx/jup/level/mp_jup_afghan/vfx_afgn_fire_turbine_01
 618	vfx_afgn_fire_sml_04
 619	A4F274F6-5128-0085-949D-56FD1D51366D
 620	B6067811-64B9-09A6-EB79-C031339AB1EF
 621	7BE83CCB-619D-5298-54EC-6262765A6027
 622	9B1F485B-367B-CAD2-5498-EB6C052C405F
 623	pf49736799908f85cb_auto2108
 624	0 191.696 0
 625	decor_barrels_gameplay_red
 626	C073B02B-FFE8-11ED-8558-803253C95184
 627	FA1928C1-03F4-11EE-8559-803253C95184
 628	3936 2561 -7
 629	on
 630	vfx_afgn_fire_grass_01
 631	vfx/jup/level/mp_jup_afghan/vfx_afgn_fire_grass_01
 632	3128 3643 137
 633	pf528b86373b19683d_auto716
 634	365 368 37
 635	vfx_afgn_chimney_smoke
 636	06D2FFDB-0173-11EE-8559-803253C95184
 637	hidewindows
 638	70C8FD1E-29CF-66E0-41D3-1D954D0B7E92
 639	B034A8AF-5E23-B59C-95D8-338393329D10
 640	BC51AC60-991B-11ED-8540-803253C95184
 641	-1178 1225 90
 642	vfx/jup/level/mp_jup_highrise/vfx_afgn_smoke_light_04
 643	0 247.198 0
 644	-382 -986 -91
 645	closed_locked
 646	A302F516-54BB-11EE-8E37-6C6A77E3CEAB
 647	6D6D73AD-458C-3B61-85F1-02AF6F8876A3
 648	1F36187B-54CC-11EE-8E37-6C6A77E3CEAB
 649	8FFDE505-3C84-11EE-8E2F-6C6A77E3CEAB
 650	pfb07e5d4f80568c63_auto2108
 651	0 119.127 0
 652	BC51ABFA-991B-11ED-8540-803253C95184
 653	A302F4FD-54BB-11EE-8E37-6C6A77E3CEAB
 654	0 319.4 0
 655	D4F77C97-3C86-11EE-8E2F-6C6A77E3CEAB
 656	-552 373 119
 657	9CF2A811-00AE-11EE-8559-803253C95184
 658	0 88.728 0
 659	368.948 -579.43 13
 660	4043 2574 6
 661	2000 4349 261
 662	vfx_afgn_steam_02
 663	3986 2558 3
 664	2978.77 3593.12 128.317
 665	-393 -609 -110
 666	vfx/jup/level/mp_jup_afghan/vfx_afgn_steam_02
 667	13F1B687-03F5-11EE-8559-803253C95184
 668	0 108.027 0
 669	0 4.82695 0
 670	C42366A5-9F5A-1FFE-7EDF-8AB67DE8B1A8
 671	68614880-D223-C3C5-EACE-AE475CF199BB
 672	E0F2E81B-DFB6-11EE-ADA3-047BCBA5AAE9
 673	296.819 2593.27 228.577
 674	694A457B-E5CB-0FA7-77F9-2F74FD8EF015
 675	4416 360 112
 676	tag_headlight_left_2
 677	pf70ae4320a6aca8f1_auto715
 678	3D9B80D0-00AE-11EE-8559-803253C95184
 679	50A44180-8D48-11ED-A901-803253C95184
 680	-326 -622 -107
 681	50A44152-8D48-11ED-A911-803253C95184
 682	pf737685d7395ed304_5
 683	8F63064E-8ACC-51CB-76B1-8281488C2A72
 684	BFB95273-3C86-11EE-8E2F-6C6A77E3CEAB
 685	268AE9FA-4D7A-CBC2-2F1B-8D211BB7E5AE
 686	BC51AC4E-991B-11ED-8540-803253C95184
 687	jup_infil_dpv_exit_05
 688	9B59FD8B-03F6-11EE-8559-803253C95184
 689	death
 690	FCECE861-DFB6-11EE-ADA3-047BCBA5AAE9
 691	25A2A5A0-E009-5AF9-A740-1FB4D349E202
 692	NoAffectViewModel
 693	2A7CAB5A-327C-640B-A91A-8C6384EF2E83
 694	EBE28E23-809C-4EEB-F6A5-F5D958D495E4
 695	20B01E85-2C57-691B-E7DD-1C312C5C273A
 696	BC51AC12-991B-11ED-8540-803253C95184
 697	C81C3CB4-54CC-11EE-8E37-6C6A77E3CEAB
 698	11E4582D-911A-3872-C547-2E372DF9D93E
 699	0 303.396 0
 700	2A34AAB9-0173-11EE-8559-803253C95184
 701	0DDC83E8-6C38-11EE-8E3F-6C6A77E3CEAB
 702	A302F50B-54BB-11EE-8E37-6C6A77E3CEAB
 703	57C21A7E-30C2-11EE-8E2E-6C6A77E3CEAB
 704	jup_infil_dpv_step_dirt
 705	0 331.496 0
 706	0 191.999 0
 707	j_rope_200
 708	mp_xfire_spawn_allies_start
 709	0 255 0
 710	jup_infil_blima_rope_crank_right
 711	B610EC17-0173-11EE-8559-803253C95184
 712	0 240 0
 713	pf6a0da57af611b36e_auto2108
 714	9C963A48-DFB6-11EE-ADA3-047BCBA5AAE9
 715	scriptables
 716	52487B02-54CB-11EE-8E37-6C6A77E3CEAB
 717	facial_infils
 718	0 261.896 0
 719	10C187DE-DFA3-11EE-ADA3-047BCBA5AAE9
 720	6DB200F7-79BA-6188-3E1F-A30806E8703E
 721	99790E00-3C81-11EE-8E2F-6C6A77E3CEAB
 722	4A9116D1-BFB9-3FE6-38D7-010119BD74F1
 723	17B4B1E1-FFE8-11ED-8558-803253C95184
 724	j_ball_le
 725	j_ball_ri
 726	vfx_afgn_falling_dust_01
 727	vfx_afgn_water_drips_single_fast
 728	44F2514E-7E93-985A-08F2-458A5C535304
 729	592CD778-D629-11EE-AD92-047BCBA5AAE9
 730	D4E46F29-A53F-50BD-B81D-AF916747A580
 731	vfx_afgn_pipe_flame
 732	FE2748FD-5918-5000-4269-AE1CEBAA76F5
 733	vfx/jup/level/mp_jup_afghan/vfx_afgn_leaves_falling_01
 734	0 43.1323 0
 735	3975 2897 141
 736	E5723D1F-676C-C8DC-4277-EA8E5C66BB77
 737	F6960A5A-FFE7-11ED-8558-803253C95184
 738	0 333.225 0
 739	49298A7E-58E2-1A07-841F-17D4E91DDA70
 740	2AAEDF5A-4092-FBD3-8E2D-1DA66BF2A81B
 741	vfx_afgn_smoke_smoldering_03
 742	right_70
 743	1C3FFDF9-3251-8F7A-83C5-D05A43E0ACCE
 744	vfx_afgn_blowing_sand_low_lrg
 745	0F66D5EF-54CD-11EE-8E37-6C6A77E3CEAB
 746	50A44181-8D48-11ED-A22E-803253C95184
 747	4656FA57-48C2-1F9C-CD32-A9B2A221C3C1
 748	0 337.399 0
 749	4
 750	damagestatesounds
 751	262.832 -627.465 17
 752	0 250.3 0
 753	28BC27B0-4784-DC2D-A91D-6D1E29D2E03B
 754	vfx_afgn_grass_blowing_rnr
 755	C94B50DA-30C1-11EE-8E2E-6C6A77E3CEAB
 756	60B83EC8-54BD-11EE-8E37-6C6A77E3CEAB
 757	0 272.199 0
 758	flag
 759	E81BE9A6-00C2-11EE-8559-803253C95184
 760	scriptable_vfx_animals_meadow_mouse
 761	scriptable_door_wood_ornate_01_orange_double_r
 762	scriptable_door_wood_ornate_01_orange_double_l
 763	3908 2495 -5
 764	3456 3608 144
 765	315F18E8-3C7F-11EE-8E2F-6C6A77E3CEAB
 766	376.249 -572.771 16
 767	1920 4256 256
 768	4471 989 134
 769	-531 -607 -106
 770	0 347.899 0
 771	50A41949-8D48-11ED-9F64-803253C95184
 772	413.103 2472.06 238.224
 773	502 120 -10
 774	5BD79EBF-9ED9-EA66-A757-BDBC27BF72EE
 775	EC1A4546-54CC-11EE-8E37-6C6A77E3CEAB
 776	locked
 777	E47D00AA-54BC-11EE-8E37-6C6A77E3CEAB
 778	3835 2616 -9
 779	ajar_owned
 780	1344 2991 267
 781	7B917540-322D-2911-D1DB-0E52566B0CFB
 782	vfx_afgn_water_splash_rail
 783	-1335.46 808.868 74
 784	BC51ABFD-991B-11ED-8540-803253C95184
 785	20D8B14C-3C85-11EE-8E2F-6C6A77E3CEAB
 786	pf5e2e1131e97aad95_auto715
 787	21EA1169-00C2-11EE-8559-803253C95184
 788	7934E91B-16EA-4F6F-A8FF-20D235279BB1
 789	FA1928AD-03F4-11EE-8559-803253C95184
 790	0 117.299 0
 791	0 50.3997 0
 792	C303041F-0173-11EE-8559-803253C95184
 793	0 195.428 0
 794	7498D9D7-39D9-0113-4FBA-7A2238A82693
 795	4468 316 128
 796	decor_shoes_01_sandals_male_brown_right
 797	-374 -740 -128
 798	fingers_out_start_right_hand
 799	ADA0FC99-1BAA-8992-F815-BE85126087CD
 800	infil_dpv_seat_5
 801	ECBC86A4-1D72-F07B-D3D9-34EDA8006CC9
 802	2EADB2C1-3C85-11EE-8E2F-6C6A77E3CEAB
 803	vfx/jup/level/mp_jup_afghan/vfx_afgn_fire_sml_01
 804	B0791AA4-1362-4BCA-8B9A-DC4DF86FB1F4
 805	CF58F122-557D-3D8F-3206-38CBF85698E2
 806	EB0A4ECC-5908-2B24-9FD3-AB33152E9C3A
 807	0 78.8994 0
 808	vfx/jup/level/mp_jup_afghan/vfx_afgn_flat_water_ground_sm_02
 809	EBE5C920-54BC-11EE-8E37-6C6A77E3CEAB
 810	vfx/jup/level/mp_jup_afghan/vfx_afgn_fireball_01
 811	1892 3370 251
 812	02A29184-54CB-11EE-8E37-6C6A77E3CEAB
 813	0 71.8977 0
 814	0.153076 348.898 0.257812
 815	0 107.999 0
 816	C6AE83C6-3C86-11EE-8E2F-6C6A77E3CEAB
 817	-391 -682 -117
 818	3D9B80D3-00AE-11EE-8559-803253C95184
 819	CBF85E65-BB35-BF1B-205D-7BC5DB779539
 820	5BFA54E3-F29C-4078-35C2-413EDEDB5D6A
 821	578CB7F5-AA99-55CA-DAA0-B8B58C35E472
 822	436169F5-2B8B-DB35-E6F0-33848206AF16
 823	escort_vis_01
 824	mp_sd_spawn_defender
 825	snakecam
 826	275.811 -469.605 -3
 827	E8948AA2-5D70-E2B8-CEBF-031477181DA9
 828	-379.558 -749.345 -122
 829	0 21.3997 0
 830	36769DD0-A357-0DAF-5CD2-3035D1BE4C85
 831	71B949F4-DFAA-11EE-ADA3-047BCBA5AAE9
 832	2B8DF5DE-00AD-11EE-8559-803253C95184
 833	3458 3343 141
 834	FB0DC006-FFFF-11ED-8558-803253C95184
 835	AAF60C7B-2427-3396-B236-E34D2946E6C5
 836	1712 -109 146
 837	fully_open_unusable
 838	76D6B92F-7FEF-6C08-CBF6-6FFF8BCD56B1
 839	A2D2374B-D46F-0E5F-8288-56E220F1B1B0
 840	vfx_afgn_smoke_light_04
 841	0 275.399 0
 842	infil_blima_6
 843	17B4B1E4-FFE8-11ED-8558-803253C95184
 844	scriptable_scriptable_door_wood_ornate_01_white_double_l
 845	374.099 2590.44 249.094
 846	vfx_afgn_smoke_light
 847	j_wrist_ri
 848	FCE2C2F0-42C1-C46C-EA8C-733A8A31732E
 849	E81BE9A0-00C2-11EE-8559-803253C95184
 850	vfx/jup/level/mp_jup_afghan/vfx_afgn_oil_dripping
 851	scriptable_uk_gas_tank_thin_cylinder_fly
 852	infil_dpv_seat_4
 853	0 16.0267 0
 854	0 305.198 0
 855	46E83606-00AA-11EE-8559-803253C95184
 856	pffaee456a642a382_auto2108
 857	mp_escort_spawn_defender
 858	CC57599E-3C7E-11EE-8E2F-6C6A77E3CEAB
 859	71B94A05-DFAA-11EE-ADA3-047BCBA5AAE9
 860	0 220.4 0
 861	0 359.225 0
 862	0 298.3 0
 863	D590103B-91AF-9053-E7B8-44F30136A547
 864	0 333.498 0
 865	FA1928B2-03F4-11EE-8559-803253C95184
 866	0 34.7 0
 867	48 3216 48
 868	0 223.199 0
 869	5A3C9AE7-3C84-11EE-8E2F-6C6A77E3CEAB
 870	pfc7afcc76c274faf0_auto2108
 871	21EA1157-00C2-11EE-8559-803253C95184
 872	135B2FB4-D62C-11EE-AD92-047BCBA5AAE9
 873	2908.29 2445.64 2.02979
 874	A5878502-6C37-11EE-8E3F-6C6A77E3CEAB
 875	vfx_afgn_ground_decal_fire_lrg_01
 876	2832 3728 160
 877	vfx_afgn_dirty_flare_long_03
 878	E593A7E3-D5E8-11EE-AF09-E0D4E875DD15
 879	pf510d3a2967d7f974_auto2108
 880	4109 2496 5
 881	7B8226E0-CD44-9DCD-9C0A-73DEB78C2EDB
 882	mp_koth_spawn
 883	49A7A34A-20FD-BAF6-5F8F-1FFF0209F486
 884	4013 2496 10
 885	1F3F4B0C-F75B-CA9E-558B-C15E9C23CC48
 886	3297F748-124D-AFE0-6E2A-5EEED0D88593
 887	-357.132 -678.538 -108
 888	3A54E9A9-B642-FD03-1174-BDC1B5BB70E6
 889	equip_nvg
 890	0 154.899 0
 891	-1265 1596 80
 892	1FB2176A-FFFD-11ED-8558-803253C95184
 893	E81BE98E-00C2-11EE-8559-803253C95184
 894	2F18DA5E-D2A3-002D-CEE4-AF440F7412AA
 895	7518CBF4-54BD-11EE-8E37-6C6A77E3CEAB
 896	vfx_afgn_bio_bugs_150x150
 897	3E7C2555-0BDB-7008-CDC3-8F73E18D553E
 898	partially_opening_unusable
 899	9B42B81D-0000-11EE-8558-803253C95184
 900	51E22530-B390-AE5A-D144-D30A569D74A9
 901	3348 1643 83
 902	146.937 2565.46 191.444
 903	29C27894-D33D-75F2-8D5F-1451AD67CC2C
 904	1997 65 143
 905	5C0BF0D0-DFA3-11EE-ADA3-047BCBA5AAE9
 906	3816 2488 -15
 907	BC51AC00-991B-11ED-8540-803253C95184
 908	0 69.0275 0
 909	30D55B46-3C07-6FC1-3339-A7AF433FF523
 910	tag_fx_tail_light_left
 911	2593 3572 148
 912	889FAF7A-BA95-DF70-8BB4-0EECF9181F9F
 913	F7031608-DE83-3009-EF3F-E39338D6442C
 914	vfx_animals_lizard
 915	FF4897A5-AA90-1D5B-97A0-2F35595AEF0B
 916	vfx/jup/level/mp_jup_afghan/vfx_afgn_smoke_smoldering_02
 917	67.5366 3214.9 31.5002
 918	4038 2415 13
 919	BC51AC24-991B-11ED-8540-803253C95184
 920	60EF9779-CDC4-A775-2671-24E19FC6E0ED
 921	2AB9EA60-54CC-11EE-8E37-6C6A77E3CEAB
 922	6C0741DE-DFA3-11EE-ADA3-047BCBA5AAE9
 923	0 220.9 0
 924	3936 2620 0
 925	A0EBBE1B-6CD4-161E-7174-BDD81936DFCB
 926	FA1928B7-03F4-11EE-8559-803253C95184
 927	3078 2535 -1
 928	2529C37D-A8A0-AA23-EA40-18A4CED97F9F
 929	C3B4866C-D61C-3899-E477-014E250D3FEA
 930	0 96.8268 0
 931	3192 3611 140
 932	0 135 0
 933	DBFD045D-C098-E853-93C2-117AE101A774
 934	A003B9F4-D6AE-C9DA-FDA7-7F91BDB0EA93
 935	BFAB47BF-54BD-11EE-8E37-6C6A77E3CEAB
 936	64310A2F-54CB-11EE-8E37-6C6A77E3CEAB
 937	E593A7D9-D5E8-11EE-AF09-E0D4E875DD15
 938	367BDA1F-69F2-B6D1-66D8-144749AC4F68
 939	55C04114-C40C-1CD9-B0C9-9443B2A27B96
 940	2772 2430 19
 941	1C8DC7D1-54CD-11EE-8E37-6C6A77E3CEAB
 942	BCF343B3-5848-1312-41E3-735AA15005A1
 943	-422.459 1324.23 198.261
 944	0 18.2994 0
 945	0 231.728 0
 946	04702D08-FFE9-11ED-8558-803253C95184
 947	3450.45 1267.93 88.5342
 948	2976 2485 11
 949	BC51AC06-991B-11ED-8540-803253C95184
 950	1582CA05-54CB-11EE-8E37-6C6A77E3CEAB
 951	9A01F434-7F7D-0924-98CC-127496976004
 952	0 270 0
 953	AA6B8036-24F4-F5DC-70E9-F0AC1D9064F7
 954	pfbde7be9aeb9ddd1b_auto2108
 955	A6418BBE-0187-11EE-8559-803253C95184
 956	0 36.0978 0
 957	7FD29872-0B9F-E8D1-53DB-5DEEC5334222
 958	C2D0EBCB-1379-67EE-1EEE-B5F20243E16C
 959	mp_dd_spawn_defender_start
 960	-383.558 -685.345 -122
 961	EBE5C915-54BC-11EE-8E37-6C6A77E3CEAB
 962	9986E55F-00AC-11EE-8559-803253C95184
 963	0 266.999 0
 964	C3030414-0173-11EE-8559-803253C95184
 965	fingers_in_start_left_hand
 966	pf304d516d964dae38_auto716
 967	2836.44 2570.74 30.1492
 968	44834BA7-035C-03F9-151A-B97B29FFE9C3
 969	44C119E1-54CC-11EE-8E37-6C6A77E3CEAB
 970	DD7A8B4D-54CA-11EE-8E37-6C6A77E3CEAB
 971	4416 304 120
 972	BC21AD27-0173-11EE-8559-803253C95184
 973	pf400c9b8c4a5ef3e4_auto2108
 974	mp_control_spawn_defender
 975	4781E2A9-CF5F-FE10-0638-D3B003FF0F69
 976	1C07B3EB-AA2E-AB10-3AF9-94FEAC8856FE
 977	71427C95-3C81-11EE-8E2F-6C6A77E3CEAB
 978	341.069 2623.38 240.101
 979	62B7F472-3C85-11EE-8E2F-6C6A77E3CEAB
 980	13F1B691-03F5-11EE-8559-803253C95184
 981	26751E74-54CD-11EE-8E37-6C6A77E3CEAB
 982	394 183 1
 983	C8907C51-857E-60D3-DAD4-7C36CB06BBE9
 984	3565A70E-3C85-11EE-8E2F-6C6A77E3CEAB
 985	6E5E476F-41EB-9585-3FBA-8BEDCEA2DAF5
 986	damageengine
 987	3830 2559 -5
 988	vfx_afgn_fire_smoke_02
 989	0 182.6 0
 990	vfx/jup/level/mp_jup_afghan/vfx_afgn_smoke_dark_02
 991	5712BAD9-37BE-CADE-3BAD-F51537187D89
 992	2180.03 2441.46 -4.70404
 993	pf8470a29991acdbc1_auto2108
 994	7DF74572-1F6C-B925-036E-4C610541F775
 995	3B32C72F-69A4-1BF7-CA6E-14B71C2B3DB5
 996	mp_escort_spawn_attacker_secondary
 997	pf3725c781fec6adc2_auto2108
 998	4337.54 126.868 161
 999	933E6D31-0A88-8E93-C30E-64BD04BF3193
1000	pf3b808d409492bde_auto2108
1001	-375 -806 -120
1002	left_30
1003	left_70
1004	0 200.799 0
1005	-438 -796 -128
1006	DA08CB94-3D83-30C0-0F4A-008B2C2F3BAB
1007	tag_launcher_left
1008	C073B034-FFE8-11ED-8558-803253C95184
1009	0 355 0
1010	pf3b788e488d235e15_auto2108
1011	1984 4256 256
1012	6B9AC787-DFAA-11EE-ADA3-047BCBA5AAE9
1013	j_wrist_le
1014	vfx_afgn_water_puddle_01
1015	3343 1645 83
1016	71.7935 -35.5189 0.108704
1017	-323 -734 -113
1018	E293239A-3C7E-11EE-8E2F-6C6A77E3CEAB
1019	ACC3CA55-A3A2-B975-C2C1-D8F262E3DCA9
1020	mp_dd_spawn_attacker
1021	D31C15A2-BD4D-B0AB-EAB3-C78985C5301D
1022	9163B842-DFAA-11EE-ADA3-047BCBA5AAE9
1023	141209FD-6C38-11EE-8E3F-6C6A77E3CEAB
1024	pf960065fa1494af0c_auto2108
1025	vfx/jup/level/mp_jup_afghan/vfx_afgn_smoke_smoldering_03
1026	vfx/jup/level/mp_jup_afghan/vfx_afgn_ground_decal_fire_sml_02
1027	CB2948D2-831C-E200-035B-363E2615FC35
1028	0 331.126 0
1029	37A73563-30BA-11EE-8E2E-6C6A77E3CEAB
1030	4013 2408 24
1031	1FB21770-FFFD-11ED-8558-803253C95184
1032	auto_mp_jup_afghan_v2_cfx.map
1033	-518.059 478.983 134.806
1034	1F361886-54CC-11EE-8E37-6C6A77E3CEAB
1035	vfx/jup/level/mp_jup_afghan/vfx_afgn_fire_smoke_01
1036	-291 114 43
1037	FFAB5114-D5E8-11EE-AF09-E0D4E875DD15
1038	mp_cyber_spawn_allies
1039	10860671-0173-11EE-8559-803253C95184
1040	-571.918 1330.21 193.689
1041	0F3FDD9D-D62B-11EE-AD92-047BCBA5AAE9
1042	EBE70732-311E-529F-D2EF-88138A707A37
1043	ABD17B1F-FFF4-11ED-8558-803253C95184
1044	0 297.598 0
1045	-400 -608 -115
1046	vfx/jup/level/mp_jup_afghan/vfx_afgn_blowing_sand_low_lrg
1047	301 1617 180
1048	vfx_afgn_fire_lrg_01
1049	2429.2 991.6 43.3516
1050	1326.02 494.536 17.2407
1051	pf817f09c41fc9de61_auto2108
1052	scriptable_equipment_toolbox_02_orange
1053	128 -472 -35
1054	0 181.499 0
1055	4035 2478 10
1056	6C2AC5C9-46DE-9BB2-8445-67DA3ACB3EEA
1057	8D9605A8-165E-7BDA-9A8B-2D99B9902FD2
1058	-240 -8 28
1059	single
1060	pf298944e88adbdc8_auto2108
1061	-272.751 -760.771 -94
1062	vehicle_unusable
1063	vfx/jup/level/mp_jup_afghan/vfx_afgn_oil_decal
1064	0 102.687 0
1065	pfd1c880598f68ac2b_auto716
1066	-341 -844 -106
1067	veh_jup_mil_buggy_orav_vehphys
1068	E6AC1BE5-D457-AFDE-C9ED-9A67B6F9C011
1069	1736 -205 146
1070	pfbf0fea3b185ec378_auto715
1071	0.153137 198.499 0.257903
1072	scriptable_ee_clothing_price_boots_01_right
1073	vfx_afgn_spark_fusebox_01
1074	7F25A545-5E1E-685B-B18D-58B774294BBC
1075	D5F8B49C-54C1-11EE-8E37-6C6A77E3CEAB
1076	3851 2336 23
1077	1262 2964 275
1078	vehicle_use
1079	1B63AD8F-90E0-67E7-009E-070269D926CD
1080	A1165F88-9005-F9E1-6C2A-2491ABCB9FBF
1081	vfx/jup/level/mp_jup_afghan/vfx_afgn_fire_sml_04
1082	C3117628-D629-11EE-AD92-047BCBA5AAE9
1083	4DDD47A5-27A7-908A-517A-DD45E996AACC
1084	6DBBD6E7-B83C-11C6-255D-0E91CAA44DEB
1085	A5C51B5B-64F0-ACA6-A83C-7010B0F5DFD9
1086	3872B2C5-24FA-6D3A-861F-99C5640D6657
1087	mp_dd_spawn_defender_a
1088	vfx/jup/level/mp_jup_afghan/vfx_afgn_smoke_smoldering_01
1089	C2F672AF-DFB6-11EE-ADA3-047BCBA5AAE9
1090	tag_wheel_back_left_flat
1091	F6960A42-FFE7-11ED-8558-803253C95184
1092	-342 -836 -104
1093	3005.22 2604.33 18.0777
1094	D0A9C1B9-4AA5-D34A-7834-9FC7423F29FC
1095	5413B34F-300D-F02D-B6AD-49E86B369D95
1096	C9E346F7-0173-11EE-8559-803253C95184
1097	AAC6B8F2-54BD-11EE-8E37-6C6A77E3CEAB
1098	vfx/jup/level/mp_jup_afghan/vfx_afgn_fire_lrg_03
1099	B7AE9BC7-3C80-11EE-8E2F-6C6A77E3CEAB
1100	D79C28F8-54BD-11EE-8E37-6C6A77E3CEAB
1101	0D2709AE-188D-5675-9E4D-28B078292994
1102	scriptable_decor_blankets_01_stack_pattern_1_01
1103	E29FD4D5-7C2F-7832-216F-4ED76A243835
1104	E5A6C94F-23B6-0EA7-D006-2C40E27D6637
1105	pf6aab85bee2e4fe6b_auto2108
1106	3851 2408 10
1107	E593A7D4-D5E8-11EE-AF09-E0D4E875DD15
1108	0 32.9996 0
1109	35D3EA67-6B64-5755-0D09-6CE34D0E47EE
1110	mp_dd_spawn_attacker_a
1111	0 37.9995 0
1112	0 213.396 0
1113	-359 -790 -121
1114	9FF80D19-158D-4B57-B525-21834438441E
1115	traverse
1116	2427 3582 171
1117	nav_door
1118	3D5E3F6C-30CB-11EE-8E2E-6C6A77E3CEAB
1119	pfb44a1e2315ad99b8_auto715
1120	0 70.2993 0
1121	C7AEC7BD-C23D-AC13-9512-6ACD417F042C
1122	17B4B1D8-FFE8-11ED-8558-803253C95184
1123	pf40b058f4a0c17f80_auto2108
1124	3908 2559 -5
1125	vfx/jup/level/mp_jup_afghan/vfx_afgn_dust_interior
1126	C507DC6B-A5ED-9BA9-933C-3FB1A9FE1650
1127	9D391F90-40D8-6D6C-31B0-4EF4E303F7A9
1128	99DF8376-D6AB-DC6C-7E81-50EFD9546524
1129	3D9B80CD-00AE-11EE-8559-803253C95184
1130	0 178.296 0
1131	0 94.6981 0
1132	1FCFC625-7082-87F4-3416-63FC8756511D
1133	bash_right_90
1134	444.807 2525.61 238.611
1135	0234E2B9-C462-0B77-F4EE-2909D3D61405
1136	8C0A4BA2-5EF9-C968-9C1F-025D25C0943A
1137	AE7A24D2-7BAF-2B95-958F-68EBD093EA24
1138	318.284 -643.376 25
1139	7030A0DC-C233-73B9-9A6B-83D3B98C874B
1140	0 55.2988 0
1141	EBBA3FA7-3C7E-11EE-8E2F-6C6A77E3CEAB
1142	pfd7acf3a0f2696637_auto2108
1143	4451 252 132
1144	FFAB5100-D5E8-11EE-AF09-E0D4E875DD15
1145	6937CB8B-DEF9-FCC8-E567-3A22703C383C
1146	F63849CB-33CE-CAEB-F0FB-13C7ACBAD765
1147	1FB2177C-FFFD-11ED-8558-803253C95184
1148	jup_infil_blima_step
1149	3915 2424 16
1150	5504C404-887B-7FBB-25E3-94C47647F33E
1151	714D4E3C-6472-2BBF-1099-2AA66520FBC4
1152	1F361894-54CC-11EE-8E37-6C6A77E3CEAB
1153	closed_usable
1154	5F02D26A-D873-A7A8-9FE6-52F3AE2B7F45
1155	-224.583 2967.89 -40
1156	1784 376 32
1157	9189FC72-00A7-11EE-8559-803253C95184
1158	B13B92C4-54BD-11EE-8E37-6C6A77E3CEAB
1159	197.032 -599.351 -1
1160	FFFCA819-069E-DD14-9085-BB808CD2DC7A
1161	-215.874 -664.232 -99.8178
1162	-290.653 -502.592 -92.5585
1163	AF6D6089-54BB-11EE-8E37-6C6A77E3CEAB
1164	0 35.3983 0
1165	3931 2616 -1
1166	18024E2E-98CB-1903-48CD-7F6DB22083EC
1167	15DB5BA6-2716-C31A-A559-1DCE95850021
1168	uk_gas_tank_thin_cylinder_2_fly
1169	061DB921-3C84-11EE-8E2F-6C6A77E3CEAB
1170	DFEC9768-AD52-C1D0-5547-7FC099B52CC9
1171	0 335.226 0
1172	ik_in_end_right_hand
1173	8D5E6487-3C86-11EE-8E2F-6C6A77E3CEAB
1174	left_50
1175	left_90
1176	-401 -611 -113
1177	0 328.699 0
1178	8F558C15-019D-11EE-8559-803253C95184
1179	0 30 0
1180	3B0393CC-F95B-E7E0-663D-7A59CE2CB6BB
1181	30CFA8A6-DCEB-D245-C451-571DCA032555
1182	BC51AC33-991B-11ED-8540-803253C95184
1183	B509BFA1-065B-C0DF-FCBB-82BA85FCD186
1184	B98ADB5B-036C-E047-B415-7D630061F525
1185	CF2D6BF6-25F0-7D15-543A-71222FAA9FFC
1186	50A41962-8D48-11ED-8F4D-803253C95184
1187	pf5e2e1131e97aad95_auto716
1188	17B4B1DB-FFE8-11ED-8558-803253C95184
1189	F6960A51-FFE7-11ED-8558-803253C95184
1190	4F9C920D-D380-0BBE-07B0-BD0350DB6EDA
1191	F7AA593E-03F6-11EE-8559-803253C95184
1192	scriptable_vfx_animals_rat_noreturn
1193	infil_dpv_seat_2
1194	mp_control_spawn_attacker_start
1195	82611283-1DC7-56D3-91FE-B6801F2363D2
1196	vfx/jup/level/mp_jup_afghan/vfx_afgn_fire_sml_02
1197	4073 2478 9
1198	0 16.0274 0
1199	CECF7ADF-54C1-11EE-8E37-6C6A77E3CEAB
1200	pf194410c8f48d2dc9_auto4
1201	80444E75-BE08-5B16-1479-C00A73973149
1202	-277.558 -779.345 -103
1203	0 27.7255 0
1204	FFAB50EC-D5E8-11EE-AF09-E0D4E875DD15
1205	3B29394C-0F3A-E207-65A4-9B43FBEE903C
1206	0 26.1001 0
1207	81208FAF-6D99-45D5-8EBE-9D691029F90A
1208	1482.97 4036.05 261.987
1209	671 1806 162
1210	vfx/jup/level/mp_jup_afghan/vfx_afgn_light_shaft_godray_01
1211	E183D16A-967E-091F-3BD6-3843EF1AEC44
1212	uk_gas_tank_thin_cylinder
1213	vfx_afgn_light_shaft_godray_01
1214	B49B45AC-1519-BA83-B13A-4F92281314EF
1215	42B96E0D-40C6-C0C0-5843-CD6CF6425A32
1216	51EE7AA6-B68F-A0F3-384D-65D82A606EF9
1217	33C56201-DFA3-11EE-ADA3-047BCBA5AAE9
1218	CF3B486A-A532-7A93-6EE0-75F6AB9FE3A7
1219	-383 -753 -129
1220	3111FDF8-8850-7A27-D423-D0FAC48EF428
1221	escort_vis_02
1222	-393 -663 -119
1223	pf26efdfbe79d6ab2f_auto2108
1224	E0F2E805-DFB6-11EE-ADA3-047BCBA5AAE9
1225	A0A63E53-7E9F-3140-A055-2B6C5E28BB1B
1226	4344 136 160
1227	566AA08D-F839-B775-EDE1-D6C483C9D353
1228	89.838 -522.427 -31
1229	50A4417D-8D48-11ED-9B1F-803253C95184
1230	0 259.6 0
1231	1713131D-DFA1-11EE-ADA3-047BCBA5AAE9
1232	-1258 1582 90
1233	hide
1234	18DD29C0-0173-11EE-8559-803253C95184
1235	vfx/jup/level/mp_jup_afghan/vfx_afgn_embers_dripping
1236	50A46866-8D48-11ED-83B3-803253C95184
1237	41C9545C-4265-DECE-F683-24E162C211BB
1238	vfx_afgn_smoke_light_03
1239	infil_blima_1
1240	7454E162-8499-7D78-6CB2-8A75C9E19EB6
1241	C073B046-FFE8-11ED-8558-803253C95184
1242	BC51AC30-991B-11ED-8540-803253C95184
1243	619C32F9-54CC-11EE-8E37-6C6A77E3CEAB
1244	ee_fence_wood_plank_post_01
1245	FECF8278-3C85-11EE-8E2F-6C6A77E3CEAB
1246	11BF20FD-54BE-11EE-8E37-6C6A77E3CEAB
1247	row2_left
1248	15E62CB9-54CD-11EE-8E37-6C6A77E3CEAB
1249	474CC1CB-26C3-D314-A80A-0E95DBCFA9C7
1250	500.319 2424.42 226.412
1251	331.055 2551.68 240.65
1252	3843 2624 -6
1253	04702CFC-FFE9-11ED-8558-803253C95184
1254	off
1255	scriptable_furniture_pillow_01_pattern_01
1256	529.403 2486.28 225.232
1257	jup_infil_shared_movement_post
1258	540F1F09-ABF7-8BE1-7ED0-7EDEBDA38C0B
1259	82 2296 198
1260	8210F7CB-00AC-11EE-8559-803253C95184
1261	FA1928A8-03F4-11EE-8559-803253C95184
1262	AD7AA3C7-F43F-8E95-636F-59EDFDC4EFC1
1263	0EBC63BD-7EDD-A27A-EAEB-1EB01322A0C4
1264	7E570D7E-6F3B-FB49-F34E-10B77A8CFDD0
1265	infil_dpv_seat_3
1266	vfx/jup/level/mp_jup_afghan/vfx_afgn_fire_sml_03
1267	193B9874-852B-CDB3-5C59-33BB9ECCC6E1
1268	2231.25 4.229 146
1269	111C3C24-35C2-778D-07AD-E0F909E13237
1270	D63DFD89-1269-8515-696C-E19C4856889B
1271	133 96 23
1272	jup_infil_blima_rope_fall_left
1273	DA2461E4-C0EF-600C-018F-54E0E3DE95FC
1274	FDC0FD62-FD72-2D1A-7404-CC6087FC9C7A
1275	vfx/jup/level/mp_jup_afghan/vfx_afgn_roaches
1276	59680F4B-EB32-A808-0967-FBA68876A522
1277	vfx/jup/level/mp_jup_afghan/vfx_afgn_fire_lrg_04
1278	38D33BAD-3C83-11EE-8E2F-6C6A77E3CEAB
1279	BC51AC0F-991B-11ED-8540-803253C95184
1280	7FB997ED-7A43-C1A6-45E1-D11651A6285A
1281	escort_vis_03
1282	3990 2345 48
1283	E3008D76-3C86-11EE-8E2F-6C6A77E3CEAB
1284	2820 3458 131
1285	vfx_afgn_butterflies
1286	row2_right
1287	vfx/jup/level/mp_jup_afghan/vfx_afgn_lensflare_yellow
1288	ABD17B04-FFF4-11ED-8558-803253C95184
1289	tag_wheel_back_right_flat
1290	scriptable_hardpoint_chevron
1291	FFAB50F1-D5E8-11EE-AF09-E0D4E875DD15
1292	2009 1871 5
1293	vfx_afgn_leaves_ground_clump_rnr
1294	2587 3583 143
1295	1086067F-0173-11EE-8559-803253C95184
1296	2329 3661 177
1297	21EA1154-00C2-11EE-8559-803253C95184
1298	vfx/jup/level/mp_jup_afghan/vfx_afgn_godrays_trees_large
1299	0 86.827 0
1300	464 1152 176
1301	vfx_afgn_smoke_light_02
1302	-248 2552 138
1303	88F1671B-FA0B-1119-973E-D2CD55E464E6
1304	-453 2761 -18
1305	scriptable_vfx_animals_lizard
1306	scriptable_scriptable_door_wood_ornate_01_white_double_r
1307	0 358.027 0
1308	56D24C95-30C0-11EE-8E2E-6C6A77E3CEAB
1309	1FB21779-FFFD-11ED-8558-803253C95184
1310	857B3872-3C87-11EE-8E2F-6C6A77E3CEAB
1311	629AC1C8-00A7-11EE-8559-803253C95184
1312	0 25 0
1313	vfx_afgn_water_poursplash_01
1314	vfx/jup/level/mp_jup_afghan/vfx_afgn_bio_bugs_150x150
1315	-415 -661 -128
1316	4B3863E7-54CC-11EE-8E37-6C6A77E3CEAB
1317	6F365E45-D005-B389-0C59-D5E5523D12A8
1318	73FA5034-CD41-72AD-86F0-153E4178DE0E
1319	592CD76F-D629-11EE-AD92-047BCBA5AAE9
1320	1837A0EB-468F-DBA7-93B1-E6DBF0F13FD2
1321	2064 2880 320
1322	6637EE57-1E5B-26A1-5F98-6A7B5BE420FB
1323	-277 -787 -95
1324	0 185.399 0
1325	0 56.0976 0
1326	FA1928BC-03F4-11EE-8559-803253C95184
1327	tag_headlight_left_1
1328	playerasm_patch_mp_infil_dpv
1329	pf70ae4320a6aca8f1_auto716
1330	-1252.13 1566.46 95
1331	E9F5C687-A12B-D366-D245-48F0499C338E
1332	jump_up_80
1333	jump_up_40
1334	0 165.399 0
1335	0 276.4 0
1336	400 368 37
1337	pf737685d7395ed304_2
1338	3843 2560 -7
1339	mp_rugby_spawn_axis
1340	3143 3630 143
1341	pf407980ccd17b093_auto2108
1342	0 62.2999 0
1343	04702CF9-FFE9-11ED-8558-803253C95184
1344	19B6927A-0242-98E6-1061-52E57618ABCE
1345	jup_infil_dpv_exit_02
1346	-142 -524 -62
1347	F572CB66-B81F-A854-63F1-F70565D97F59
1348	AD8DAA49-30F2-A14C-ABDF-4E8AF33B9ADF
1349	4109 2560 0
1350	15E62CC4-54CD-11EE-8E37-6C6A77E3CEAB
1351	0 308.998 0
1352	2092 -265 141
1353	pfca76a8881bed5d9b_auto2108
1354	E8BFB7A7-7C35-1AD0-0BC3-0AC699C5BFB1
1355	E593A806-D5E8-11EE-AF09-E0D4E875DD15
1356	1889 4193 259
1357	FA1928CB-03F4-11EE-8559-803253C95184
1358	420.828 2157.47 197.228
1359	98635B1C-BD6A-212E-3657-3EAE6A256B24
1360	pf1a1e45be5a94b636_auto2108
1361	vfx_afgn_fire_sml_03
1362	0 195 0
1363	highspeed
1364	mp_koth_spawn_secondary
1365	pfbe2aa658a77335cc_auto2108
1366	42DA93BE-4E8E-5855-C8E1-BC499DF7A134
1367	C5131D25-6CB9-3662-FEDC-BDD83475744F
1368	ED4B194E-E840-B1C4-44D8-4F641266CC36
1369	0 85.7999 0
1370	A2E15DE7-C3B3-3AA9-43DB-F53AA69DAC39
1371	50E27A54-D62B-11EE-AD92-047BCBA5AAE9
1372	vfx/jup/level/mp_jup_afghan/vfx_afgn_butterflies
1373	6A2199D6-3C7F-11EE-8E2F-6C6A77E3CEAB
1374	vfx_afgn_falling_dust_02
1375	3068.78 1279.63 70.0002
1376	F05900BE-7523-7779-EEAF-7F10A39AC050
1377	ED330ED5-30C1-11EE-8E2E-6C6A77E3CEAB
1378	76AABB3E-C7F9-187B-068C-09619F46B0A4
1379	1992 4320 261
1380	E593A7FC-D5E8-11EE-AF09-E0D4E875DD15
1381	0 -464 -35
1382	scriptable_scriptable_door_wood_ornate_01_orange_double_r
1383	B648F547-702B-25A5-EC96-05EA26CA7171
1384	3464 3611 134
1385	3765 403 110
1386	FB0DC00C-FFFF-11ED-8558-803253C95184
1387	3761 1730 107
1388	pf4b23848543bbedcd_auto2108
1389	3976 2528 0
1390	vfx_afgn_rain_streak_decal_02
1391	B3500F57-88DB-E308-6975-93DE048C1752
1392	B8A53AA3-D7D3-5719-0A89-9EF11DDE53A2
1393	vfx_afgn_fire_turbine_01
1394	04702D0E-FFE9-11ED-8558-803253C95184
1395	infil_dpv_seat_6
1396	0 300.7 0
1397	1887 3366 251
1398	2056 42 146
1399	8F464B41-96A5-F952-FEBD-30946CC7C17A
1400	BC51AC45-991B-11ED-8540-803253C95184
1401	94EAEC4C-3ECF-9BB0-D7CF-72AE6E945309
1402	F6960A57-FFE7-11ED-8558-803253C95184
1403	0 199.1 0
1404	mp_rugby_spawn_allies
1405	0 37.2253 0
1406	mp_ctf_spawn_axis_start
1407	pfa82eb39e20a45fd2_auto2108
1408	jup_infil_blima_rope_kick_left
1409	2B8DF5D8-00AD-11EE-8559-803253C95184
1410	tag_wheel_front_left_flat
1411	1301.59 838.02 49.6362
1412	127 94 23
1413	vfx/jup/level/mp_jup_afghan/vfx_afgn_fire_lrg_01
1414	BC21AD1C-0173-11EE-8559-803253C95184
1415	mp_xfire_spawn_team_three_start
1416	-398.442 -629.655 -110
1417	573C57D1-96D7-F08F-0CFF-65627C98BC07
1418	pf3dcde6faef9e4d64_auto2108
1419	FCDC277A-90B8-4BB6-F06A-C2EE4E40A653
1420	C4B748ED-3C85-11EE-8E2F-6C6A77E3CEAB
1421	pf54841da97d95cd16_auto2108
1422	0.153106 306.898 0.257842
1423	2231.54 11.868 144
1424	BD00553F-5951-8213-80AB-59453730586E
1425	D15BEC49-3C85-11EE-8E2F-6C6A77E3CEAB
1426	0 46.2998 0
1427	217B38B7-4B5A-86F6-36AA-E1F22D7844A7
1428	-511 433 130
1429	pf3840bbdd9f0cd42b_auto2108
1430	pfae7ade470531e403_auto2108
1431	food_cans_bottles_and_jars_bottle_01
1432	scriptable_barrier_wooden_fences_post_01
1433	C073B031-FFE8-11ED-8558-803253C95184
1434	B7FF2BA4-C7BC-8DE1-4774-8B1EE8885667
1435	8B04BCE3-044A-2886-72C3-A6C1CA634EE7
1436	55E76FB9-F368-63B8-8DFE-0928B2D991AC
1437	2097 -264 146
1438	0 351.399 0
1439	50A44153-8D48-11ED-A40B-803253C95184
1440	pf43f4deb92b0f26a5_auto2108
1441	pff04e7b486443de58_auto2108
1442	3748 1726 109
1443	fingers_out_end_right_hand
1444	infil_blima_5
1445	1758 -237 143
1446	pfa32264b92e65091b_auto2108
1447	vfx/jup/level/mp_jup_afghan/vfx_afgn_smoke_light_03
1448	CC8657B6-60D6-F6F1-23B7-A26CF8DB318E
1449	BC51AC09-991B-11ED-8540-803253C95184
1450	9C9B6ABC-54BB-11EE-8E37-6C6A77E3CEAB
1451	FFAB50FB-D5E8-11EE-AF09-E0D4E875DD15
1452	vfx/jup/level/mp_jup_afghan/vfx_afgn_fireball
1453	vfx/jup/level/mp_jup_afghan/vfx_afgn_windy_ground__fire_01
1454	mp_sd_spawn_attacker
1455	104 1272 176
1456	vfx/jup/level/mp_jup_afghan/vfx_afgn_fire_med_01
1457	1815 3013 281
1458	3471.11 3125.41 132.226
1459	4116 2507 10
1460	0 134.728 0
1461	128884F0-2633-B140-B83F-32B7323E8948
1462	777
1463	887F7B02-CE0F-C63E-3B87-946ABE48C974
1464	FE7C1C94-1832-3752-F2F9-FD8C7FA3EE7B
1465	vfx_afgn_dust_interior
1466	C073B043-FFE8-11ED-8558-803253C95184
1467	-9216 7360 0
1468	0 222.9 0
1469	4B3AB26E-4D62-C7B2-C712-6C78D2C71886
1470	0 22.6997 0
1471	791429EA-54CA-11EE-8E37-6C6A77E3CEAB
1472	D4543B11-54CC-11EE-8E37-6C6A77E3CEAB
1473	pfd9b8675fbba3e13b_auto2108
1474	mp_xfire_spawn_axis_start
1475	4416 352 112
1476	788F9258-8501-C2B6-4606-F4AF8ED76B68
1477	857B3867-3C87-11EE-8E2F-6C6A77E3CEAB
1478	pf2e5f4b681de70b92_auto2108
1479	pf279a50ad2a9f77df_auto716
1480	46A775F4-AE02-DE81-AD39-DBA1705FAE42
1481	973B2F3C-AC81-FFA9-3852-6FFF68412169
1482	1EF81860-357F-D69B-4F55-EE0154A38EF7
1483	864FF823-E87B-A751-0776-4CA087791E6C
1484	tag_wheel_front_right_spin_follower
1485	E593A80B-D5E8-11EE-AF09-E0D4E875DD15
1486	base
1487	199.662 -429.289 -19
1488	-292 -786 -99
1489	jump_down_160
1490	FBE01768-3C84-11EE-8E2F-6C6A77E3CEAB
1491	pf8451d6f85dd6fd30_auto2108
1492	9B59FD90-03F6-11EE-8559-803253C95184
1493	C073B03D-FFE8-11ED-8558-803253C95184
1494	ik_in_start_left_hand
1495	A358F474-5AF3-E0BE-98F8-EC69F35D940E
1496	allies_endzone_vis
1497	4008 1136 176
1498	pf69a3f3746b1dada0_auto2108
1499	C8DEB546-324A-2A1A-8948-86D69EC74EF5
1500	3488 3280 144
1501	AD7DD101-3C87-11EE-8E2F-6C6A77E3CEAB
1502	0 63.132 0
1503	9795495F-F39E-1DF9-D221-C82D5AA3058E
1504	DBBD4065-28A0-7782-A793-F5176237E7FB
1505	CB25DB26-3C85-11EE-8E2F-6C6A77E3CEAB
1506	08A3B568-60D8-9FDB-D8A4-8C8A79E6AFF0
1507	1A0C9D09-03F5-11EE-8559-803253C95184
1508	0 82.9989 0
1509	11BF210B-54BE-11EE-8E37-6C6A77E3CEAB
1510	381.606 359.413 37
1511	3500 3338 138
1512	vfx/jup/level/mp_jup_afghan/vfx_afgn_ceiling_smoke
1513	CB53CBC3-4DED-ED00-CB72-959DCF7D8C41
1514	3752 1726 107
1515	mp_rugby_spawn_allies_start
1516	1257 2969 275
1517	78B807F0-DFAA-11EE-ADA3-047BCBA5AAE9
1518	j_rope_1
1519	33C5620F-DFA3-11EE-ADA3-047BCBA5AAE9
1520	vfx/jup/level/mp_jup_afghan/vfx_afgn_fire_smoke_02
1521	unlocked
1522	pfe61886ce4cc5baf0_auto2108
1523	0DD4AA60-3C87-11EE-8E2F-6C6A77E3CEAB
1524	3843 2496 -7
1525	E18B066B-D5A9-E258-5DCC-9B0C55079C6D
1526	0 147.128 0
1527	E738A61B-361B-15E6-2683-3FEEE32EE86C
1528	vfx/jup/level/mp_jup_afghan/vfx_afgn_fire_lrg_02
1529	0 31.1989 0
1530	19B29751-D62C-11EE-AD92-047BCBA5AAE9
1531	pfe2350e20145974e5_auto2108
1532	04702CF3-FFE9-11ED-8558-803253C95184
1533	1FB21755-FFFD-11ED-8558-803253C95184
1534	AE8F9500-4B90-C9BA-07EF-3C24F5A0513F
1535	-643.476 462.346 146.572
1536	1FB21782-FFFD-11ED-8558-803253C95184
1537	21CBB00B-30C2-11EE-8E2E-6C6A77E3CEAB
1538	scriptable_door_wood_ornate_01_green_double_l
1539	C9AE6048-2280-8619-DB37-68C4A553C436
1540	E47D00B5-54BC-11EE-8E37-6C6A77E3CEAB
1541	1406488A-79B2-B38D-5259-ECF46282B205
1542	0F3FDD9A-D62B-11EE-AD92-047BCBA5AAE9
1543	7CFBD7F9-3C85-11EE-8E2F-6C6A77E3CEAB
1544	E4A139D2-3C84-11EE-8E2F-6C6A77E3CEAB
1545	mp_escort_spawn_defender_secondary
1546	3943 2372 24
1547	1FB2176D-FFFD-11ED-8558-803253C95184
1548	-1258 1566 91
1549	AEE66E98-120B-C41A-F41E-32A37E9E31E6
1550	395 372 39
1551	pfd1c880598f68ac2b_auto715
1552	-990.394 827.413 190
1553	C53EAF12-0174-11EE-8559-803253C95184
1554	D5ABC322-761F-D5D8-3C18-07486A65D9F0
1555	975F121F-979A-7AB7-86A5-FC949669B1AF
1556	8A17F76C-3671-4D05-25B1-353EF6C9502B
1557	2097 -99 146
1558	D941521D-AEC4-F0AD-A0FA-9B87F3BE9B76
1559	3C01DBE1-D62C-11EE-AD92-047BCBA5AAE9
1560	220C823C-5B0C-C6E2-0152-53C45B219BBE
1561	bash_left_90
1562	0 215.428 0
1563	ik_in_start_right_hand
1564	BC51AC27-991B-11ED-8540-803253C95184
1565	02AF5473-2C10-6838-28C1-B8AF27B244BA
1566	1171.88 3540.31 230.863
1567	pfde526de02c01200_auto2108
1568	4456 1000 136
1569	76283438-EB0C-8EE5-E44B-EFC054D8F7A2
1570	fingers_in_end_left_hand
1571	ws_safe_offscreen
1572	579 -474 29
1573	vfx_afgn_ks_emp_sparks_lrg
1574	scriptable_food_cans_bottles_and_jars_bottle_01
1575	3416 612 78
1576	F2440C25-54BC-11EE-8E37-6C6A77E3CEAB
1577	3556.43 1590.27 58.2317
1578	EFD4FF64-3B19-A6F6-8466-14600B4F48CE
1579	EC748059-57AC-8202-4282-195D36E1F508
1580	fov_63_2
1581	DD0EE331-0DFB-66D0-041D-4E97217997EC
1582	pfae2adf0a4811f2fa_auto2108
1583	body
1584	1FB21758-FFFD-11ED-8558-803253C95184
1585	6DD0A09C-54BD-11EE-8E37-6C6A77E3CEAB
1586	595D4AA1-B1F9-76DD-D912-0A27F336D59C
1587	vfx/jup/level/mp_jup_afghan/vfx_afgn_dust_swirl_vista
1588	F2440C1F-54BC-11EE-8E37-6C6A77E3CEAB
1589	544020E7-54CC-11EE-8E37-6C6A77E3CEAB
1590	07A9C659-9AAC-24C1-EEC3-1D88755CF6F1
1591	54CD83B2-F6A0-F51B-BC14-50BD28FC368C
1592	hardpoint_vis_03
1593	A49DA1E2-54CC-11EE-8E37-6C6A77E3CEAB
1594	hidden
1595	3851 2496 -7
1596	B36FDFDA-FB19-B43E-A253-76EFF6EB0770
1597	B6FF34F7-560A-421D-60A5-DAF8C8918870
1598	1FB2175B-FFFD-11ED-8558-803253C95184
1599	D655B886-FE3E-147E-64E0-2C2CECEEF5AE
1600	pfaa2714d08760002b_auto2108
1601	0 60.9276 0
1602	56A23E02-B142-4FE8-5073-CE0E329E87F2
1603	15B6E4B4-DFA8-11EE-ADA3-047BCBA5AAE9
1604	-1342.94 806.606 65
1605	035AF8BA-6FE2-8F7C-20A7-244A370DD3E1
1606	E81BE9A9-00C2-11EE-8559-803253C95184
1607	8C6E5712-A80D-E3CD-C5DF-E7574122AD4B
1608	10E822FB-288E-A909-D46B-9CCDB5BFAE3F
1609	385A6FB1-D83F-209D-55B3-E2B7C5425740
1610	06D2FFE9-0173-11EE-8559-803253C95184
1611	3939 2560 0
1612	3B7E5ABC-3C85-11EE-8E2F-6C6A77E3CEAB
1613	-300.132 -756.538 -108
1614	5C00B80D-6BC1-7203-AB6B-09ABD6718707
1615	0034F5AE-C2FB-591E-1F82-BDB14B594BE7
1616	C94B50EE-30C1-11EE-8E2E-6C6A77E3CEAB
1617	17B4B1D5-FFE8-11ED-8558-803253C95184
1618	0 270.725 0
1619	50A41948-8D48-11ED-8A2B-803253C95184
1620	FA917383-3C7F-11EE-8E2F-6C6A77E3CEAB
1621	1521.88 3434.31 230.863
1622	2035.52 2402.89 1.1478
1623	pfb4f3a8f45fc47aa9_auto2108
1624	80139254-0212-8211-9BD3-0AA3B4F0FEC5
1625	29A0063F-1BE4-8C46-3903-4DFD1A020B00
1626	084C826C-FAF9-F8DC-2C3D-8548719662C5
1627	D4CD12C7-30CB-11EE-8E2E-6C6A77E3CEAB
1628	F2440C19-54BC-11EE-8E37-6C6A77E3CEAB
1629	vfx_afgn_smoke_dark_02
1630	1492.46 339.615 40.2954
1631	jup_infil_blima_player_grab
1632	CF7BD593-6B1D-989E-04BF-21343517EFC6
1633	0 14.9999 0
1634	305.003 -528.765 15
1635	partially_open_in_use_unusable
1636	3642.54 -21.132 179
1637	jup_infil_blima_rope_crank_left
1638	C390C6EB-6C37-11EE-8E3F-6C6A77E3CEAB
1639	3332.94 1584.31 84.2278
1640	0 180 0
1641	D188D44C-15B3-DD92-76A3-4B923FC808B1
1642	532.168 2617.7 207.581
1643	29E97393-E2A0-6FFE-C273-50346AB4E2AE
1644	mp_koth_spawn_axis_start
1645	0 270.695 0
1646	0 82.0274 0
1647	F6960A3F-FFE7-11ED-8558-803253C95184
1648	04702D0B-FFE9-11ED-8558-803253C95184
1649	404.168 2305.7 207.581
1650	9B59FD9F-03F6-11EE-8559-803253C95184
1651	-289 -790 -100
1652	damagemediumsound
1653	vfx_afgn_godrays_trees_large
1654	scriptable_decor_shoes_01_sandals_male_brown_right
1655	72A50AC9-E007-3F1E-C6A3-1C4D00907212
1656	EC710400-0FBA-FEC6-BDE8-08A6F8B73718
1657	mp_tdm_spawn
1658	3C01DBE4-D62C-11EE-AD92-047BCBA5AAE9
1659	scriptable_furniture_futon_couch_mat_pilows_pillow_02_pattern_02
1660	3DC05C56
1661	0 9.99994 0
1662	1956 4194 255
1663	21EA1163-00C2-11EE-8559-803253C95184
1664	3AE278E7-B535-3415-CF9E-0407FA36D559
1665	98AC1B6F-DFAA-11EE-ADA3-047BCBA5AAE9
1666	0 75.1983 0
1667	-397 -612 -116
1668	E157C914-471D-3997-755D-270B5F8C2E0A
1669	17B4B1ED-FFE8-11ED-8558-803253C95184
1670	50A41946-8D48-11ED-85A3-803253C95184
1671	-8800 7360 0
1672	DF348FF2-0414-EC51-CE67-59990DD09E68
1673	138.249 46.229 16
1674	1
1675	pfe895a65cbf85391_auto2108
1676	A85421A8-C3AB-D465-A9DD-033A1BDEB653
1677	1643 3627 236
1678	-391 -710 -128
1679	EDA43065-54BD-11EE-8E37-6C6A77E3CEAB
1680	F4B147D0-CF5E-534C-D3B2-D51BDEB80744
1681	5001C292-60A0-22D7-9497-5FFEFEC69375
1682	A417B97A-3C81-11EE-8E2F-6C6A77E3CEAB
1683	CB0DBA57-B488-B3EE-1842-6234806E955D
1684	stopped
1685	81AEA3BB-5CD8-407E-3DFA-D2B7BD0BC03C
1686	672 1808 160
1687	vfx_afgn_roaches
1688	pf2573203a45adc1be_auto2108
1689	364.802 2511.97 243.912
1690	5B3E2A86-54CC-11EE-8E37-6C6A77E3CEAB
1691	3C3146A5-018F-11EE-8559-803253C95184
1692	pf385a3a7a6643abd_auto716
1693	F184EEE6-03F6-11EE-8559-803253C95184
1694	4104 2435 13
1695	0 97.0274 0
1696	22E6B990-3C80-11EE-8E2F-6C6A77E3CEAB
1697	hardpoint_vis_02
1698	pf77d3b149c3712f98_auto2108
1699	3830 2373 4
1700	B992960F-42BA-F91C-59F6-F119DE0931E4
1701	3488 3241 138
1702	906AC44D-B927-018D-4FF6-636D2B209F2C
1703	0BD37BF7-3C86-11EE-8E2F-6C6A77E3CEAB
1704	50A44182-8D48-11ED-A968-803253C95184
1705	B1CCEC90-2D6B-1A6A-9649-F8C6CA519C01
1706	18F709FA-54CC-11EE-8E37-6C6A77E3CEAB
1707	vfx/jup/level/mp_jup_afghan/vfx_afgn_moths_01
1708	ED0D733E-3C84-11EE-8E2F-6C6A77E3CEAB
1709	base_scripted_anim_slot
1710	62EFDA3C-DFA3-11EE-ADA3-047BCBA5AAE9
1711	0 275.299 0
1712	BC51AC36-991B-11ED-8540-803253C95184
1713	tag_headlight_right_1
1714	free_look
1715	pfc644849b99209c92_auto2108
1716	D85BED10-4797-F21C-2774-AB7B78A6E740
1717	F951F1C3-28A7-65F5-1D64-AEB1EB57EBB4
1718	516920A1-7DC4-0E8E-59C5-7CA72B64151F
1719	BF741E93-5F99-2068-8289-87D1884CFEC2
1720	scriptable_cardboard_box_small_01
1721	C073B037-FFE8-11ED-8558-803253C95184
1722	C6AA5128-7EF6-C67E-A74F-590F4A922987
1723	EC34A1FE-E054-C3B1-5F2F-6F1FDA13DC94
1724	ECAF143F-8D9F-C1BE-EDD2-5B46EA44963E
1725	6E819033-54CC-11EE-8E37-6C6A77E3CEAB
1726	F6960A4B-FFE7-11ED-8558-803253C95184
1727	78B4D639-9191-E63B-6C9B-7D193C749A3B
1728	pf7e258bc787af39c1_auto2108
1729	pf5499e5bb6521d0b4_auto2108
1730	jump_across_100
1731	440 1366 169
1732	24E83E77-00AD-11EE-8559-803253C95184
1733	1FB21761-FFFD-11ED-8558-803253C95184
1734	B94FE6A0-0CDE-ED40-E37F-C2A36784A7AD
1735	3751 1730 106
1736	2503.49 1234.55 27.7766
1737	2A34AAAB-0173-11EE-8559-803253C95184
1738	-140 -527 -64
1739	vfx_afgn_smoke_dark_01
1740	276B3FD3-E4BF-33AF-5A9F-4FA97B9D3263
1741	04702D05-FFE9-11ED-8558-803253C95184
1742	900B6795-00AC-11EE-8559-803253C95184
1743	BC51AC18-991B-11ED-8540-803253C95184
1744	facial
1745	ws_safe
1746	0 67.0276 0
1747	BC2E2368-1507-EF80-E5D6-193B5E3CF587
1748	10D32FD5-3ADD-DDDF-AAAC-39127B96A571
1749	A257FD9B-3785-3789-EEEC-004462F5E657
1750	2699308E-3E7F-2F93-9D0B-A93DC0DF3B0C
1751	3939 2560 -8
1752	3D2A2828-463C-3737-ED00-321979D32179
1753	ik_out_start_left_hand
1754	927.654 3585.77 243.368
1755	257 -179 0
1756	80A25B08-00A7-11EE-8559-803253C95184
1757	7962A72E-3C87-11EE-8E2F-6C6A77E3CEAB
1758	2BFBFC92-3C86-11EE-8E2F-6C6A77E3CEAB
1759	1A0C9D13-03F5-11EE-8559-803253C95184
1760	decor_blankets_01_stack_pattern_1_01
1761	scriptable_decor_barrels_gameplay_red
1762	vfx/jup/level/mp_jup_afghan/vfx_afgn_wispy_smoke_01
1763	mp_tdm_spawn_axis_start
1764	0 82.8993 0
1765	602.763 2918.68 243.62
1766	-324.558 -621.345 -103
1767	2EC6E718-54BE-11EE-8E37-6C6A77E3CEAB
1768	-192 2560 -48
1769	brake
1770	scriptable_door_wood_ornate_01_white_double_l
1771	scriptable_door_wood_ornate_01_white_double_r
1772	10801C0E-F600-BDEE-1B08-B3A06EFFE848
1773	18652C69-C469-890E-7F71-936CAEA1A7EF
1774	infil_dpv_seat_1
1775	F6960A4E-FFE7-11ED-8558-803253C95184
1776	50A4417E-8D48-11ED-9F74-803253C95184
1777	2815.3 1218.47 61.2266
1778	pfb62f2edbd3fd4fac_auto2108
1779	375A8ADF-184C-057F-CEDF-A5DA9F176C01
1780	pf3b135bc01307a30f_auto2108
1781	A4E26CAD-6F93-594A-DC15-C3F8BE849A9C
1782	3843 2336 23
1783	97A795C7-22B5-8872-0243-7433F862E1FC
1784	8E27E9DF-54CA-11EE-8E37-6C6A77E3CEAB
1785	BC51AC4B-991B-11ED-8540-803253C95184
1786	50 3213 34
1787	ee_clothing_price_boots_01_left
1788	BA5A473E-54CC-11EE-8E37-6C6A77E3CEAB
1789	3114 3615 140
1790	4013 2624 16
1791	44E9D238-167F-9A0F-18A8-921859C11869
1792	20507E1B-DA6F-7B4A-6D0A-6BA6D514ADFC
1793	0 40.0281 0
1794	scriptable_scriptable_door_wood_ornate_01_green_double_r
1795	DB08E931-54CC-11EE-8E37-6C6A77E3CEAB
1796	pf4916b74e3b333a3_auto2108
1797	B9519024-30CB-11EE-8E2E-6C6A77E3CEAB
1798	scriptable_door_wood_ornate_01_green_double_r
1799	4061 2352 40
1800	4038 2578 8
1801	BC51AC15-991B-11ED-8540-803253C95184
1802	DCEBC01F-0173-11EE-8559-803253C95184
1803	scriptable_cache_medical_box_wall
1804	vfx/jup/level/mp_jup_afghan/vfx_afgn_water_stream_med_01
1805	vfx/jup/level/mp_jup_afghan/vfx_afgn_falling_dust_02
1806	tag_gas_can
1807	0 20.6999 0
1808	infil_blima_2
1809	453EB579-FFFC-11ED-8558-803253C95184
1810	0 76.1993 0
1811	56FA91A5-63AC-003C-29FA-86DF211FD226
1812	C8E3C5B0-C291-BFC9-FA63-14FDD4BE1C56
1813	lowspeed
1814	1C0BB889-3C80-11EE-8E2F-6C6A77E3CEAB
1815	E81BE991-00C2-11EE-8559-803253C95184
1816	BC51AC3C-991B-11ED-8540-803253C95184
1817	uk_gas_tank_thin_cylinder_fly
1818	2444 3574 166
1819	B8E99A12-2797-7604-2958-30B1FF10F347
1820	4B8459B2-D25E-5E07-0D25-5C0D3F73FA39
1821	1870 3994 254
1822	0 0 0
1823	88F6DC15-0DC5-7004-2FCF-0A214C7FC149
1824	vfx_afgn_dust_swirl_vista
1825	cinderblock_wall_topper_02_64
1826	partially_reopen_in_use_unusable
1827	vfx_afgn_smoke_smoldering_01
1828	jup_infil_blima_rope_fall_right
1829	3883 2572 -9
1830	vfx/jup/level/mp_jup_afghan/vfx_afgn_blowing_sand_stones
1831	6CC867FB-4384-7262-DC6F-F6AA8131E4DB
1832	348FDF35-D62C-11EE-AD92-047BCBA5AAE9
1833	F6960A48-FFE7-11ED-8558-803253C95184
1834	3843 2560 -15
1835	9AF10403-10EA-10A0-1938-208A6E6040A1
1836	0 165 0
1837	2405.54 1213.25 21.1048
1838	96842C43-8B83-4292-D13D-B1640DB46C76
1839	pfbac0fe3c04c8f2e8_auto2108
1840	3A55F6C1-3C86-11EE-8E2F-6C6A77E3CEAB
1841	C073B040-FFE8-11ED-8558-803253C95184
1842	0 89.9594 0
1843	ABD17B07-FFF4-11ED-8558-803253C95184
1844	FFAB5105-D5E8-11EE-AF09-E0D4E875DD15
1845	pf279a50ad2a9f77df_auto715
1846	545 2005 168
1847	vfx_afgn_fire_splash
1848	AD6C4C41-6C37-11EE-8E3F-6C6A77E3CEAB
1849	3834 2372 13
1850	D5E71FF2-74AA-2D57-B797-F8F45B910623
1851	E0DB4356-60AA-7EAC-A96E-7F10F9329F29
1852	0 267.9 0
1853	jump_down_136
1854	21EA1166-00C2-11EE-8559-803253C95184
1855	closed_to_fully_open_unusable
1856	BC51AC3F-991B-11ED-8540-803253C95184
1857	B6D1851B-54BB-11EE-8E37-6C6A77E3CEAB
1858	0 24.7256 0
1859	2977 2490 -1
1860	0 151.599 0
1861	0 46.9999 0
1862	3986 2429 3
1863	0 84.9274 0
1864	E2210B4A-2D5B-3C58-36AC-37315B9E0AC9
1865	21EA1160-00C2-11EE-8559-803253C95184
1866	3918 1152 119
1867	437DE1E0-3C80-11EE-8E2F-6C6A77E3CEAB
1868	c2
1869	0 88.1 0
1870	vfx_afgn_moths_01
1871	A094233C-C69D-83BC-9014-FC1C453BE7FC
1872	16DD09D1-3C84-11EE-8E2F-6C6A77E3CEAB
1873	CFA88DD2-D62A-11EE-AD92-047BCBA5AAE9
1874	2622BADB-54BE-11EE-8E37-6C6A77E3CEAB
1875	mp_ctf_spawn_allies_start
1876	0 159.499 0
1877	1993 4124 264
1878	387F9602-19FD-56F9-ECB2-AD7CD9CD4DC6
1879	ik_out_end_left_hand
1880	8A26169C-412D-6F73-4D57-489238E4F93E
1881	3
1882	-337.558 -834.345 -103
1883	2072 3304 264
1884	0 330.1 0
1885	BC51AC2D-991B-11ED-8540-803253C95184
1886	50E27A49-D62B-11EE-AD92-047BCBA5AAE9
1887	94728B86-E1CD-C29A-B2DE-0499EE837A5B
1888	3943 2434 9
1889	3907 2432 16
1890	-384 -752 -128
1891	-336.751 -641.771 -94
1892	pf4fe6bba06fe8ac34_auto2108
1893	-363.558 -794.345 -103
1894	153.558 69.345 14
1895	0 150.997 0
1896	vfx_afgn_dirty_flare_03
1897	pf737685d7395ed304_11
1898	7A264FE2-E380-1AD8-1CDB-02F9EFFF5DD1
1899	3830 2614 -5
1900	vfx_afgn_windy_ground__fire_01
1901	D6B9C2D0-0173-11EE-8559-803253C95184
1902	pf2e31d63fc8900066_auto2108
1903	22BCD8A6-3C83-11EE-8E2F-6C6A77E3CEAB
1904	437878A2-30BA-11EE-8E2E-6C6A77E3CEAB
1905	67B17BF9-54BD-11EE-8E37-6C6A77E3CEAB
1906	hardpoint_vis_04
1907	pf49550eec7d6784_auto2108
1908	076AB50F-44AB-E57A-A0A1-46816AD6A73E
1909	-319 -736 -113
1910	mp_tdm_spawn_allies_start
1911	597 2838 254
1912	3AE31417-A222-DCB4-9548-BA224F9896D1
1913	1889 4263 253
1914	4EF49337-3716-6FA5-D01D-73890C1006B9
1915	0 314.898 0
1916	3115 3613 136
1917	4001 2884 134
1918	44C119D6-54CC-11EE-8E37-6C6A77E3CEAB
1919	mp_escort_spawn_defender_start
1920	EFBCCBF6-014B-124B-A85B-4AEF185E00C2
1921	pff61f5b6280ed7905_auto2108
1922	3907 2360 25
1923	1B6A74A0-3A23-0020-8C29-FC25EBFC5621
1924	03EA46DC-E652-A2CF-2DC4-8B9237444661
1925	scriptable_ee_clothing_price_boots_01_left
1926	show
1927	6FFE9D02-9CC3-17A9-8D7E-756B8C4BDEED
1928	B7425D04-4495-E387-F16B-03F5D2135E7B
1929	007E5150-ACEB-0D69-5E15-9A23FDEEF1D8
1930	2758 2473 23
1931	2458.36 1222.77 25.21
1932	vfx_afgn_lensflare_yellow
1933	3747 1629 107
1934	0E930458-0FD3-F70A-05FB-B3DFF96B8DB5
1935	01417CD4-F204-8476-E855-7F67C5AD4156
1936	232 -504 -3
1937	3F8B224A-1F23-8EE1-FE0C-7C48A927D272
1938	81D05615-F9C7-8F73-2C1E-11D38BB77479
1939	BC51AC39-991B-11ED-8540-803253C95184
1940	05B5A30D-3C85-11EE-8E2F-6C6A77E3CEAB
1941	traversal_door
1942	damagelight
1943	3843 2408 10
1944	EB02F218-6DD0-11EE-8E3F-6C6A77E3CEAB
1945	92CB470B-54CB-11EE-8E37-6C6A77E3CEAB
1946	F2440C22-54BC-11EE-8E37-6C6A77E3CEAB
1947	damageheavysound
1948	17B4B1DE-FFE8-11ED-8558-803253C95184
1949	8148C71B-DE66-851E-96F3-540E7D21B588
1950	jup_infil_dpv_exit_00
1951	8654A6B2-E504-CA24-6326-07D74DE449C5
1952	furniture_futon_couch_mat_pilows_pillow_02_pattern_02
1953	9CBFE96E-0E4C-F95E-4E17-BA96E1F38AAC
1954	2096 -248 140
1955	A9C2EF0C-217E-3F00-886C-8604483A51E4
1956	15B6E4BF-DFA8-11EE-ADA3-047BCBA5AAE9
1957	8B76C418-0669-451F-01F9-D21C1787AEA3
1958	267F904C-56EA-FA0F-EE58-A6923F04B5CF
1959	79BF316B-DFA3-11EE-ADA3-047BCBA5AAE9
1960	-1330 812 66
1961	C7086C05-971D-545D-38B6-F8FF7753EEF1
1962	5B3E2A75-54CC-11EE-8E37-6C6A77E3CEAB
1963	vfx_afgn_fire_sml_01
1964	3908 2373 19
1965	vfx_afgn_fireball
1966	04702D02-FFE9-11ED-8558-803253C95184
1967	0 210 0
1968	pf9d38f0ba2b14f7f3_auto2108
1969	vfx_afgn_water_runoff_ledge_sml_01
1970	mp_ctf_spawn
1971	decor_shoes_01_sandals_female_brown_left
1972	0 351 0
1973	1176 2992 277
1974	E63D2DE1-99BD-0736-698C-F8D0630950E5
1975	explode
1976	BA4A4D3E-54CA-11EE-8E37-6C6A77E3CEAB
1977	0 128.299 0
1978	scriptable_vfx_animals_rat_arc
1979	476ADDE2-66C8-FC93-4656-ED096577437D
1980	FFAB511E-D5E8-11EE-AF09-E0D4E875DD15
1981	F1C9CBB9-3C86-11EE-8E2F-6C6A77E3CEAB
1982	F6960A45-FFE7-11ED-8558-803253C95184
1983	pf3a9ba1e1a7df617c_auto2108
1984	3984 2896 136
1985	3817831C-EB32-6A6B-FDBA-8E9F676491E3
1986	furniture_pillow_01_pattern_01
1987	3986 2497 3
1988	AAF6FEE8-54CC-11EE-8E37-6C6A77E3CEAB
1989	-305 -729 -107
1990	mp_dom_spawn_axis_start
1991	6889401B-54CC-11EE-8E37-6C6A77E3CEAB
1992	pfccfaeb35076fbd4e_auto2108
1993	1713132B-DFA1-11EE-ADA3-047BCBA5AAE9
1994	B04C9C37-560A-A0E4-F73A-037542A98989
1995	medium
1996	1FB21773-FFFD-11ED-8558-803253C95184
1997	B85459E8-2042-828A-33FB-E51D823E4007
1998	E81BE997-00C2-11EE-8559-803253C95184
1999	74A0CCC8-AABB-0E9E-7CF1-EF75F6584394
2000	2015 4273 261
2001	8C7F30CD-F3B3-C880-CAE7-1B937877F03E
2002	pfc5fe24c075b5eddb_auto2108
2003	BC51AC48-991B-11ED-8540-803253C95184
2004	pf379428552115a8c0_auto2108
2005	1518 -43 17
2006	47F097F6-F9C9-96C2-BED1-DAD78202B4D7
2007	0F8C5A6A-E970-41B1-0A2D-6E315D39A882
2008	vfx/jup/level/mp_jup_afghan/vfx_afgn_chimney_smoke
2009	E593A7DE-D5E8-11EE-AF09-E0D4E875DD15
2010	0 296.798 0
2011	D674AD67-30D3-7792-C103-EF42405FD6FB
2012	6D3D5A6C-0A08-061E-E60F-A56F3BD44AAF
2013	0F1E2B62-DFA1-11EE-ADA3-047BCBA5AAE9
2014	1563.84 2827.62 288.519
2015	18198DCC-54BE-11EE-8E37-6C6A77E3CEAB
2016	21C43907-0173-11EE-8559-803253C95184
2017	c1
2018	8475771B-ED67-C03D-8D5D-9793725CD403
2019	1056 -336 16
2020	50A44151-8D48-11ED-9626-803253C95184
2021	254.558 -177.655 1
2022	C1663589-3C7F-11EE-8E2F-6C6A77E3CEAB
2023	EEE0563D-B9BB-C938-F35A-B4E7D2C9E02A
2024	5139BD69-5C6F-E633-36B0-AAFC2A7B46BD
2025	0 229.397 0
2026	ik_in_end_left_hand
2027	BC51AC21-991B-11ED-8540-803253C95184
2028	vfx/jup/level/mp_jup_afghan/vfx_afgn_ground_decal_fire_lrg_01
2029	vfx_afgn_sunflare
2030	3861 2564 -15
2031	3750 1236 111
2032	-403.558 -610.345 -115
2033	scriptable_cinderblock_wall_topper_02_64
2034	17B4B1EA-FFE8-11ED-8558-803253C95184
2035	2392 3584 165
2036	0 8.72744 0
2037	vfx_afgn_wispy_smoke_01
2038	0 262.725 0
2039	row1_right
2040	tag_fender_back_right
2041	9D6E8056-3C85-11EE-8E2F-6C6A77E3CEAB
2042	46E83611-00AA-11EE-8559-803253C95184
2043	vfx_afgn_dirty_flare_04
2044	267.921 3216 95.1831
2045	pf737685d7395ed304_12
2046	B1033BE3-F5D6-1E48-E9F1-C3B05449D51C
2047	ResetToSceneDefaultFOV
2048	1927.66 994.085 29.8425
2049	D74BB2E2-3892-2D61-62A2-0BDB427B558E
2050	6ABC4305-9A69-B628-5F49-E6BE512EC6AF
2051	3194 3602 134
2052	50A4417B-8D48-11ED-802B-803253C95184
2053	5771D334-4217-0294-6577-5819A552F8BB
2054	C95EE7ED-9F2F-990E-D71E-80D36D6EEB72
2055	B6BE07D4-3C86-11EE-8E2F-6C6A77E3CEAB
2056	C43F79B8-5DCC-5E2D-54F2-2976C2B28119
2057	vfx/jup/level/mp_jup_afghan/vfx_afgn_pipe_flame
2058	1FB2177F-FFFD-11ED-8558-803253C95184
2059	F0F684FB-5734-3C81-54BD-442B86B7DA6A
2060	9671DEE4-DFB6-11EE-ADA3-047BCBA5AAE9
2061	2AB9EA69-54CC-11EE-8E37-6C6A77E3CEAB
2062	-529.394 457.413 133
2063	D5F8B4A7-54C1-11EE-8E37-6C6A77E3CEAB
2064	0 292.528 0
2065	155.638 -550.541 -22
2066	ik_out_end_right_hand
2067	B032D001-D628-11EE-AD92-047BCBA5AAE9
2068	85337255-75C8-7861-50BB-118175BDF320
2069	vfx/jup/level/mp_jup_afghan/vfx_afgn_trash_flies
2070	C18668C7-30CC-11EE-8E2E-6C6A77E3CEAB
2071	pfed6b65bcf78d4b22_auto2108
2072	mp_arena_spawn_allies_start
2073	-439 -797 -128
2074	pf75395261dca34766_auto2108
2075	default
2076	A8236D0F-DFAA-11EE-ADA3-047BCBA5AAE9
2077	end
2078	slow
2079	E8442154-3C80-11EE-8E2F-6C6A77E3CEAB
2080	1A0C9D18-03F5-11EE-8559-803253C95184
2081	E593A7ED-D5E8-11EE-AF09-E0D4E875DD15
2082	E4708132-0F5E-5E6D-6571-B4676A6DD426
2083	pf28f6930a6c82beba_auto2108
2084	4F4FBBFC-54BE-11EE-8E37-6C6A77E3CEAB
2085	vfx/jup/level/mp_jup_afghan/vfx_afgn_dirty_flare_03
2086	3DDE32DA-B563-CB37-F3EE-6710DB040085
2087	3488 3113 138
2088	E87CA4CA-3C7F-11EE-8E2F-6C6A77E3CEAB
2089	1062 -335 15
2090	4104 2554 -3
2091	explode_left_90
2092	BC5A4FED-DFB6-11EE-ADA3-047BCBA5AAE9
2093	791429DF-54CA-11EE-8E37-6C6A77E3CEAB
2094	0 334.397 0
2095	E571A3DF-2FD0-3ADB-7C1E-FFFA51643D5B
2096	ws_raise
2097	3754.12 1580.75 105.553
2098	fingers_in_end_right_hand
2099	E593A7E8-D5E8-11EE-AF09-E0D4E875DD15
2100	0461CE10-2D3D-AAA3-F0DF-F1F054017A50
2101	df_blima_interior
2102	135B2FCB-D62C-11EE-AD92-047BCBA5AAE9
2103	-296 115 44
2104	C9E346EC-0173-11EE-8559-803253C95184
2105	0 258.8 0
2106	-8608 7360 0
2107	0 65.2253 0
2108	vfx/jup/level/mp_jup_afghan/vfx_afgn_water_runoff_ledge_sml_01
2109	3939 2496 6
2110	-8192 7360 0
2111	3E1D3622-615B-DEDA-7A3A-83AD8B7B3CD6
2112	0 30.5001 0
2113	pf737685d7395ed304_flag2
2114	vfx_afgn_ground_decal_fire_sml_01
2115	vfx_afgn_flat_water_ground_sm_02
2116	df_stop
2117	vfx/jup/level/mp_jup_afghan/vfx_afgn_leaves_ground_clump_rnr
2118	0 300 0
2119	65573435-30CB-11EE-8E2E-6C6A77E3CEAB
2120	11BD6838-E16B-8D21-C944-9D8517431AB8
2121	C63BC7E0-3C7E-11EE-8E2F-6C6A77E3CEAB
2122	3C7F3469-3468-B7AA-DB0F-0D370B6B7F34
2123	21EA115D-00C2-11EE-8559-803253C95184
2124	pf9941377a9d001020_auto4
2125	A5878510-6C37-11EE-8E3F-6C6A77E3CEAB
2126	0 84.9974 0
2127	BBC0E320-F809-5CD2-AA9D-4494C027B1A4
2128	D031EDF4-4C56-B28B-C720-2BE0B3694D68
2129	034B250F-BA80-7E72-68DB-90296090E657
2130	CECF7AD4-54C1-11EE-8E37-6C6A77E3CEAB
2131	0 193.999 0
2132	4346 121 151
2133	140C7EA7-3C80-11EE-8E2F-6C6A77E3CEAB
2134	860337B2-54CA-11EE-8E37-6C6A77E3CEAB
2135	13F1B67D-03F5-11EE-8559-803253C95184
2136	9A05D818-5FFE-06EC-0BE5-4BC074092A37
2137	FB0DC009-FFFF-11ED-8558-803253C95184
2138	3827 2620 -7
2139	tag_bumper_front
2140	5BA90480-AFC9-C2B7-5C86-743BEB822BFC
2141	pf737685d7395ed304_3
2142	-323.057 -633.58 -117.966
2143	1909 4124 264
2144	1FB2174C-FFFD-11ED-8558-803253C95184
2145	jup_infil_dpv_exit_03
2146	1832.22 -192.69 136.295
2147	vfx/jup/level/mp_jup_afghan/vfx_afgn_spark_fusebox_01
2148	mp_escort_spawn_attacker
2149	0 116.798 0
2150	50A44183-8D48-11ED-8B40-803253C95184
2151	vfx/jup/level/mp_jup_afghan/vfx_afgn_fire_splash
2152	E135CAB1-DE11-CF29-A4EE-8B74EBF1C54F
2153	C555907F-7023-BC62-255E-5AE00F2F8991
2154	food_trash_bottle_soda_03
2155	2368C133-2F96-6E28-1C45-212B9C232226
2156	vfx_afgn_fire_sml_02
2157	1218.53 278.029 5.19885
2158	0E803098-B69C-4514-4436-3D27A6B0B120
2159	02A29170-54CB-11EE-8E37-6C6A77E3CEAB
2160	jup_infil_shared_movement_pre
2161	pf2a97ae43d5197c6_auto2108
2162	D7181B8C-3C84-11EE-8E2F-6C6A77E3CEAB
2163	AA94A083-9C01-FC10-DFB4-ABB0445B2BD4
2164	-1178 1286 90
2165	38D39FBB-C305-0860-1A88-2D7B248E5F83
2166	1233 -172 40
2167	vfx_afgn_water_runoff_ledge_sml_02
2168	0 40.7278 0
2169	8BF1278C-D37F-E297-A4E5-8FCE3F4A9E7D
2170	78F19314-4D5F-70B8-0928-49CDED6041F0
2171	0.15306 312.198 0.257766
2172	jump_down_40
2173	jump_down_80
2174	-528.442 -609.655 -119
2175	9B59FD9A-03F6-11EE-8559-803253C95184
2176	AC770BC9-AFB2-3B3D-739F-F376480D4B13
2177	0 19.7997 0
2178	vfx/jup/level/mp_jup_afghan/vfx_afgn_rain_streak_decal_02
2179	pf304d516d964dae38_auto715
2180	2394 3595 167
2181	DAC074E1-4B36-F7A8-0E93-4FAD97940A20
2182	decor_shoes_01_sandals_male_brown_left
2183	478A96D6-F748-0719-5DB6-E0352104A72D
2184	F4E09A4E-C186-00E9-3157-FFADC3F346EE
2185	6B629B4F-2D91-2993-672B-015DB086D175
2186	-269 50 27
2187	vfx/jup/level/mp_jup_afghan/vfx_afgn_dirty_flare_02
2188	4038 2489 8
2189	E05259CA-0FD7-FB41-DB70-B61A9DA1F5D7
2190	0AAC6A4E-4C1C-A1DF-7AA4-78949C3A2522
2191	9E33927C-6F2E-117C-16FE-FD2556781F3E
2192	50A44154-8D48-11ED-8DC3-803253C95184
2193	4C11FB54-3105-740F-12AD-8070B01F704A
2194	908 -292 3
2195	2467.89 1169.96 27.7486
2196	2B1CF305-A51A-749A-499B-9D714330CEE7
2197	2513.02 1181.74 28.4546
2198	378004CF-43AC-866E-3BAF-D75BC27F2890
2199	A667AC07-54CA-11EE-8E37-6C6A77E3CEAB
2200	78FB32B1-8B31-4BB3-A0FF-A9530AC27C7B
2201	CECF7AEA-54C1-11EE-8E37-6C6A77E3CEAB
2202	1955 4273 260
2203	BC51AC1B-991B-11ED-8540-803253C95184
2204	40F08FDD-00AA-11EE-8559-803253C95184
2205	pfa940281f19f09041_auto2108
2206	4410 998 133
2207	DC9FC519-3281-9FA8-B748-2A657E1F3573
2208	FFAB510A-D5E8-11EE-AF09-E0D4E875DD15
2209	E3F24DA1-CB48-0A93-97E6-B920E40F8C75
2210	4083A6FD-9E9D-CF3B-EA27-5B2E422BA1C3
2211	BC51AC5D-991B-11ED-8540-803253C95184
2212	FA17A55C-DFA7-11EE-ADA3-047BCBA5AAE9
2213	DFF7F9B4-C038-CBB2-2362-747447EE4869
2214	FFAB5123-D5E8-11EE-AF09-E0D4E875DD15
2215	2078 3442 251
2216	explode_right_90
2217	2587 3586 143
2218	25145753-64BA-A274-14E9-A52CE7833948
2219	3581 387 92
2220	0 267.728 0
2221	3939 2496 7
2222	cardboard_box_small_01
2223	1AA282A7-3B0D-7086-B5E2-D41221EE30F4
2224	3104 3607 134
2225	tag_fender_front_right
2226	92CB46FD-54CB-11EE-8E37-6C6A77E3CEAB
2227	pf716e812096b0c003_auto2108
2228	1F395778-13A0-E0F0-CB51-C08452D8BBDA
2229	pf737685d7395ed304_flag3
2230	D4F77C8C-3C86-11EE-8E2F-6C6A77E3CEAB
2231	scriptable_decor_shoes_01_sandals_male_brown_left
2232	05A4E8F3-3C86-11EE-8E2F-6C6A77E3CEAB
2233	8A49913A-D4FE-2A69-4C76-A8D38C6F60B2
2234	0 60 0
2235	-349.558 -588.345 -103
2236	pfaf1ec7475a07e096_auto2108
2237	3827 2561 -14
2238	CC5454F2-E8A3-3AB3-3038-469BED309BC5
2239	0 337.225 0
2240	213223D8-3C87-11EE-8E2F-6C6A77E3CEAB
2241	vfx_afgn_ground_decal_smoke_sml_01
2242	3813 2563 -15
2243	1751 -238 143
2244	0 22.0266 0
2245	3ADDFCE6-D5D3-C2C7-BF9C-E19A3246FAC6
2246	1A0C9D04-03F5-11EE-8559-803253C95184
2247	4012 2557 -9
2248	pf737685d7395ed304_1
2249	D5F8B4B2-54C1-11EE-8E37-6C6A77E3CEAB
2250	vfx/jup/level/mp_jup_afghan/vfx_afgn_ks_emp_sparks_lrg
2251	mp_control_spawn_defender_start
2252	-1335 819 67
2253	E593A801-D5E8-11EE-AF09-E0D4E875DD15
2254	jup_infil_dpv_exit_01
2255	-174.771 2445.82 133.31
2256	9B59FDA9-03F6-11EE-8559-803253C95184
2257	engine
2258	vfx/jup/level/mp_jup_afghan/vfx_afgn_grass_blowing_rnr
2259	vfx/jup/level/mp_jup_afghan/vfx_afgn_water_puddle_01
2260	F7AA5939-03F6-11EE-8559-803253C95184
2261	13F1B68C-03F5-11EE-8559-803253C95184
2262	E593A7F2-D5E8-11EE-AF09-E0D4E875DD15
2263	scriptable_food_trash_bottle_soda_03
2264	38F906D5-8078-7C2E-8653-5792409663FB
2265	mp_rugby_spawn_axis_start
2266	mp_koth_spawn_allies_start
2267	pfb3238deb7ade8436_auto2108
2268	0 127.299 0
2269	pf96b655f52d5d2e47_auto2108
2270	vfx/jup/level/mp_jup_afghan/vfx_afgn_water_runoff_ledge_sml_02
2271	1FB21767-FFFD-11ED-8558-803253C95184
2272	B735DB53-FBEA-49BE-761C-DED57C7B9EAB
2273	0 200.6 0
2274	E76207BE-9194-DFB8-BA49-88CA3B7E8DD4
2275	31A5576D-917D-DF72-FDA1-1705D0C24A83
2276	962A582E-33B5-CDEE-2B20-693F89233331
2277	2804 3199 141
2278	pf737685d7395ed304_flag1
2279	vfx_afgn_ground_decal_fire_sml_02
2280	frozen
2281	vfx/jup/level/mp_jup_afghan/vfx_afgn_sunflare
2282	1072.98 3126.08 265.44
2283	-990.394 924.413 190
2284	A074BB6E-6365-1A6F-B664-DBBD633E2D1E
2285	EF5CC83F-F0E5-BE71-674A-56D7F767956F
2286	1726.82 1076.58 38.585
2287	scriptable_uk_gas_tank_thin_cylinder
2288	50A4417C-8D48-11ED-B188-803253C95184
