   1	0 264.098 0
   2	715B8F74-8677-11EE-8E41-6C6A77E3CEAB
   3	C9AFC1BC-6E42-11EE-9592-68545AD2D871
   4	pf133462d8e7d5fc9_auto2108
   5	me_kitchen_coffee_plate_01
   6	CF4EBE5C-9BFE-E226-DFBD-47BCB8A5A323
   7	F0F11E28-2142-A6AC-11BC-4FA3A13AF737
   8	1245.03 -2518.07 433.051
   9	pf75cfea88115b6fc5_auto2108
  10	126C054B-A4B4-BD72-FA16-55B9C2D07C7E
  11	pfeab1674d885d9718_auto2108
  12	DF5BB10B-2AEA-11EE-8FA9-845CF3CAF2FA
  13	1247 -2196.3 349.096
  14	3751EEF8-F575-ECB1-1E7F-56848028C059
  15	tag_window_back_left
  16	scriptable_electrical_conduit_set_electrical_box_01
  17	58BFAE8D-0338-4FC1-FBD1-C5FA823364F0
  18	-2248.93 -1801.13 344
  19	pf57c6d38c72fe074b_auto2108
  20	D8E8B588-41AA-CAD3-6A74-551E544BBDC9
  21	0 65.0914 0
  22	A7606A04-474E-11EE-8FAC-845CF3CAF2FA
  23	0 180.499 0
  24	F4FD0CDB-A2F7-08FD-8C14-FD0EE8525D40
  25	696738A6-6198-7DEA-E63A-8E730C0C8581
  26	AD772EF4-EF41-EE0D-E9B9-5B4A7E06D1ED
  27	ik_out_start_right_hand
  28	5BB7AD6A-16A0-11EE-8A67-D4548B693989
  29	D503C3C8-2AEB-11EE-8FA9-845CF3CAF2FA
  30	0 118.898 0
  31	tag_wheel_center_back_right_flat
  32	4EF3DE2F-F105-3581-41EC-F01C518ED807
  33	2B98D5F8-09C1-1D89-248E-FB78CB04CDA9
  34	7BDBBF43-6E44-11EE-9592-68545AD2D871
  35	346 1918.5 397.371
  36	E5522ED8-2AEA-11EE-8FA9-845CF3CAF2FA
  37	pf24b0870d04954351_auto2108
  38	-1783 2411 299.964
  39	1390 -2239.5 354.482
  40	infil_van_6
  41	tag_origin
  42	1E305D4A-1949-7D72-FE8D-54098D18F001
  43	food_cans_bottles_and_jars_jar_03_group
  44	326880A6-2C97-7833-E5BF-47BAAA98E4BC
  45	-2188 1842 280
  46	pf837d8244a39ecfe6_auto2108
  47	F5C91ABE-15E4-11EE-8A66-D4548B693989
  48	invisible
  49	104.886 1819.17 400.036
  50	227 1827.5 395.323
  51	pf77c042e711c8946c_auto2108
  52	1247 -2276.3 387.763
  53	CF5EADB1-D85F-11ED-8F9A-845CF3CAF2FA
  54	4AB77919-32B8-11EE-8FAA-845CF3CAF2FA
  55	1406 -2023.5 348
  56	591F049D-EB43-11ED-8F9E-845CF3CAF2FA
  57	504BFA10-EB24-11ED-8F9E-845CF3CAF2FA
  58	1E45E920-9E63-434D-5480-C2E6EA044DFA
  59	486.934 -2535.39 391.857
  60	1B28596F-31CB-1CF0-0DF5-75E1687C2E65
  61	food_cans_bottles_and_jars_can_02
  62	-1762 2188.6 275.623
  63	pf5b55eeac3dd990dc_auto4
  64	0 271.7 0
  65	E609C091-B60D-81BC-0C57-71BE5EDC2BF7
  66	-1552.5 2300 302
  67	pffb640f98da812876_auto2108
  68	-85 1494 388.615
  69	CCA1D107-1625-2853-A684-DD6B034E29ED
  70	926.627 1453.62 397.304
  71	2EADDFB0-2563-214F-AF32-7FE7EE5744B1
  72	1320 -2083 348
  73	mp_dd_spawn_attacker_start
  74	0EC18148-6E3E-11EE-9592-68545AD2D871
  75	4AB77940-32B8-11EE-8FAA-845CF3CAF2FA
  76	0 171.998 0
  77	pfd50419cafd67378f_auto2108
  78	-1616 -1290 187.625
  79	1358 -2159.5 348.017
  80	F5085F76-FCA2-DBE6-5C69-DE730D85D00D
  81	981107FE-2DA3-9003-D8EB-C43F662AB59B
  82	EE5BF95B-7BFA-144B-4BE2-172B178266B4
  83	4AB7793A-32B8-11EE-8FAA-845CF3CAF2FA
  84	3942D338-32B8-11EE-8FAA-845CF3CAF2FA
  85	2F01642A-EB2C-11ED-8F9E-845CF3CAF2FA
  86	mp_dd_spawn_defender_b
  87	infil_van_iw9_2
  88	food_trash_soda_01
  89	0 87.4987 0
  90	pf5bf4586103d75c96_auto2108
  91	71EF20D1-0D70-2DA4-0233-A76FE0BA8146
  92	78B6075A-F47A-F710-1EAF-6C1A2B87DCB1
  93	mp_control_spawn_attacker
  94	841F6DD0-C1B8-11ED-9DCE-845CF3D164D2
  95	126.564 1479.76 402.227
  96	391A0004-7859-11EE-95A7-68545A904D17
  97	pf50437022ee3c9a5f_auto2108
  98	anim_explosion
  99	789FEEE7-18C2-20B2-5CE8-42A2ACB5554B
 100	4C94AA7B-785B-11EE-95A7-68545A904D17
 101	-2242.93 -2062.13 344
 102	80265573-515E-B0D0-F8BB-0962E098A980
 103	E4B711CE-32F5-0B73-FAE2-2F81F0461610
 104	1543.62 893.373 312.43
 105	47B48BBF-15E3-11EE-8A66-D4548B693989
 106	0 90 0
 107	scriptable_me_garbage_box_cardboard_01
 108	B3FCBCAB-2968-26E8-0C24-41C46D64E3D6
 109	0 67.9982 0
 110	80795F8F-474E-11EE-8FAC-845CF3CAF2FA
 111	C7EF6E65-3328-2320-88AF-370814860F74
 112	mp_dd_spawn_attacker_b
 113	pf242cc433ccc20379_auto2108
 114	3C35FF31-47E1-11EE-8FAC-845CF3CAF2FA
 115	scriptable_scriptable_construction_doors_metal_b_02_mp
 116	-1476 2362.5 312
 117	79F72DCB-CA23-975E-6363-1ADC5551FC1C
 118	46B58CDD-EB41-11ED-8F9E-845CF3CAF2FA
 119	jup_infil_blima_rope_kick_right
 120	5578A2B6-16A0-11EE-8A67-D4548B693989
 121	tag_windshield_front_web
 122	-1410 2393 328.363
 123	mp_dom_spawn_secondary
 124	0 130.898 0
 125	40C7B65C-6E46-11EE-9592-68545AD2D871
 126	3D4D08AB-16A0-11EE-8A67-D4548B693989
 127	infil_blima_4
 128	E3160E3B-FFDA-85D7-EF15-C91998CAEA50
 129	EAE11666-785B-11EE-95A7-68545A904D17
 130	3091A714-EB3B-11ED-8F9E-845CF3CAF2FA
 131	tag_light_back_left
 132	scriptable_tool_paint_brush_01
 133	van_infil_sfx_npc4
 134	AE2D236E-26AA-6AF4-11FA-A57F9FCC1A8D
 135	03E7F469-7C9F-98C9-DEC6-82F629A56113
 136	A7606A10-474E-11EE-8FAC-845CF3CAF2FA
 137	vfx
 138	0 99.9995 0
 139	ACA6A72A-EB40-11ED-8F9E-845CF3CAF2FA
 140	0A07026F-7D27-43B4-E637-3A24BD98D238
 141	2E078E00-F4FA-0787-A5D0-B8920D0CDB71
 142	0 342.498 0
 143	EC3DC7B0-C1B9-11ED-9DCE-845CF3D164D2
 144	5DD335F0-EA81-11ED-8F9E-845CF3CAF2FA
 145	082CF73A-6E3D-11EE-9592-68545AD2D871
 146	C4EFDC63-C1B6-11ED-9DCE-845CF3D164D2
 147	51CA98F1-715A-51F5-B6F0-F42B08B2CD04
 148	-1007.87 -1426.93 334.479
 149	2B09A4C9-785B-11EE-95A7-68545A904D17
 150	0.718055
 151	5261D603-4E65-943F-B530-6C98F06FABCE
 152	closed
 153	E0E29646-7859-11EE-95A7-68545A904D17
 154	4D4070A2-0620-1B24-E59A-860D15AFBF02
 155	19964ABA-7857-11EE-95A7-68545A904D17
 156	DF5BB10E-2AEA-11EE-8FA9-845CF3CAF2FA
 157	pf333007e0df43a83d_auto716
 158	light_front_right_2
 159	F9BA646A-4739-11EE-8FAC-845CF3CAF2FA
 160	0 325.398 0
 161	A41A7775-EB27-11ED-8F9E-845CF3CAF2FA
 162	F4F02E31-7A3C-BFA5-2B79-D1569E3FC254
 163	EAE1164E-785B-11EE-95A7-68545A904D17
 164	pf5f815e09ba4f74ff_auto2108
 165	80795F98-474E-11EE-8FAC-845CF3CAF2FA
 166	373.629 -2496.1 386.24
 167	A7606A07-474E-11EE-8FAC-845CF3CAF2FA
 168	B565B938-9C1A-11ED-BB6F-68545AD2D871
 169	5E4BCC99-7858-11EE-95A7-68545A904D17
 170	36EDBDF5-16A0-11EE-8A67-D4548B693989
 171	-1441.5 2372 319.081
 172	F490CEBC-2E80-DC08-60CF-ECB86AAFFBD9
 173	mp_dm_spawn_start
 174	6F1BDEA3-D33F-2733-C466-C65EE0D3480E
 175	scriptable_decor_misc_props_01_bottle
 176	pf20592a1d197a75e6_auto2108
 177	41768232-1D4F-961B-9DE9-3E4E5AD53CC8
 178	515C27CB-FC95-8B1B-4515-507225A10ECB
 179	mrap
 180	5AEBDA2F-A6CE-DF6D-D24D-109380C33911
 181	-1424.73 1292.46 293.831
 182	619.717 -2497.83 384.893
 183	3F98C625-EB24-11ED-8F9E-845CF3CAF2FA
 184	mp_dom_spawn_allies_start
 185	pf8fdeded813853b09_auto2108
 186	pf3d347e33a6942ee5_auto2108
 187	food_trash_burger_box_01_open
 188	561CED23-B6B3-D0B2-CD3B-F388C2D0C663
 189	splash_listener
 190	6B4D23B6-6E44-11EE-9592-68545AD2D871
 191	0 91.0932 0
 192	1F80BF38-09AA-E3AC-CEC8-070D5EBF0230
 193	infil_blima_3
 194	1130 -2268.5 368
 195	0F315934-98C4-D6E0-ED6D-C0AF660650F6
 196	scriptable_decor_wicker_basket_03
 197	D8CC15A1-6E3F-11EE-9592-68545AD2D871
 198	CF5EADA5-D85F-11ED-8F9A-845CF3CAF2FA
 199	pf403b5faf9a9227c0_auto4
 200	-1596.9 2377.5 303.694
 201	C39AE5DF-6E42-11EE-9592-68545AD2D871
 202	0 146.299 0
 203	0 58.3946 0
 204	front_left
 205	7031EB7C-16A0-11EE-8A67-D4548B693989
 206	9321607F-EA7A-11ED-8F9E-845CF3CAF2FA
 207	1379 -1964 348.001
 208	scriptable_food_cereal_box_01
 209	tag_wheel_center_front_right_flat
 210	9DCD5ADF-D527-30B2-0923-BE1EE54832E5
 211	equipment_roof_vent_medium
 212	F587049F-05E6-D78E-CA27-A2AE3D069509
 213	5DD335FC-EA81-11ED-8F9E-845CF3CAF2FA
 214	584531F4-8235-00FF-09EF-BE756E9D5CDD
 215	8C90A2BA-5E32-EAF4-785F-76860E7B6C48
 216	75F47884-2E85-E3B3-C804-7E23561689E7
 217	1543 -2020.3 373.643
 218	B87A8864-9E9A-9ED5-047B-54B3EA837C88
 219	79FA7076-6517-DC5F-FB96-5B45F60525BB
 220	pfe427df9277793a3b_auto2108
 221	50CC87D0-C1B7-11ED-9DCE-845CF3D164D2
 222	CF5EADA2-D85F-11ED-8F9A-845CF3CAF2FA
 223	5
 224	290AED87-C1BA-11ED-9DCE-845CF3D164D2
 225	4010C2FF-EB41-11ED-8F9E-845CF3CAF2FA
 226	611.451 -2568.7 397.393
 227	CEE8D27A-620C-9AC2-4455-406641431BBE
 228	573.334 -2449.76 384.147
 229	0 104 0
 230	0 355.8 0
 231	-972 -1565.5 416.936
 232	484.934 -2533.39 391.516
 233	scriptable_scriptable_door_metal_panel_03_left_mp
 234	59561B66-DB62-6902-931B-4962A343670D
 235	A632A335-6E42-11EE-9592-68545AD2D871
 236	EB7B3B6B-3776-E7D8-6059-72E3DA7277EA
 237	6BED5FB7-740F-3122-FDE1-A2466E0E6240
 238	pfe4b25ec1b06babd4_auto2108
 239	3F596664-785D-11EE-95A7-68545A904D17
 240	2FDD1C23-DBCB-60BC-8FA5-F749F1CED9F0
 241	82029506-3FCE-470E-9083-1C3CC428E4F4
 242	door_back_right
 243	-680 -1579 498.291
 244	1454.01 728.577 299.206
 245	390.563 -2423.81 380.236
 246	327.053 -2440.94 385.948
 247	E919E08C-785C-11EE-95A7-68545A904D17
 248	pfb280de3a086e6d0f_auto715
 249	B290F146-6E42-11EE-9592-68545AD2D871
 250	ACA6A72D-EB40-11ED-8F9E-845CF3CAF2FA
 251	E5D2E355-6C72-D36A-A036-F1AB07EBF0FC
 252	0 116.5 0
 253	-1454.38 1113.37 57.6339
 254	pf1cf54746c14113a0_auto715
 255	-832 1832.5 380.353
 256	3172113D-32B8-11EE-8FAA-845CF3CAF2FA
 257	9A5E48C7-7859-11EE-95A7-68545A904D17
 258	scn_infil_van_npc6
 259	0 65.7949 0
 260	light_front_left
 261	-1341.7 413.21 397.959
 262	1543 -2012.3 373.36
 263	574.334 -2449.76 384.147
 264	07E461B0-C05F-7AB0-135F-7900662E7A67
 265	shake_parked
 266	B499E9D0-EB42-11ED-8F9E-845CF3CAF2FA
 267	0 0.999966 0
 268	706 2228 391.561
 269	0 39.7003 0
 270	back_right
 271	0 195.096 0
 272	pf906b3cf7cde5b8e7_auto2108
 273	336C7DC9-15E3-11EE-8A66-D4548B693989
 274	135AFABD-4735-11EE-8FAC-845CF3CAF2FA
 275	422.357 -2550.53 388.674
 276	564 -670 304
 277	F7C72AEB-030F-C79F-4AB6-4F1A5D5B1B05
 278	3091A71A-EB3B-11ED-8F9E-845CF3CAF2FA
 279	0D2C4480-4735-11EE-8FAC-845CF3CAF2FA
 280	-1969 1941 280.292
 281	B290F141-6E42-11EE-9592-68545AD2D871
 282	1802.25 -1794.67 366.637
 283	7031EB76-16A0-11EE-8A67-D4548B693989
 284	-1376 2127.5 324.347
 285	1625EC89-D860-11ED-8F9A-845CF3CAF2FA
 286	6D432DD1-9DD7-149C-1F41-8C6351EF6DF8
 287	8CDD5FC3-C578-9387-6DB2-2162A4C05235
 288	-2185 1971.5 265.5
 289	B37BC8F1-90B4-8334-B880-C896031FC886
 290	3942D344-32B8-11EE-8FAA-845CF3CAF2FA
 291	45B20107-54F8-D065-F4BD-7106B61C4BF7
 292	80795FA4-474E-11EE-8FAC-845CF3CAF2FA
 293	7D3005BD-F40A-1210-9047-C34829547C0B
 294	-912.887 145.47 344
 295	0 104.199 0
 296	pfc0833640b0c525a0_auto2108
 297	scriptable_kitchen_01_metal_dish_food_01
 298	76666B04-05D6-DFC9-9868-453834A0F40E
 299	0C500E9F-8971-2A0E-3FEE-FB1B8508679D
 300	748C8099-7298-658D-CFB6-48A3AE6CD8EB
 301	-1641 2311 298.278
 302	FAAD690D-FDD6-E6F2-1FB3-BFE9EDD56675
 303	-1841.67 -2292.47 320
 304	0 244 0
 305	hood
 306	1879.5 -844 310.395
 307	39329D4F-3E05-9DF9-5701-8712B33AACB3
 308	AC4AB3CB-6E42-11EE-9592-68545AD2D871
 309	-1962 1908 272
 310	-1719.5 2360 296.336
 311	fingers_out_start_left_hand
 312	13BFA7CC-36BE-C312-C655-A41E6967A918
 313	633224C9-785B-11EE-95A7-68545A904D17
 314	62595C9C-632E-3EA4-B080-A3D4917109DD
 315	pfbe4c56a8cb40c4e0_auto2108
 316	1D7894C9-2AEC-11EE-8FA9-845CF3CAF2FA
 317	3A72E40C-A602-C3D3-6844-1574DA001378
 318	van_infil_sfx_npc6
 319	B979F755-A84A-DB6B-38E4-BB92B55B2FB9
 320	6D6350A7-C1C1-11ED-9DCE-845CF3D164D2
 321	-1439.7 1273.21 299.939
 322	6A603A2D-15E4-11EE-8A66-D4548B693989
 323	0831AA8C-3262-C29B-83E1-5AE728944509
 324	6D8FF1D9-2926-BD34-0CD2-10E2C7D2A08B
 325	-1584 2249 300.003
 326	0 85.9983 0
 327	684.5 2131 401.869
 328	pfe8a69831b885db3_auto2108
 329	DCBB3134-9A07-10A1-954C-6D650DC99B43
 330	B5BBE0A7-E40E-0158-2FFA-076307979175
 331	scripted_anim
 332	pf191c0001b583e8c6_auto2108
 333	axis_endzone_vis
 334	pfe93fdb4076cd110f_auto2108
 335	EC9A6A2C-3072-E63F-30A4-A3D76147208C
 336	325.053 -2438.94 393.376
 337	6CCC91E4-EB42-11ED-8F9E-845CF3CAF2FA
 338	pfea664f5f9694d116_auto2108
 339	-1894.67 -2344.47 320
 340	6E89EE3C-4CE5-1315-9509-86BE5EAEAEC0
 341	31721137-32B8-11EE-8FAA-845CF3CAF2FA
 342	-136 -2179.5 408
 343	1367 -2084.3 348
 344	859568D2-6E3C-11EE-9592-68545AD2D871
 345	0 48.2969 0
 346	EF742243-15E4-11EE-8A66-D4548B693989
 347	F5D431E5-A15E-6A90-58E0-CCE4D84ED171
 348	pfcec1e02d98fe4258_auto716
 349	436.14 -2478.97 380.887
 350	290AED84-C1BA-11ED-9DCE-845CF3D164D2
 351	AudioOneShot
 352	construction_hanging_saw_01
 353	pfebab09ddaeb95505_auto715
 354	0 1.09909 0
 355	948 -1326.5 297.993
 356	pfcd061c86128410c6_auto716
 357	81FE1387-4733-11EE-8FAC-845CF3CAF2FA
 358	7F7EC4FC-62D0-7719-E896-ABCB273A62E1
 359	0 154.299 0
 360	headlight_right_dead
 361	mp_dd_spawn_defender
 362	2E5CCF50-473A-11EE-8FAC-845CF3CAF2FA
 363	29A8C0A8-E1EF-EC3E-A2B2-A73EC02BC897
 364	tag_window_back_right_corner
 365	1DBB37ED-D05C-F4DB-A7A3-53D4B64CFF3F
 366	AC4AB3BC-6E42-11EE-9592-68545AD2D871
 367	
 368	57AC47E2-C1BA-11ED-9DCE-845CF3D164D2
 369	3D4D08A2-16A0-11EE-8A67-D4548B693989
 370	-1653.5 2360 299.704
 371	BE2F1B3F-584A-15DD-454F-3AC50523EA14
 372	scriptable_food_trash_cup_tall3
 373	pf4fd51c5c1166ac63_auto715
 374	pf260326b84c79a199_auto2108
 375	6FD5470E-15E3-11EE-8A66-D4548B693989
 376	df_van_interior
 377	0CCE80FA-4737-11EE-8FAC-845CF3CAF2FA
 378	1439 -2012.3 348.011
 379	-2190 -36 122.951
 380	pf65c461a9ff8e9e84_auto2108
 381	1002.72 -1333.61 308
 382	3284AAC8-EB41-11ED-8F9E-845CF3CAF2FA
 383	-901.11 1635.17 394.867
 384	9330F43C-D852-11ED-8F9A-845CF3CAF2FA
 385	7B5701D2-787B-0AE9-D9AB-4B6D7E681EAC
 386	BD5B0EBE-6E3F-11EE-9592-68545AD2D871
 387	mp_dm_spawn
 388	F417EF6F-049C-3C81-BE4D-C0A0D9653672
 389	0CCE80F1-4737-11EE-8FAC-845CF3CAF2FA
 390	windshield_front
 391	pffa817e92d3774bec_auto2108
 392	05C0C438-EB43-11ED-8F9E-845CF3CAF2FA
 393	A76069F8-474E-11EE-8FAC-845CF3CAF2FA
 394	0 300.829 -1.02276
 395	968ECF98-CC52-14C4-6B12-17858A27C469
 396	826AF6C8-190B-7F9C-5C3C-E9A08FC64934
 397	0 42.0003 0
 398	0B8423AC-F702-562B-1600-D682C016EAC0
 399	-1590.9 2375.5 303.868
 400	-601.114 1991.17 399.749
 401	-1525 2369.6 301.818
 402	48EB0491-A27F-9D72-82B1-CCF47F600FC1
 403	0 129.296 0
 404	20E77DD8-15E7-11EE-8A66-D4548B693989
 405	39129D0C-785B-11EE-95A7-68545A904D17
 406	2020.84 -1111.91 300.623
 407	0 184 0
 408	623FDD47-EB41-11ED-8F9E-845CF3CAF2FA
 409	p7_box_cardboard_c_open02
 410	E87929BF-D437-500F-07E3-9E59F940F87C
 411	ACA6A70F-EB40-11ED-8F9E-845CF3CAF2FA
 412	CFA0D2DB-3381-2978-32FC-3E0793395E2C
 413	4F4C14BB-785C-11EE-95A7-68545A904D17
 414	-275.114 1921.17 384.327
 415	B290F13C-6E42-11EE-9592-68545AD2D871
 416	0 162.299 0
 417	E488FB72-785E-11EE-95A7-68545A904D17
 418	container_paint_can_01
 419	BF8B5A3A-578B-305C-C1AB-CC05BFD361B4
 420	pfd138915eb26f5140_auto2108
 421	86F67465-1518-F33D-8750-0AB5D2FCFC20
 422	pf6401a832e1e5da46_auto2108
 423	336C7DB3-15E3-11EE-8A66-D4548B693989
 424	79BCACE4-44CC-46AB-F0F1-F31F312B5C9F
 425	pf6ba62261f98d0c25_auto716
 426	C1A9D52A-352E-C6FF-27E2-8B3C9C7673A1
 427	3091A723-EB3B-11ED-8F9E-845CF3CAF2FA
 428	pfbae470c9c73c02e8_auto2108
 429	EA5FB582-C209-2C68-C53A-8531DC0AF5B2
 430	792DA3CB-785A-11EE-95A7-68545A904D17
 431	0 31.1953 0
 432	-1753 2293.6 289.422
 433	pfbc83b9110ea52706_auto2108
 434	AC4AB3C6-6E42-11EE-9592-68545AD2D871
 435	D2023C2F
 436	B18D71BE-2AEB-11EE-8FA9-845CF3CAF2FA
 437	3517038C-CD1C-4157-3ECD-1481AD265C95
 438	infil_van_fort_iw9_3
 439	right_50
 440	right_90
 441	D2D8B97D-DE48-B9B3-D1C9-EED85413B782
 442	0 321.2 0
 443	scriptable_door_wooden_panel_mp_01_white
 444	CE3E55EA-DF45-9E87-72A2-D4EC56072F46
 445	2
 446	0 156 0
 447	-1751.5 2288 289.742
 448	182399E3-EB2D-11ED-8F9E-845CF3CAF2FA
 449	E36484F4-7733-D569-6E52-A1E6593708D3
 450	0 64.9995 0
 451	8193767D-D7EA-78CC-F438-8A86794D21D6
 452	0 174 0
 453	5A966AE6-4733-11EE-8FAC-845CF3CAF2FA
 454	tag_geo_frag_a_002
 455	scriptable_scriptable_door_wooden_panel_mp_01
 456	434.14 -2476.97 381.318
 457	93262C8B-EB41-11ED-8F9E-845CF3CAF2FA
 458	scriptable_uk_bottle_oil_med_01_blue
 459	9F46BDF8-FBD9-E156-83FC-26E4CA7CD5B1
 460	729CA6DF-47C6-1519-AF06-D512B990D04A
 461	439.14 -2480.97 381.464
 462	decor_candle_wax_01_no_dish_short_01
 463	D147CFFA-6E3F-11EE-9592-68545AD2D871
 464	-1686.8 2295.5 293.122
 465	mp_dom_spawn
 466	1E7484D3-2AEB-11EE-8FA9-845CF3CAF2FA
 467	1E7484D9-2AEB-11EE-8FA9-845CF3CAF2FA
 468	hardpoint_vis_05
 469	pf4d5a323264adc096_auto2108
 470	1E9BAE66-D646-7EEF-4E43-12AA6143ABC7
 471	6B4D23BB-6E44-11EE-9592-68545AD2D871
 472	39BA0122-15E3-11EE-8A66-D4548B693989
 473	pf30412fb9f05ec63_auto2108
 474	pf746900c99ae0248e_auto4
 475	28A37307-074F-3125-78DF-4B8515DAA8BE
 476	C4EFDC5D-C1B6-11ED-9DCE-845CF3D164D2
 477	car_alarm
 478	-2248.93 -1800.13 344
 479	64B69451-34E2-6055-0D72-F0682629197F
 480	pfe5b109cb519b0254_auto2108
 481	0 140.993 0
 482	food_trash_bottle_water2_sixpack
 483	pfedf59273d1e553ff_auto4
 484	scriptable_decor_candle_wax_01
 485	2FFC7EC1-2AEC-11EE-8FA9-845CF3CAF2FA
 486	454 -1024 455.641
 487	pfa1c0e106bfd52ccc_auto2108
 488	tag_wheel_center_front_left_flat
 489	pfdfc3a919619d0997_auto2108
 490	C298DFF0-D4A3-A2C4-7B45-D418A0C449C1
 491	127 1479 398.52
 492	556.551 -2519.32 384.162
 493	17.5318 -2420.85 399.794
 494	EA955E23-2B10-5D74-137D-0CD35FD662F0
 495	pf1f8efb788fb66b62_auto2108
 496	cp_generator_toggleable
 497	0 172.4 0
 498	39361CB2-2AEC-11EE-8FA9-845CF3CAF2FA
 499	D9DDE0CD-2A0F-3C44-89C7-CA93D6251D09
 500	B46396F8-8BCE-DCE3-C039-F581C3A0E7BA
 501	1236 -2302 392.057
 502	visibility
 503	34BEFFC7-15E7-11EE-8A66-D4548B693989
 504	80795F8C-474E-11EE-8FAC-845CF3CAF2FA
 505	pf5097c6b0d990c459_2
 506	0E9F03BF-023F-6495-50C8-203C30AD89E4
 507	0 108.197 0
 508	0 13.6945 0
 509	0 261.599 0
 510	-1945 1894.5 275.643
 511	39F172AB-7C2C-B6F6-986F-BF633E96B232
 512	door
 513	6EB7F64E-6E46-11EE-9592-68545AD2D871
 514	pfa6863d9ac40a6dc8_auto2108
 515	B290F114-6E42-11EE-9592-68545AD2D871
 516	0 288.497 0
 517	3715BCB0-436E-250A-2A20-ACC326EEB40F
 518	scriptable_container_paint_can_01_rust
 519	tag_mirror_left
 520	16DBCF42-25D6-0C3C-C5F1-BD06F9F771CD
 521	pfd11aea5121268432_auto715
 522	138CCCC6-50A2-BBAC-F4EA-7CE4596FB2ED
 523	241B1146-D860-11ED-8F9A-845CF3CAF2FA
 524	EAE11654-785B-11EE-95A7-68545A904D17
 525	6B5CE815-7B00-39C5-240C-DD0033596B96
 526	370E6DA2-E46C-EFB1-7CD4-D52313D8C07D
 527	290AED7E-C1BA-11ED-9DCE-845CF3D164D2
 528	jup_infil_blima_player_slide
 529	tag_wheel_center_back_left_flat
 530	DC7AFAF0-35BF-14B6-8C06-0C2FFB5A9AC8
 531	electrical_box_open_wall_01
 532	pfd8d48003c1fe8e3a_auto2108
 533	B8367F91-DA9E-4670-8D0C-522CA4111B58
 534	0 271.699 0
 535	pfb6e3e2f36508a94c_auto716
 536	9321609A-EA7A-11ED-8F9E-845CF3CAF2FA
 537	997C9FD6-8B54-CA55-7257-5BE19D1CA0C7
 538	E8B3E76C-15E4-11EE-8A66-D4548B693989
 539	prefabs/createfx/mp_jup_underpass_cfx.map
 540	pfed2fdcabcd794f2a_auto2108
 541	FBCD424E-A204-2C56-9EBA-47529710BCC7
 542	A70112EA-6E43-11EE-9592-68545AD2D871
 543	FF0D2B4E-169F-11EE-8A67-D4548B693989
 544	35785A20-4AD6-5A84-B868-4D7E753669BB
 545	6C3AE7CD-FCB2-F5FB-E4B8-2FE768A92803
 546	pf5c5b09b9dd1a843c_auto2108
 547	playerasm_patch_mp_infil_blima
 548	veh9_civ_lnd_van_cargo_windows_infil
 549	218387C9-AA46-4E6A-C830-950BDEBC7378
 550	B2E4C8A7-15E7-11EE-8A66-D4548B693989
 551	pf857935256142eae7_auto2108
 552	5DD335F6-EA81-11ED-8F9E-845CF3CAF2FA
 553	-1624.52 -1317.72 200.41
 554	7516A5F2-D860-11ED-8F9A-845CF3CAF2FA
 555	pf89e3611e076e6234_auto2108
 556	0 229.797 0
 557	playerasm
 558	4CA1B982-53CF-67B0-1E6B-1412EDAD746E
 559	pf5097c6b0d990c459_auto6919318603070919508
 560	pf435d11f9d5a0f3d1_auto2108
 561	0 44.7982 0
 562	0 102.999 0
 563	scriptable_food_cereal_box_02
 564	0 93.9982 0
 565	decor_wicker_basket_03
 566	4AB7792E-32B8-11EE-8FAA-845CF3CAF2FA
 567	2022.84 -1327.91 356
 568	right_30
 569	891AE0AA-15E7-11EE-8A66-D4548B693989
 570	EC964BD0-ABE9-DED0-EDCE-39BA1255D1CB
 571	C0A81502-DB78-11EE-95AA-68545AD2D871
 572	pf5097c6b0d990c459_4
 573	0 150 0
 574	0 175.597 0
 575	0 189.2 0
 576	0 172 0
 577	tool_paint_brush_01
 578	dead
 579	34D93C25-2E57-5EFB-7D53-F107BE959726
 580	0 71.299 0
 581	0 76.2968 0
 582	-2175 2030.5 280
 583	scriptable_veh9_civ_lnd_van_cargo_windows_infil
 584	4AB77925-32B8-11EE-8FAA-845CF3CAF2FA
 585	EC3DC7C5-C1B9-11ED-9DCE-845CF3D164D2
 586	-541.373 1117.62 208.512
 587	hardware_plywood_osb_bare_01_24
 588	AC4AB3D5-6E42-11EE-9592-68545AD2D871
 589	pfa0b0e1a8c29f6da0_auto2108
 590	FFD77916-C7DA-9BAE-F6F4-0F5A53DD85B3
 591	0 95.9979 0
 592	B91C9F5B-6E40-11EE-9592-68545AD2D871
 593	D87D85E4-B7EC-3A9B-D787-FF95CA929FC0
 594	5F99BFBE-15E5-11EE-8A66-D4548B693989
 595	fingers_in_start_right_hand
 596	B5656B0E-9C1A-11ED-B1DD-68545AD2D871
 597	1DD0D196-CC4B-2394-0F6B-05432B5CF072
 598	hardpoint_vis_01
 599	0 260.2 0
 600	closed_owned
 601	tag_light_front_right
 602	71D08233-F89C-F445-1A7A-FC8B8CD53BB7
 603	50CC87EB-C1B7-11ED-9DCE-845CF3D164D2
 604	-1459.7 689.21 398.155
 605	pfb280de3a086e6d0f_auto716
 606	pfbe6e31f4a8e8fe0f_auto2108
 607	0 178.998 0
 608	A76069FE-474E-11EE-8FAC-845CF3CAF2FA
 609	5BE4F0AC-EB2D-11ED-8F9E-845CF3CAF2FA
 610	C1459474-15E4-11EE-8A66-D4548B693989
 611	scn_infil_van_npc1
 612	equipment_patio_bbq_grill_based_01
 613	-1474 2268.6 315.953
 614	pf25f93942b0693b1a_auto715
 615	51FB594B-1816-4E83-4BBC-41CB6C4160DB
 616	-1684.8 2289.5 292.859
 617	B2F520C4-FE59-D75C-97B2-7D3F23C751B6
 618	9A70D9D3-7F99-F158-95A0-C446A583F3D1
 619	06EBC409-EB31-11ED-8F9E-845CF3CAF2FA
 620	5B5F0B1D-897E-1D99-4707-A07CF0319893
 621	flareup
 622	E5F64BF4-2DE0-BB50-2A6C-67800AB4F91A
 623	-1547.7 453.21 399
 624	9321608E-EA7A-11ED-8F9E-845CF3CAF2FA
 625	pf5097c6b0d990c459_5
 626	E98A0929-2AEB-11EE-8FA9-845CF3CAF2FA
 627	AC6F6643-EB42-11ED-8F9E-845CF3CAF2FA
 628	7034CDE7-ED7A-30FF-C90A-DB29123E321C
 629	pfc5f2a1411ba4aa87_auto715
 630	2D661394-15E3-11EE-8A66-D4548B693989
 631	3091A70E-EB3B-11ED-8F9E-845CF3CAF2FA
 632	3942D34A-32B8-11EE-8FAA-845CF3CAF2FA
 633	onfire
 634	93462631-C5C6-1B50-F308-B65C616031E7
 635	0 137.2 0
 636	FDE536AF-15E4-11EE-8A66-D4548B693989
 637	mp_cyber_spawn_axis
 638	506.5 1924 401.42
 639	FAE80E2C-83A6-8201-08B6-9EA3CE34DC48
 640	ee_can_paint_closed_03
 641	pf471391ded38c8ee8_auto715
 642	1171 -2304.3 371.764
 643	93216094-EA7A-11ED-8F9E-845CF3CAF2FA
 644	0203593E-D7F1-4A0B-2BB5-78398821AC37
 645	pf1ed199925f41e5f0_auto2108
 646	-1965.5 1923 272
 647	D735F681-9F74-4166-4772-C20E739AC8D3
 648	df_van_exit
 649	-1576 -1980 349
 650	healthy
 651	EFCF18B3-473A-11EE-8FAC-845CF3CAF2FA
 652	A632A317-6E42-11EE-9592-68545AD2D871
 653	D3158DCF-785C-11EE-95A7-68545A904D17
 654	6FD54732-15E3-11EE-8A66-D4548B693989
 655	fingers_out_end_left_hand
 656	pfd3f97e3f7d86dcf5_auto2108
 657	1095 -2300.3 368.064
 658	BC53F15A-EB23-11ED-8F9E-845CF3CAF2FA
 659	light_back_right
 660	pf6bb6b579fb99bc58_auto4
 661	39E6EAE5-6E3F-11EE-9592-68545AD2D871
 662	equipment_toolbox_01_orange
 663	DBD4786F-D4A7-B9EE-2079-A8D0C096FDBE
 664	-1796 2348.5 293.642
 665	477E21B1-8ABD-C2C1-0156-BA45BF1064B4
 666	tag_light_front_left_2
 667	A20777CE-EB42-11ED-8F9E-845CF3CAF2FA
 668	0 275.998 0
 669	pfd8fa2ae8bc16e854_auto2108
 670	0 285.096 0
 671	21F564DE-F94C-7254-7200-01CD8CABF2E1
 672	pf9127d3aaacd414fd_auto2108
 673	290AED8D-C1BA-11ED-9DCE-845CF3D164D2
 674	B889A6D4-CD1C-D829-4CA6-07D487B807F9
 675	0 0.298964 0
 676	pf42623a4196010885_auto716
 677	-780 -2216 480.989
 678	CEF0E62B-7D03-8A15-7447-6400E78F34EB
 679	3D4D08A5-16A0-11EE-8A67-D4548B693989
 680	F1ABE1FF-F554-65EA-B508-A988F715CC76
 681	4C43F84A-AEFA-4688-8907-2D4BE0AAAC89
 682	van_close_sfx
 683	0 149.396 0
 684	pf5b102a30f050a0c8_auto2108
 685	-1843.52 -2325.57 320
 686	scriptable_vfx_animals_chicken
 687	FE384721-6E3B-11EE-9592-68545AD2D871
 688	B290F105-6E42-11EE-9592-68545AD2D871
 689	0 108.296 0
 690	player_lock_look_1_second
 691	086B2955-1505-95FD-7632-7A3EAB45F5FE
 692	326C037C-311D-7848-111F-605607BD8440
 693	0EE88274-15E4-11EE-8A66-D4548B693989
 694	64B75410-1842-DB3B-EB19-28DD63A9C523
 695	0 258.5 0
 696	-2191.2 -1277.89 199
 697	wheel_center_front_right
 698	trunk
 699	0 49.9981 0
 700	window_rear_right
 701	A503440E-C1A9-D172-A564-35472CB4E678
 702	-1559.7 1267.21 299.939
 703	0 268 0
 704	68FDC28B-0426-CE89-6954-589FAC728F9D
 705	605.029 -2571.24 395.982
 706	scriptable_decor_supermart_cardboard_box_close_02
 707	pf581082a526111761_auto2108
 708	EC3DC7AA-C1B9-11ED-9DCE-845CF3D164D2
 709	pfbea95701528039e7_auto2108
 710	1619.94 -2102.23 358.656
 711	0CCE80DF-4737-11EE-8FAC-845CF3CAF2FA
 712	tag_window_front_right
 713	pf1224a6d6e74dc1a3_auto2108
 714	on
 715	-1961.38 1913.01 272
 716	CF5EADA8-D85F-11ED-8F9A-845CF3CAF2FA
 717	2EF51A2B-D860-11ED-8F9A-845CF3CAF2FA
 718	1526.5 -816 291.42
 719	05D2EDB0-B343-4A7E-CD08-0757CEAB0E06
 720	0 149.799 0
 721	-1719 2375.6 297.588
 722	3184856F-EB2D-11ED-8F9E-845CF3CAF2FA
 723	pfc6053274138ebc66_auto2108
 724	88D4AEFB-FD28-743A-294F-B76B26FB4299
 725	-1661 2377.5 300.186
 726	93216085-EA7A-11ED-8F9E-845CF3CAF2FA
 727	4AB7791C-32B8-11EE-8FAA-845CF3CAF2FA
 728	pfc473486ab84567f6_auto2108
 729	C4EFDC66-C1B6-11ED-9DCE-845CF3D164D2
 730	infil_van_fort_iw9_0
 731	87AF451F-5B49-D189-4CFD-69D653FE1C2D
 732	D3A6CB99-8794-2A25-AB44-BE6B2D375CB6
 733	0 323.7 0
 734	420C9A59-CD28-7AAF-F1DD-39C93ABAECA7
 735	EC3DC7BC-C1B9-11ED-9DCE-845CF3D164D2
 736	tag_window_back_left_corner
 737	E5522EEA-2AEA-11EE-8FA9-845CF3CAF2FA
 738	scriptable_cinderblock_wall_topper_02_16
 739	0 255.3 0
 740	CF5EAD90-D85F-11ED-8F9A-845CF3CAF2FA
 741	63AC08D5-C1BA-11ED-9DCE-845CF3D164D2
 742	644 2222 391.561
 743	B01E1DBC-6E3C-11EE-9592-68545AD2D871
 744	tag_geo_frag_a_001
 745	0 254.6 0
 746	1708E204-5ED0-BA23-9770-E052BB43B123
 747	pf5097c6b0d990c459_auto12535618768231108546
 748	635.5 -2558 386.729
 749	heavy_smoke
 750	3E0E0FD1-EC63-E899-283C-782D152CEA43
 751	1572.5 -2060 354
 752	F16D1757-C5DD-9CB2-E994-E1C678752EA3
 753	bucket_plastic
 754	pf41d37548e7908140_auto2108
 755	0 150.999 0
 756	8E3CF67C-9F8D-DD5C-4F12-0A31433EBA94
 757	-988.936 -1174.97 328
 758	0CCE80E8-4737-11EE-8FAC-845CF3CAF2FA
 759	window_back_right
 760	B565B939-9C1A-11ED-9A6F-68545AD2D871
 761	135AFAC0-4735-11EE-8FAC-845CF3CAF2FA
 762	52D877CA-10F7-31D2-1E5E-9621A60C0727
 763	372.629 -2496.1 386.24
 764	scriptable_s4_par_kitchen_wood_cuttingboard_01
 765	scriptable_zmb_broom_01_old
 766	CDA5B8CF-CA26-604B-F154-74FC69D9FAE1
 767	E23FDCC2-6E44-11EE-9592-68545AD2D871
 768	-1962.22 1910.37 272
 769	ACA6A724-EB40-11ED-8F9E-845CF3CAF2FA
 770	CF4147D8-A4E2-CC92-3189-51D10C61A310
 771	1439 -2020.3 356.084
 772	pf21aeb1050cf956a7_auto2108
 773	food_trash_container_02_open
 774	pfb6e3e2f36508a94c_auto715
 775	979FD2F0-3C45-B448-75C0-7EE2101CFA7B
 776	-2246 -1599 328
 777	pf583376839129226b_auto2108
 778	pf194ec8bc673043e5_auto2108
 779	621.717 -2499.83 385.364
 780	0F850EEE-785C-11EE-95A7-68545A904D17
 781	scriptable_food_cans_bottles_and_jars_can_02
 782	171F1E72-D5DF-7C25-B283-5B8A20C26A0F
 783	D532754E-E837-1687-31D5-3F492D997E33
 784	7FB35B5F-C336-6457-DB31-96409C616C7F
 785	pf305bbbd6fadcd7c8_auto2108
 786	EBCCB5DE-7AC6-6AFF-DB55-ECD7652D5B83
 787	790F8205-15E3-11EE-8A66-D4548B693989
 788	38A01FAB-F2D6-1CF5-39D1-6333F3DC1EF0
 789	-1754.41 -2037.88 312
 790	-2191 1865 280
 791	4C1F2F4C-B93C-1D1D-F240-84EBBA84AE35
 792	1590.26 240.508 330.316
 793	pf429b47ce0a29800a_auto2108
 794	89253F7B-6225-4BE1-80BA-BA434AC91EEB
 795	-1465 2373.6 306.548
 796	7031EB7F-16A0-11EE-8A67-D4548B693989
 797	1147 -2220.3 356.715
 798	loop_end
 799	A41E11D2-3B45-CF89-8C32-E3ECA4E0E842
 800	pf1283718ef2b16cf2_auto2108
 801	-1477.7 1273.21 288.304
 802	1568.26 198.508 300.316
 803	135AFAAE-4735-11EE-8FAC-845CF3CAF2FA
 804	-1549 2355 316.65
 805	-2156.61 -2068.84 328
 806	2AEE15D3-C367-23CD-FEA8-B8BECA167785
 807	CD3AE26E-7859-11EE-95A7-68545A904D17
 808	E6883092-1E3B-57D2-14BD-7140E40ED1CC
 809	-917 1732.5 378
 810	6D987862-943F-C8E7-0A73-F28EEB129B46
 811	decor_metal_bucket_small_01
 812	09A71EA3-785E-11EE-95A7-68545A904D17
 813	1227.03 -2356.07 402.108
 814	pf6af121f63dab4b37_auto2108
 815	392.563 -2425.81 380.279
 816	FB7F5680-79C1-5B0B-3E96-A0C6B9FF8BD9
 817	pf5097c6b0d990c459_auto8509852388970507379
 818	0 246.8 0
 819	33A0D7D7-CD8F-562D-997B-F9594F6C9ACE
 820	pfca5a3909fd66202d_auto2108
 821	D9B0D12F-5C37-D41A-D39C-33543FDE9FF9
 822	0CCE80F4-4737-11EE-8FAC-845CF3CAF2FA
 823	B9093897-0FAE-01AC-2A93-00632E3CDD96
 824	pf3009bd9a2a404114_auto2108
 825	25D6A421-4733-11EE-8FAC-845CF3CAF2FA
 826	-1529 2373.6 302.413
 827	6FEE1BB7-0880-3BDE-DF4D-32D6E09F1C16
 828	pf99f3003f33743ee7_auto2108
 829	0 308.597 0
 830	81735E72-0664-0631-3906-E382E414B297
 831	j_rope_200
 832	mp_xfire_spawn_allies_start
 833	food_trash_bottle_soda_01
 834	F8624834-145C-F1ED-D03B-13954CACFF13
 835	6045319F-264C-A36C-AFD7-3CB924AC34EA
 836	jup_infil_blima_rope_crank_right
 837	454.141 -2406.67 382.006
 838	AC18FED7-0BE2-1CA2-9655-00C72CBA1E97
 839	0 240 0
 840	870E4067-974E-EC89-9D56-2DE646FC18FB
 841	1433.5 -666 304
 842	scriptables
 843	93216097-EA7A-11ED-8F9E-845CF3CAF2FA
 844	facial_infils
 845	-1527 2375.6 302.523
 846	F1EC6DD4-D5A8-E62F-2178-361C5E5200FD
 847	37EE1A13-4747-11EE-8FAC-845CF3CAF2FA
 848	1E7484BE-2AEB-11EE-8FA9-845CF3CAF2FA
 849	food_cereal_box_02
 850	j_ball_le
 851	j_ball_ri
 852	544 -2448.5 387.063
 853	1109.58 -1760.68 343.399
 854	0 158.398 0
 855	5A08F889-EB41-11ED-8F9E-845CF3CAF2FA
 856	-428.886 1546.83 392
 857	decor_painting_floral_02
 858	-1825 2293.6 297.096
 859	-1800 2268.6 291.413
 860	-1625 2293.5 298.841
 861	B9285D1D-1F7A-92FF-DEFB-81A5BA892CC5
 862	1794 -1474 349.055
 863	0D2C446B-4735-11EE-8FAC-845CF3CAF2FA
 864	-1513 2259 307.748
 865	-1551.65 1674.56 278.95
 866	window_back_left_corner
 867	5DD335EA-EA81-11ED-8F9E-845CF3CAF2FA
 868	3E28D81D-E1B4-B347-842D-017E99A57CDB
 869	B0F14E9D-785A-11EE-95A7-68545A904D17
 870	right_70
 871	0 280.899 0
 872	608.045 -2569.09 397.761
 873	B0DBAE46-44CE-4DCA-DD43-D72758005CFD
 874	E2C6289D-785C-11EE-95A7-68545A904D17
 875	EC61B917-EB42-11ED-8F9E-845CF3CAF2FA
 876	5AB80CF8-F649-DF1C-8D02-978CE8FDE5AE
 877	4
 878	door_back_left
 879	window_back_left
 880	0 154 0
 881	10124CE6-3D20-589F-A1CC-7410C21C0CC8
 882	pf5097c6b0d990c459_auto7614380692342105729
 883	pfc5f2a1411ba4aa87_auto716
 884	-609 1961.5 398.567
 885	1004.5 -2251 383.579
 886	3942D33E-32B8-11EE-8FAA-845CF3CAF2FA
 887	55B29A22-A58B-F720-F5AA-7DC52853950A
 888	C6643E5D-51B9-FD33-0C39-AF35E9D02BB1
 889	1156 -1938.5 350
 890	982.719 -1329.61 308
 891	C6176DC9-959D-3D69-A624-E08178B2800B
 892	0 54.9994 0
 893	790F820B-15E3-11EE-8A66-D4548B693989
 894	scriptable_food_trash_container_01_open
 895	7BE83447-EB42-11ED-8F9E-845CF3CAF2FA
 896	336C7DD4-15E3-11EE-8A66-D4548B693989
 897	0351BC69-B27D-DE4F-979D-7513F11DDAED
 898	ACA6A71B-EB40-11ED-8F9E-845CF3CAF2FA
 899	DE7F0D7C-F95D-2D2D-C246-83E914DBB76F
 900	0 205.999 0
 901	1349 -1982.3 348
 902	1E7484DC-2AEB-11EE-8FA9-845CF3CAF2FA
 903	EB213649-6E47-11EE-9592-68545AD2D871
 904	0 290.399 0
 905	492B5B75-6E47-11EE-9592-68545AD2D871
 906	B85DDF9C-785A-11EE-95A7-68545A904D17
 907	locked
 908	ajar_owned
 909	front_right
 910	1269 -2110.3 348.115
 911	0 319.298 0
 912	790F8202-15E3-11EE-8A66-D4548B693989
 913	050B30ED-98A5-0302-D890-165B57F9ACFA
 914	1601.91 392.84 304
 915	9A933D44-D215-D2D2-9137-5A86A1FFC7C1
 916	scriptable_decor_supermart_cardboard_box_open_01
 917	450.806 -1027.21 458.874
 918	D7FD2D41-B7E5-060B-EC1C-44A1319581B9
 919	128 1478 403.78
 920	-1841.67 -2363.47 320
 921	108 112 464
 922	388.563 -2421.81 380.194
 923	pf31b7092dec75dc05_auto2108
 924	-759 -2192 487.995
 925	scriptable_ee_can_paint_closed_03
 926	fingers_out_start_right_hand
 927	-1533 2377.6 303.753
 928	50CC87CA-C1B7-11ED-9DCE-845CF3D164D2
 929	pf4053cc9b13a6cb63_auto2108
 930	BFECC8FD-4349-711C-11EB-250E94DD7CE1
 931	6BD7FEC4-0E83-2C10-0E23-C0A5972E6F37
 932	A5F6B8BA-24CB-07B2-77F8-E0157419B7A8
 933	314 -2381.5 377.352
 934	0 92.0985 0
 935	infil_van_iw9_0
 936	-1823 2295.6 297.156
 937	1965.5 -1291 357.709
 938	1286 -2067.5 348
 939	0 257.3 0
 940	841F6DD6-C1B8-11ED-9DCE-845CF3D164D2
 941	DEF1ED5D-EFEC-8815-4E02-A255A6B2756E
 942	pf5097c6b0d990c459_auto7295201992969411428
 943	0C66BE2F-3038-57DA-DA08-E2CAD1C451F4
 944	pfbcb38f9ce4a7f704_auto715
 945	0B58BABD-15E6-11EE-8A66-D4548B693989
 946	07B04166-3358-B524-04F7-1641C953013B
 947	pfc759078a91123d2_auto2108
 948	equipment_dyn_trash_can_soda_02
 949	C4EFDC5A-C1B6-11ED-9DCE-845CF3D164D2
 950	ABEF95AF-7B96-08CB-C0E8-994ADFC9186C
 951	4AB7792B-32B8-11EE-8FAA-845CF3CAF2FA
 952	mp_sd_spawn_defender
 953	pfe59bddf87b522856_auto2108
 954	snakecam
 955	scriptable_veh9_civ_lnd_minivan_1993_cargo
 956	85A1C5A1-3C42-739A-B519-A3CE028AFA4C
 957	31721149-32B8-11EE-8FAA-845CF3CAF2FA
 958	31721143-32B8-11EE-8FAA-845CF3CAF2FA
 959	48F12E0F-7AE0-8B45-B8AD-48CD5C9E7688
 960	construction_hardhat_lowres_01_yellow_dirty
 961	scriptable_bucket_plastic
 962	5BB7AD7F-16A0-11EE-8A67-D4548B693989
 963	3AEB6C4B-47B8-FE44-2A6F-1BB361314A44
 964	C4EFDC57-C1B6-11ED-9DCE-845CF3D164D2
 965	scriptable_food_cans_bottles_and_jars_jar_03_group
 966	0 353.095 0
 967	scriptable_construction_hardhat_lowres_01_yellow_dirty
 968	-1634 2188.5 289.74
 969	0 78 0
 970	EA2998C6-6E43-11EE-9592-68545AD2D871
 971	DB61C944-59D0-B0F3-61ED-12D73F430C4D
 972	infil_blima_6
 973	-1769 2261 289.089
 974	AC503C55-3446-7BD3-BC81-758AE810E62C
 975	scriptable_accessory_plant_pot_fake_2
 976	3091A729-EB3B-11ED-8F9E-845CF3CAF2FA
 977	pf267dac2a736a4e0d_auto2108
 978	scriptable_container_cement_bag_01_white
 979	pf242838b0a4485ab8_auto2108
 980	9AC1A702-785A-11EE-95A7-68545A904D17
 981	pf5cd7af1bc19778a1_auto2108
 982	pf535ea591adf4572e_auto2108
 983	1269 -2102.3 348.115
 984	1346 -2020 348
 985	ladder_up
 986	-1688.8 2293.5 292.846
 987	1338 -2186 378.656
 988	E23B5BC7-15E4-11EE-8A66-D4548B693989
 989	j_wrist_ri
 990	decor_misc_props_01_bottle
 991	5FFC362D-4CF3-46A3-3BE5-5B670A579318
 992	0 142.7 0
 993	623.717 -2501.83 385.835
 994	797.36 2194.35 415.909
 995	0 58.1996 0
 996	pf67c6223c2eb84b79_auto2108
 997	A632A312-6E42-11EE-9592-68545AD2D871
 998	7BDBBF48-6E44-11EE-9592-68545AD2D871
 999	3C6ECC6F-8FA3-4769-5C3F-1C9C57F96E06
1000	397A03D3-DAA8-376F-95BF-59EE7709AE0C
1001	E2D4E23C-9145-89C1-F474-7485565AF457
1002	infil_van_iw9_1
1003	6FD54719-15E3-11EE-8A66-D4548B693989
1004	3091A726-EB3B-11ED-8F9E-845CF3CAF2FA
1005	scriptable_food_trash_burger_box_01_open
1006	door_front_left
1007	window_over_40
1008	pf7a6ddb3be35d1976_auto2108
1009	3091A711-EB3B-11ED-8F9E-845CF3CAF2FA
1010	0B56488F-15A4-88DE-74AC-8E668FE48AB5
1011	1339D66C-16A0-11EE-8A67-D4548B693989
1012	3091A720-EB3B-11ED-8F9E-845CF3CAF2FA
1013	0 223.199 0
1014	0 270.399 0
1015	B290F10A-6E42-11EE-9592-68545AD2D871
1016	60342CA7-B02D-215E-559F-C722149ABAF8
1017	C173CC0B-D6D7-2D9E-EE5F-4FF2E212472A
1018	841F6DDC-C1B8-11ED-9DCE-845CF3D164D2
1019	mp_koth_spawn
1020	C080F5AC-15E3-11EE-8A66-D4548B693989
1021	-2169 -1280 189.36
1022	80795FAD-474E-11EE-8FAC-845CF3CAF2FA
1023	F65E7FD9-B2EE-3560-86ED-BECFE5850ADA
1024	9A4DAB82-FCB7-23D3-D7F4-1ADA4AD58B9F
1025	1788.77 -1467.88 353.059
1026	324 -990 463.494
1027	pfe553eddebaf68370_auto2108
1028	233EED56-16A0-11EE-8A67-D4548B693989
1029	97DB7835-3B07-550D-8FA9-EFB9AA72F5ED
1030	546C5BDF-5940-CB0F-BFE9-AD2E97B3541C
1031	equip_nvg
1032	6EFEDDC3-ECA2-9673-A633-00F5A5C4CDFB
1033	410.886 1909.17 405.865
1034	pffe62ca48359b5538_auto2108
1035	380BB9D1-ECE5-A1A7-20C1-8DA9E641A5B9
1036	BEE70F82-BB78-F8EA-39C5-0010573207D9
1037	0 129.999 0
1038	van_infil_sfx_npc1
1039	046964F7-DD76-98AE-9977-5DD49BE2C1F2
1040	50CC87D6-C1B7-11ED-9DCE-845CF3D164D2
1041	05BB07E4-E034-BCD2-80C6-23AD40E94ED9
1042	pf398bf2a3728c28fb_auto2108
1043	pf2279b86c640e8992_auto715
1044	A632A30D-6E42-11EE-9592-68545AD2D871
1045	-1618 -322 120.533
1046	1339D666-16A0-11EE-8A67-D4548B693989
1047	57034611-15E5-11EE-8A66-D4548B693989
1048	501.717 -2463.83 394.276
1049	CDFA4C56-15E4-11EE-8A66-D4548B693989
1050	5DD33602-EA81-11ED-8F9E-845CF3CAF2FA
1051	B5656B0D-9C1A-11ED-AFE1-68545AD2D871
1052	0 129.1 0
1053	9406E6B3-52DA-B6C1-60E0-D36AC1EAF04E
1054	31721152-32B8-11EE-8FAA-845CF3CAF2FA
1055	0 194.096 0
1056	tag_hood
1057	-2111 -2271 326.777
1058	3091A71D-EB3B-11ED-8F9E-845CF3CAF2FA
1059	headlight_left_dead
1060	86E6A55F-18E9-5D17-9A55-434489CEFF21
1061	EFE8ECEA-91CF-FA1C-63B5-62E570928DEF
1062	1E7484D6-2AEB-11EE-8FA9-845CF3CAF2FA
1063	charred
1064	0 135 0
1065	89E6AFFE-0E37-BDB4-4325-B5D2937E34D6
1066	2D661389-15E3-11EE-8A66-D4548B693989
1067	-2012.67 -2230.47 320
1068	-1293.62 1668.59 320.603
1069	0 313.998 0
1070	326 -2043.5 388.404
1071	D146182C-785D-11EE-95A7-68545A904D17
1072	9B05DB29-D1AA-D1CB-1A4B-DF46C0ACDFD4
1073	B6876117-9909-3939-B897-964C02A59999
1074	9ED7C37D-6E3C-11EE-9592-68545AD2D871
1075	infil_van_4
1076	1374 -2134 348
1077	scriptable_equipment_roof_vent_medium
1078	7D2875DD-2EA4-DD33-1720-06EF486D6461
1079	0 270 0
1080	pf7174478b3f3f5304_auto2108
1081	-1035.11 1723.17 373.326
1082	pfb5fa43a450efea02_auto2108
1083	CFB9164F-549E-BD67-4F84-6E19DCF1F896
1084	pf59c10294c9fd35da_auto2108
1085	262.5 -2440 375.929
1086	mp_dd_spawn_defender_start
1087	scriptable_toy_alphabet_block_group_02
1088	scriptable_decor_metal_bucket_small_02
1089	scriptable_construction_doors_metal_b_02_mp
1090	8FDB2CC4-8C7F-30B3-D965-FE471335366D
1091	F5B69597-9239-F4B6-CDC2-4308A0D90B3A
1092	-1527.5 2356 302.124
1093	pf6d5781391e6f41e7_auto2108
1094	2EF51A31-D860-11ED-8F9A-845CF3CAF2FA
1095	0 136.993 0
1096	fingers_in_start_left_hand
1097	0 176.9 0
1098	0 70.8 0
1099	-1651 2225 290.605
1100	368.629 -2492.1 385.747
1101	7B6CAF5C-FA86-9322-8A93-67215F5531AF
1102	A42D5126-15E7-11EE-8A66-D4548B693989
1103	0 126.299 0
1104	mp_control_spawn_defender
1105	0 352.698 0
1106	destroyed
1107	4AB77928-32B8-11EE-8FAA-845CF3CAF2FA
1108	29AB6AF1-1FAC-790F-391E-4827C1936F14
1109	3942D332-32B8-11EE-8FAA-845CF3CAF2FA
1110	5DD335E4-EA81-11ED-8F9E-845CF3CAF2FA
1111	4C94AA89-785B-11EE-95A7-68545A904D17
1112	4E06D742-E42A-6412-EF4E-4F49996EC603
1113	-1568 -1341 333.5
1114	-1757 2297.6 289.393
1115	-402.5 -1844 514.865
1116	0 198.5 0
1117	DAF68B05-6E44-11EE-9592-68545AD2D871
1118	crate_plastic_sml_01_dirt_red
1119	pf5097c6b0d990c459_auto6722703042348167295
1120	-1469 2377.6 306.152
1121	100 1596 399.309
1122	-2122.67 -2171.47 320
1123	scriptable_scriptable_door_metal_04_flat_painted_clean_mp
1124	5CA9A0D4-4732-11EE-8FAC-845CF3CAF2FA
1125	80795FA1-474E-11EE-8FAC-845CF3CAF2FA
1126	03120A52-0171-4CC3-9071-ECD18F0A4FF6
1127	scriptable_kitchen_spice_rack
1128	0EA25B79-ED29-CF44-5EF7-08A1158C8EBB
1129	0D2C4489-4735-11EE-8FAC-845CF3CAF2FA
1130	D038F2CE-DE4D-B271-3C32-2DDB408D6545
1131	9321609D-EA7A-11ED-8F9E-845CF3CAF2FA
1132	pfbf3c7c8da416015b_auto2108
1133	-1486 1719.5 291.929
1134	31290942-4711-C1D9-D0A9-399CF5744CF8
1135	mirror_left
1136	1E2C9C9E-6C20-3F75-1927-5681CD64AFE8
1137	0 304 0
1138	wheel_center_back_left
1139	B585994F-C1C0-11ED-9DCE-845CF3D164D2
1140	C0A81505-DB78-11EE-95AA-68545AD2D871
1141	823AB57B-0007-4B06-384C-7492776169BD
1142	0 1.0932 0
1143	door_front_right
1144	left_30
1145	left_70
1146	745D8360-F3B8-A42A-75A8-6F02D8C8D51E
1147	626 -876 308
1148	0 83.2936 0
1149	0 298.699 0
1150	pf142376270ab9b0de_auto2108
1151	-1615.58 -1911.12 328
1152	pfdade322fc56c9bb8_auto2108
1153	683F2E8C-EB41-11ED-8F9E-845CF3CAF2FA
1154	7FE39FF5-15E4-11EE-8A66-D4548B693989
1155	j_wrist_le
1156	0788045D-3CA1-6CA4-2929-D7CE7ED80D63
1157	F3A5A712-EB42-11ED-8F9E-845CF3CAF2FA
1158	CF5EAD93-D85F-11ED-8F9A-845CF3CAF2FA
1159	F2A2148F-34CA-25DD-7C66-43D4DA18FDD5
1160	01733D5C-3689-2471-3330-282489DF142A
1161	F3870416-8A8E-5C97-C93A-94F28CD71C35
1162	0 212.001 0
1163	mp_dd_spawn_attacker
1164	C01BDF98-37BA-5A6A-91BD-2CA971D778F6
1165	vfx_animals_chicken
1166	8E0BBCA8-37DB-4F36-23CE-443ECDC6C170
1167	06FDDB80-9EF1-FC9A-9771-4E56F97798E9
1168	pff43964ee52c54608_auto2108
1169	9709F04F-B752-8439-CDB3-CB7A53555D4E
1170	0 96.2966 0
1171	-1619.2 -1283.89 200
1172	-2.46822 -2332.85 382.93
1173	7E77FBDA-80FB-C2D5-EB89-B677B5C4D223
1174	93216082-EA7A-11ED-8F9E-845CF3CAF2FA
1175	decor_candle_wax_01
1176	607.315 -2563.7 383.994
1177	DF5BB114-2AEA-11EE-8FA9-845CF3CAF2FA
1178	3C996437-1FC3-DA9E-4E28-E40BF0F96713
1179	rootmodelmanager
1180	2C30E5A0-4733-11EE-8FAC-845CF3CAF2FA
1181	ACA6A727-EB40-11ED-8F9E-845CF3CAF2FA
1182	85BC4CBE-01DB-1E93-6EA0-BBDF1473945D
1183	DE27B91B-AF6F-4408-8F6E-A3A15448E853
1184	2043536F-1CA5-3A8D-E906-0BE21090ED1D
1185	6A04359A-EA02-8A06-86AC-654C544AE706
1186	pf7022896b5423312a_auto2108
1187	843.91 -41.16 307.262
1188	-1810 2134 284.269
1189	1620.11 -2104.55 375.33
1190	0 255.497 0
1191	CF5EAD9C-D85F-11ED-8F9A-845CF3CAF2FA
1192	-1823.5 2288 297.141
1193	mp_cyber_spawn_allies
1194	0 134 0
1195	0 107.093 0
1196	50CC87D3-C1B7-11ED-9DCE-845CF3D164D2
1197	-1685.5 2288 292.708
1198	910.886 1363.17 392.247
1199	154 328 456
1200	525.757 -2392.6 383.509
1201	0F6A57CA-6E48-11EE-9592-68545AD2D871
1202	4F4FC34A-6ABE-D756-DF42-CD626D4B24C7
1203	pf82d131753e824097_auto2108
1204	39227995-55A4-3335-C00F-F0A7D4C65DD6
1205	707 2227 391.33
1206	5E2734B0-117A-A2E4-3C02-FFE979B665F3
1207	food_trash_container_01_open
1208	infil_van_5
1209	scriptable_cp_disco_pizza_box_open
1210	scriptable_electrical_box_open_wall_01
1211	-419.114 1609.17 383.807
1212	1592 342 293.323
1213	CDE1A0F4-4DC7-E982-0B68-9684764E1E8A
1214	D4F681B2-E228-2325-EF29-A815CAF10DE7
1215	F3BC4303-3FC6-470F-3625-6213BD700811
1216	kitchen_01_metal_dish_food_01
1217	C74B6F1A-ED19-C5B1-CCA9-0AE97485D4BA
1218	10137B14-D860-11ED-8F9A-845CF3CAF2FA
1219	mp_tdm_spawn_secondary
1220	pfe6eeefc6d7d8923b_auto4
1221	-1834 2188.6 285.269
1222	-2128 1550 368
1223	A3545BFC-D00C-A19A-9B68-96D96F12130F
1224	van_infil_sfx_npc2
1225	scriptable_tool_broom_wood_01
1226	1339D663-16A0-11EE-8A67-D4548B693989
1227	4AB77949-32B8-11EE-8FAA-845CF3CAF2FA
1228	-1506 2188.6 311.357
1229	pf2279b86c640e8992_auto716
1230	B51BD8CF-97AB-B2E4-4FC8-C1E294A00DDA
1231	-781.935 -2215.04 481.196
1232	pfb7c4d44e65d1609e_auto2108
1233	BD24F36C-6A28-417F-7607-6826AC86D7C7
1234	5DD33605-EA81-11ED-8F9E-845CF3CAF2FA
1235	F2220036-169F-11EE-8A67-D4548B693989
1236	A7606A01-474E-11EE-8FAC-845CF3CAF2FA
1237	scriptable_door_industrial_metal_mp_01
1238	AC4AB3DA-6E42-11EE-9592-68545AD2D871
1239	1433 -2015 348.003
1240	tag_light_back_right
1241	uk_misc_aerosol_can_01
1242	323.053 -2436.94 381.236
1243	AC5F7C3D-C1C1-11ED-9DCE-845CF3D164D2
1244	503.717 -2465.83 383.068
1245	10F1BF9D-87F3-52A7-107C-A44FADC40FF0
1246	A76069EF-474E-11EE-8FAC-845CF3CAF2FA
1247	93216088-EA7A-11ED-8F9E-845CF3CAF2FA
1248	mp_dd_spawn_defender_a
1249	infil_van_iw9_5
1250	scriptable_food_trash_bottle_water2_sixpack
1251	shake_running
1252	-1928.5 1112.51 41.0549
1253	610.68 1563.66 415.552
1254	0 130 0
1255	pf5097c6b0d990c459_auto3369759607927606097
1256	-2012.67 -2301.47 320
1257	BA1B7BA8-53EA-F75A-DBB1-30A272FB8BD3
1258	EAE1165D-785B-11EE-95A7-68545A904D17
1259	767 -679.5 288.082
1260	scriptable_construction_hanging_saw_01
1261	-681.927 -1579.53 495.089
1262	scriptable_decor_painting_floral_02
1263	31721155-32B8-11EE-8FAA-845CF3CAF2FA
1264	0 273.998 0
1265	ACA6A730-EB40-11ED-8F9E-845CF3CAF2FA
1266	2FFDBD4D-4033-3818-D213-54B368B0405C
1267	0 181.099 0
1268	482.934 -2531.39 391.546
1269	pff8af962a7e38af9e_auto2108
1270	infil_van_3
1271	888ADBA7-6907-915D-431E-14D046BCFE35
1272	35B5F6F0-6ADF-6065-26C9-12304D751F60
1273	none
1274	0 213.6 0
1275	taillight_right_dead
1276	FEE396A5-64F7-9D18-7523-0BDD8E1B2C8A
1277	mp_dd_spawn_attacker_a
1278	8D8DCC3D-D5E6-5A56-CE58-41881CA96A7F
1279	-1482 1950 303.456
1280	84F8B5C1-785C-11EE-95A7-68545A904D17
1281	traverse
1282	ACA6A721-EB40-11ED-8F9E-845CF3CAF2FA
1283	EC3DC7B6-C1B9-11ED-9DCE-845CF3D164D2
1284	nav_door
1285	A632A330-6E42-11EE-9592-68545AD2D871
1286	-2185.2 -1263.89 199
1287	94661261-80D1-758D-4E74-7BBF1E8B94A9
1288	E6182D16-1FF9-0E3B-D357-9B9921B46237
1289	4AB7791F-32B8-11EE-8FAA-845CF3CAF2FA
1290	AB27C163-E695-9D83-E6A5-06F18EE8FCDA
1291	-2058 1955.5 416
1292	pff760ebcd8312c4a6_auto2108
1293	AE9DB75F-D551-CE62-C26A-AD1C1BEAC09B
1294	scriptable_toy_alphabet_block_group_01
1295	-1542.26 1063.78 38.786
1296	scriptable_decor_metal_bucket_small_01
1297	04568385-C747-C34B-5C7B-1F8405BB64D1
1298	light_back_left
1299	0.710584
1300	anim_explosion_complete
1301	B1E1C834-3554-D196-7D16-A38650438E95
1302	71799617-DCA4-7F1D-2AFA-DE8255CCE54A
1303	0 147.7 0
1304	19CC1953-363A-8667-5C81-F587F0029BA8
1305	-1815.7 621.21 77.8905
1306	bash_right_90
1307	0 180.297 0
1308	E1479ECF-2964-3870-2FCC-EA05B3B8E00A
1309	0 225.297 0
1310	1AD97B0B-8F8D-D685-3FC4-5841D34E52BC
1311	D2307B21-1951-0BD1-6EEB-136C654F72CA
1312	1400 -2071 348
1313	scriptable_ee_decor_zd30_clothesline_01
1314	decor_metal_bucket_small_02
1315	A4592D0F-6CD5-E19E-306F-AD85CD0EF16D
1316	pfaee2b54b24cf4582_auto2108
1317	47B37B1D-4F48-E77E-8B4D-B2A491F42585
1318	jup_infil_blima_step
1319	9D62DB98-6E3E-11EE-9592-68545AD2D871
1320	-1625.5 2286 297.977
1321	scriptable_container_paint_can_01
1322	-1799 2377.6 296.545
1323	DBF2F0C9-0EAB-4669-D058-0F11D48069CE
1324	6FD5473D-15E3-11EE-8A66-D4548B693989
1325	0 155.198 0
1326	9FE5D941-C902-2DE2-E818-B8C800873B7A
1327	5BB7AD5F-16A0-11EE-8A67-D4548B693989
1328	1358 -2087.5 348
1329	1422 -2303.5 367.437
1330	A44999FE-7B46-8C39-66B4-EBB268E4FE52
1331	06CDC90B-E5F0-DA97-E820-93E4A263FBA6
1332	bathroom_garbage_can_01
1333	5370C83C-F236-478A-F993-B73056034CBF
1334	scriptable_p7_box_cardboard_c_open02
1335	-1713 2210 286.081
1336	841EC39E-EB23-11ED-8F9E-845CF3CAF2FA
1337	BD953E5E-D7F0-EDC7-EC0E-B4E3B35253EA
1338	5DD335F9-EA81-11ED-8F9E-845CF3CAF2FA
1339	ik_in_end_right_hand
1340	-1459.7 675.21 398.155
1341	-2180 -686 200
1342	left_50
1343	left_90
1344	-1795 2373.6 296.439
1345	pf58b797695c1e2822_auto4
1346	pf6e8c47d7e2411182_auto2108
1347	pf914468dc24ed1784_auto2108
1348	pf8c51db15aa456bbf_auto2108
1349	0 30 0
1350	0 210.198 0
1351	auto_mp_jup_underpass_cfx.map
1352	pf6434cfaa9751ca2b_auto2108
1353	FBC5DA0F-66D3-067C-70BB-D9F30BABEDCD
1354	scriptable_decor_supermart_cardboard_box_open_02
1355	4206DF0A-61C8-AA41-96D1-D9C5D321B197
1356	FE37B006-F06A-B7B5-7297-68E405C5C62D
1357	-2161.72 -1327.48 317.5
1358	0 134.994 0
1359	4043BAA7-785B-11EE-95A7-68545A904D17
1360	1837340D-785B-11EE-95A7-68545A904D17
1361	pff3e7176976b6f534_auto2108
1362	-1618 -322 120.479
1363	pfb942b221cf26823d_auto4
1364	1284 -2135 354.663
1365	3A342E2A-1F51-2D08-4ECF-E104047A6037
1366	0 1.00007 0
1367	0 281.999 0
1368	3172114F-32B8-11EE-8FAA-845CF3CAF2FA
1369	EA752B55-D24B-197B-B3C7-2484DBFDCC2F
1370	CFD22183-EB23-11ED-8F9E-845CF3CAF2FA
1371	DB119FA4-846B-A8B4-C8A8-BF605D469A08
1372	mp_control_spawn_attacker_start
1373	2.29742 70.4285 0.898908
1374	CC0058AB-C002-A562-A6A2-F0D33E75180E
1375	-1623 2295.5 299.037
1376	-1501 2297.6 305.697
1377	1BB82FE9-F12F-170E-03D7-DE31A5049E53
1378	pfa28ab1005f3458df_auto4
1379	135AFAC3-4735-11EE-8FAC-845CF3CAF2FA
1380	0972FAF6-61A1-43D4-2FF6-FF873D2858F8
1381	EAE11669-785B-11EE-95A7-68545A904D17
1382	5BB7AD75-16A0-11EE-8A67-D4548B693989
1383	0 96.096 0
1384	-1839 1509.5 288
1385	pfbcb38f9ce4a7f704_auto716
1386	pf5d3ee8026131259_auto2108
1387	A7606A0A-474E-11EE-8FAC-845CF3CAF2FA
1388	pf64e0bf844a62f62a_auto2108
1389	7B6D3208-15E7-11EE-8A66-D4548B693989
1390	0 125 0
1391	9ED894AA-245A-0FA7-B7BF-2BB6AE330CE0
1392	window_front_left
1393	552.551 -2515.32 383.732
1394	pf65fa625a27cdd7ae_auto2108
1395	841F6DCD-C1B8-11ED-9DCE-845CF3D164D2
1396	1478 -2231.5 378.527
1397	food_cans_bottles_and_jars_can_05_group
1398	462BBA1E-36DA-52BF-8644-BE21EACC7487
1399	3D968695-3FF5-77A1-A13D-C71F96081DD6
1400	D5FE0D46-F17A-9A60-63B7-CD522A801544
1401	745B988F-6E40-11EE-9592-68545AD2D871
1402	-1151 1108.5 101
1403	hide
1404	1339D669-16A0-11EE-8A67-D4548B693989
1405	infil_blima_1
1406	D34DB161-2AEC-11EE-8FA9-845CF3CAF2FA
1407	black::veh9_civ_lnd_suv_1996
1408	1272.5 -211 322.928
1409	D9316A0E-6E3E-11EE-9592-68545AD2D871
1410	5DD335FF-EA81-11ED-8F9E-845CF3CAF2FA
1411	taillights_dead
1412	790F8208-15E3-11EE-8A66-D4548B693989
1413	0 357.294 0
1414	FD16B726-6E3C-11EE-9592-68545AD2D871
1415	off
1416	FF0D2B64-169F-11EE-8A67-D4548B693989
1417	jup_infil_shared_movement_post
1418	1E7484DF-2AEB-11EE-8FA9-845CF3CAF2FA
1419	1105.59 -1759.19 352.384
1420	0 87.0969 0
1421	pfe9f43042bbab064b_auto2108
1422	C1582DA7-9414-6055-1A9F-B27BBA5524B1
1423	0 236.996 0
1424	-950.5 1608 381.134
1425	s4_par_kitchen_wood_cuttingboard_01
1426	205BB7A1-6FD0-2C77-E597-9CF2F78737E1
1427	pf125295ed5389d648_auto2108
1428	back_left
1429	DAE33CF9-6E3C-11EE-9592-68545AD2D871
1430	2E5CCF4D-473A-11EE-8FAC-845CF3CAF2FA
1431	pf333007e0df43a83d_auto715
1432	B92ECA3B-3DC1-84E7-6353-9A9D4F4B02DA
1433	03CF0A34-243F-4062-ECC6-96479930209C
1434	0 179 0
1435	jup_infil_blima_rope_fall_left
1436	AF96CD9D-785E-11EE-95A7-68545A904D17
1437	839.5 -2119 372
1438	5DD335F3-EA81-11ED-8F9E-845CF3CAF2FA
1439	1349 -1990.3 348
1440	6E1C2884-D520-B5BA-B60A-30D1A1A39AAC
1441	86428C92-7859-11EE-95A7-68545A904D17
1442	64A6619A-5891-B79F-2F3A-054158D4E983
1443	window_front_right
1444	0 255.896 0
1445	0 306.998 0
1446	241B1149-D860-11ED-8F9A-845CF3CAF2FA
1447	0 262.896 0
1448	food_trash_bottle_juice_01
1449	0 59.7004 0
1450	0 242.896 0
1451	3FBA3338-D165-D35E-2097-9807014DEC40
1452	96D6557D-16C7-8BF5-FC47-B1BB78FB75E4
1453	-1658.35 796.865 76.2831
1454	554.551 -2517.32 383.872
1455	scriptable_hardpoint_chevron
1456	32809ED9-A7ED-9DAB-5A13-7B1620BA2960
1457	B9FD8CF6-6FEC-5A11-66E7-E969A2617ABF
1458	-690 -1647.5 470
1459	85F7FD6F-C1C0-11ED-9DCE-845CF3D164D2
1460	EAE11633-785B-11EE-95A7-68545A904D17
1461	-1755.41 -2037.88 312
1462	612.916 1566.18 415.458
1463	ACC55882-D9DD-40F2-0FA2-0C00547BF809
1464	DF5BB117-2AEA-11EE-8FA9-845CF3CAF2FA
1465	accessory_plant_pot_fake_2
1466	tag_window_back_right_2
1467	C53A2BCF-5FCB-F48A-5F6F-EB6C4F35FE58
1468	E5522EE7-2AEA-11EE-8FA9-845CF3CAF2FA
1469	ee_decor_zd30_clothesline_01
1470	s4_fra_food_sandwich_plate_01
1471	5A74D73D-FB66-2D4C-CA2E-E24AF05EB488
1472	0 86.2926 0
1473	1DFCF1CE-C1C1-11ED-9DCE-845CF3D164D2
1474	658.5 2217 395.709
1475	3545A26C-72B3-5662-8F82-85352C9DF67E
1476	E73C6F90-9A52-346F-9522-30A22587E245
1477	A03D8E82-0987-C85D-44A0-F6ECC47AB048
1478	jump_up_80
1479	jump_up_40
1480	1962.5 -1093 293.334
1481	construction_building_wooden_palette_01
1482	0 78.899 0
1483	0 152.9 0
1484	pf5aac29b6e6151dd9_auto2108
1485	4AB77937-32B8-11EE-8FAA-845CF3CAF2FA
1486	DA9319E0-DB3A-25CB-BF60-3D7B6264D382
1487	1973 -1282.5 356
1488	-1593.5 2358 302.712
1489	mp_rugby_spawn_axis
1490	135AFABA-4735-11EE-8FAC-845CF3CAF2FA
1491	1E7484C1-2AEB-11EE-8FA9-845CF3CAF2FA
1492	-1721 2373.6 297.363
1493	toy_alphabet_block_group_02
1494	B88B5A1F-86D1-6F1E-A9AC-E3AA88E92E91
1495	green::uk_misc_aerosol_can_01
1496	1778.5 -1491 346
1497	-1416 -1623 321.919
1498	-273 -2045.5 415.827
1499	2E88B4C6-CD66-E550-13CA-D0EE99698CC0
1500	scriptable_com_office_book_beige_paper_folder
1501	kitchen_01_pan_food_01
1502	528.757 -2394.6 383.684
1503	0 108.398 0
1504	0 219.896 0
1505	-759 1968 385.984
1506	B081D3A0-15E3-11EE-8A66-D4548B693989
1507	0 264.7 0
1508	B0B4417B-E575-0243-C611-33DB1D42FE52
1509	135AFAD5-4735-11EE-8FAC-845CF3CAF2FA
1510	0 139.299 0
1511	0 195 0
1512	50CC87BB-C1B7-11ED-9DCE-845CF3D164D2
1513	-1218 1895.5 347.604
1514	food_trash_cup_tall3
1515	F1AD2EEB-0CBE-7D01-74B9-5EDE94213E3E
1516	CADEB918-65C8-31CA-6519-93C035AEDF28
1517	-1884.61 -2090.84 312
1518	994CCA54-9F37-C198-7191-9E36A827299F
1519	CF5EAD9F-D85F-11ED-8F9A-845CF3CAF2FA
1520	2EEF49F8-6E3D-11EE-9592-68545AD2D871
1521	food_cereal_box_01
1522	0 200.797 0
1523	5BB7AD54-16A0-11EE-8A67-D4548B693989
1524	0 307.199 0
1525	336C7DBE-15E3-11EE-8A66-D4548B693989
1526	87D8DDC1-15E5-11EE-8A66-D4548B693989
1527	scriptable_glass_beer_bottle_fn_01
1528	C98A34A1-54EB-3123-CC71-CD0DBE697587
1529	pf3218db0ef2d2273c_auto2108
1530	8C5B18D9-7E5E-EE6D-E6AF-86ACEE25A42F
1531	-1588.9 2369.5 303.159
1532	457.36 -1020.93 464.636
1533	1375 -2172.3 348.001
1534	pf45d2ab62066ff32_auto2108
1535	food_cans_bottles_and_jars_can_03
1536	523.757 -2390.6 383.491
1537	419.357 -2548.53 388.666
1538	0D2C4462-4735-11EE-8FAC-845CF3CAF2FA
1539	096C5193-6E3F-11EE-9592-68545AD2D871
1540	50CC87CD-C1B7-11ED-9DCE-845CF3D164D2
1541	790F8211-15E3-11EE-8A66-D4548B693989
1542	45A2C4E9-4733-11EE-8FAC-845CF3CAF2FA
1543	1247 -2284.3 388.865
1544	uk_bottle_oil_med_01_blue
1545	scriptable_scriptable_door_wooden_panel_mp_01_green
1546	80795F9B-474E-11EE-8FAC-845CF3CAF2FA
1547	5DA7353E-C399-5166-8E35-9A85945D9F55
1548	pf72d79309b62a93b5_auto2108
1549	3091A70B-EB3B-11ED-8F9E-845CF3CAF2FA
1550	-1557 2289.7 305.786
1551	CF5EAD99-D85F-11ED-8F9A-845CF3CAF2FA
1552	pf848324eb2d83fd24_auto2108
1553	pf5097c6b0d990c459_auto15218435282856246225
1554	EAE11645-785B-11EE-95A7-68545A904D17
1555	animation
1556	tag_window_back_right
1557	pfb14ca1ce007a290_auto2108
1558	infil_van_iw9_3
1559	pf9829603e03671c81_auto2108
1560	69F0073B-6E3C-11EE-9592-68545AD2D871
1561	81461328-F0C7-AF79-5860-01803BE8963F
1562	pfdb1988b212939335_auto2108
1563	mp_rugby_spawn_allies
1564	13D170F3-0750-4861-ECD8-EA473F979C7A
1565	mp_ctf_spawn_axis_start
1566	tag_window_rear_left
1567	pff1df417245c1ef00_auto2108
1568	jup_infil_blima_rope_kick_left
1569	9554F37E-6D93-F25C-A1FF-24E44909FEDB
1570	pfb2ec5b99a4262136_auto716
1571	A0F0FF1E-EB41-11ED-8F9E-845CF3CAF2FA
1572	mp_xfire_spawn_team_three_start
1573	scriptable_door_wooden_panel_mp_01
1574	C727E069-50DE-2955-B07B-A0F5480A371A
1575	0 237.2 0
1576	-1405.03 2365.3 328.411
1577	tag_window_back_left_2
1578	0D2C4495-4735-11EE-8FAC-845CF3CAF2FA
1579	57AC47E5-C1BA-11ED-9DCE-845CF3D164D2
1580	BEAB0811-552A-F04E-DD11-5E9B42352DAB
1581	infil_van_1
1582	A76069F5-474E-11EE-8FAC-845CF3CAF2FA
1583	-1749 2289.6 289.899
1584	8FDA968C-3294-A52D-6A3B-E808654B19F5
1585	lights_controller
1586	scriptable_building_support_wood_beam_05_re_size_small_zd30_anim
1587	cp_disco_pizza_box_open
1588	4E7BF766-1B2B-CE93-DD3E-D6136C40FE91
1589	fingers_out_end_right_hand
1590	-1653 2369.5 300.24
1591	infil_blima_5
1592	-769 -2210 471.995
1593	BC2AB96F-F4A2-AD88-C5E4-D7970C7B30F2
1594	scriptable_uk_misc_aerosol_can_01
1595	05E6D52D-8A36-0701-C08C-D20E1B41DF24
1596	anim_playerstandrock
1597	3AFE70F3-E992-8427-D2D2-E9F7A2728B9C
1598	pfd7dd3c2ed944f648_auto2108
1599	1558.5 -2178 356
1600	mp_sd_spawn_attacker
1601	4B252CBD-51C8-F7DA-A215-BECBA7BBE972
1602	CF5EAD96-D85F-11ED-8F9A-845CF3CAF2FA
1603	tag_mirror_right
1604	BE6027B2-1C78-B66F-DBE4-812DBB84D185
1605	EC3DC7B9-C1B9-11ED-9DCE-845CF3D164D2
1606	868DB10B-958C-8AD4-2967-AFEBEFE7985C
1607	A632A326-6E42-11EE-9592-68545AD2D871
1608	0 299.193 0
1609	-1561 2293.7 304.409
1610	14315A71-4732-11EE-8FAC-845CF3CAF2FA
1611	2022.84 -1117.91 302.412
1612	520.5 1604 413
1613	EAE11657-785B-11EE-95A7-68545A904D17
1614	0 142 0
1615	20282841-33EB-591C-3861-9D4B1B1CF7F6
1616	0.00012207 1817.5 387.371
1617	pf5097c6b0d990c459_3
1618	77E5585D-932A-A9E4-B9E8-304D6E242E48
1619	914 -1524.5 366.419
1620	AC4AB3DF-6E42-11EE-9592-68545AD2D871
1621	EAE11639-785B-11EE-95A7-68545A904D17
1622	mp_xfire_spawn_axis_start
1623	0 133.8 0
1624	48B2D0DF-3C28-34BA-67E1-B104DA28E48E
1625	1E7484D0-2AEB-11EE-8FA9-845CF3CAF2FA
1626	9FFA93D7-4732-11EE-8FAC-845CF3CAF2FA
1627	electrical_conduit_set_electrical_box_01
1628	504.717 -2465.83 383.068
1629	pff32abdbfe097cd82_auto2108
1630	0CCE80F7-4737-11EE-8FAC-845CF3CAF2FA
1631	0 308.299 0
1632	base
1633	EE9B9749-8684-62A1-A6EF-60BCF921D044
1634	jump_down_160
1635	-1413 -1638 336.752
1636	790F820E-15E3-11EE-8A66-D4548B693989
1637	ik_in_start_left_hand
1638	1998.84 -1085.91 315.842
1639	71D65D17-139E-D5C6-1B93-BF7C5E15E439
1640	0 99.9956 0
1641	66ACE973-5E1C-AFDA-5A75-B0DB50C9997C
1642	8007B215-843B-CE5A-CD79-B666BED2571F
1643	decor_supermart_cardboard_box_open_01
1644	allies_endzone_vis
1645	-1300 1959.5 334.07
1646	290AED7B-C1BA-11ED-9DCE-845CF3D164D2
1647	3804018C-761F-8B09-0A68-0122C4546665
1648	pf37f4dba576ac9dd4_auto2108
1649	-1718 1352 145.125
1650	scriptable_equipment_patio_bbq_grill_based_01
1651	BE416B01-018A-5323-A93F-8649ABB48D28
1652	DC1B1375-3C55-F896-6414-74D08957AD44
1653	veh9_civ_lnd_minivan_1993_cargo
1654	C39AE5D0-6E42-11EE-9592-68545AD2D871
1655	3E1358EE-E8CF-A843-0EDD-F0CBCAB97B3C
1656	865 -1293.5 308
1657	CE755356-87E6-1D7C-8AD4-0B7219FCDFD6
1658	van_infil_sfx_npc3
1659	tag_window_front_left
1660	861F7B4B-B799-0DF2-B1F7-97CA3564DA92
1661	-1497.5 2142 306.208
1662	0D2C4492-4735-11EE-8FAC-845CF3CAF2FA
1663	pf354bccc89e87563_auto2108
1664	CEB492A9-FC3E-70B5-D76D-AD58830E546A
1665	scriptable_equipment_toolbox_01_orange
1666	0 194.999 0
1667	C4C170FC-2AEB-11EE-8FA9-845CF3CAF2FA
1668	50CC87C7-C1B7-11ED-9DCE-845CF3D164D2
1669	scriptable_equipment_dyn_trash_can_soda_02
1670	2B90C45B-FAC7-34BD-6601-A7D1ABD93F32
1671	pf47bbd775a8493c6d_auto2108
1672	FF31FCA7-15E5-11EE-8A66-D4548B693989
1673	0D2C4465-4735-11EE-8FAC-845CF3CAF2FA
1674	0 193.895 0
1675	26.5 -2421 391.5
1676	pf5aa022cac1326c74_auto2108
1677	EC3DC7C2-C1B9-11ED-9DCE-845CF3D164D2
1678	1439 -2100.3 348
1679	scriptable_s4_fra_food_sandwich_plate_01
1680	2.29731 78.1284 0.898862
1681	-1495 2295.6 306.558
1682	05242717-F5D9-7391-D08F-A2D9AD957D16
1683	214.886 1999.17 399.715
1684	pf3f8fb2f81c0eb978_auto2108
1685	pf5f90eeaba788d29d_auto2108
1686	infil_van_iw9_4
1687	scriptable_food_trash_soda_01
1688	-2066.27 1961.81 416
1689	mp_rugby_spawn_allies_start
1690	scriptable_door_metal_panel_03_left_mp
1691	j_rope_1
1692	-1964 1910 272
1693	41E4F046-4E2C-1BFD-4B05-0E3FC2CAC3EA
1694	unlocked
1695	-498.351 1876.01 386.095
1696	0 123.1 0
1697	-1463 2375.6 306.95
1698	pfb2ec5b99a4262136_auto715
1699	-1559 2295.7 304.668
1700	965A143C-785C-11EE-95A7-68545A904D17
1701	35BEA085-9B6D-CD5A-0BF9-4F07D912B44B
1702	6D004EDE-14CE-44CD-2E81-A973CBA97D63
1703	7031EB79-16A0-11EE-8A67-D4548B693989
1704	1439 -2092.3 348
1705	pf82e0c5130b931be9_auto2108
1706	9BCFD259-A901-913E-D6A9-1DC2088A6E97
1707	FF0D2B59-169F-11EE-8A67-D4548B693989
1708	infil_van_2
1709	708 2226 391.098
1710	scriptable_door_wooden_hollow_mp_01
1711	92F4BD1C-511B-6DAD-4070-CB250A4504D5
1712	940D9F15-1E6C-2035-78CB-817B05AB7577
1713	A86FC05B-2196-B66C-012B-FDDD92C4A9BD
1714	96AE5510-785E-11EE-95A7-68545A904D17
1715	0D2C4474-4735-11EE-8FAC-845CF3CAF2FA
1716	1171 -2296.3 393.148
1717	-852 1696 400.629
1718	1CC9F32E-6E48-11EE-9592-68545AD2D871
1719	-1943 1961 280
1720	50CC87B8-C1B7-11ED-9DCE-845CF3D164D2
1721	21A4C138-E435-E0DF-BAA3-CE2083787640
1722	scriptable_uk_tool_box_small_01
1723	0 281.4 0
1724	tool_pipe_wrench_01
1725	FCE40B1F-0E79-3ABA-8531-A57A288707A7
1726	9AE69A7F-5968-18FA-17D4-9218E21F2095
1727	-366.384 -1410.21 513
1728	pf25f93942b0693b1a_auto716
1729	997EE4E4-785D-11EE-95A7-68545A904D17
1730	pf1557f950ef326287_auto2108
1731	pf244acdb1b0728bd5_auto2108
1732	930.886 1251.17 389.298
1733	8780A510-493F-BBF8-3B5C-D84F927D3312
1734	2C27FCF3-EB31-11ED-8F9E-845CF3CAF2FA
1735	36EDBE20-16A0-11EE-8A67-D4548B693989
1736	1758.5 -1720 354.038
1737	5DD335E7-EA81-11ED-8F9E-845CF3CAF2FA
1738	7888A039-2AEB-11EE-8FA9-845CF3CAF2FA
1739	bash_left_90
1740	206 2007.5 386.395
1741	4714C434-5C57-342F-6C6C-62529F5E788B
1742	tag_windshield_back
1743	ik_in_start_right_hand
1744	-1956.67 -2321.47 320
1745	30A9617B-DAE6-EB09-0F69-E1A7B55482DB
1746	89.5 1474 406.756
1747	AE691BFB-0F73-EFF0-F326-5B3D56166022
1748	pf5097c6b0d990c459_auto7719286751705096634
1749	fingers_in_end_left_hand
1750	EAE11636-785B-11EE-95A7-68545A904D17
1751	ws_safe_offscreen
1752	tag_geo_frag_a_004
1753	scriptable_scriptable_door_wooden_panel_mp_01_white
1754	ACA6A718-EB40-11ED-8F9E-845CF3CAF2FA
1755	CEF1F35C-EB42-11ED-8F9E-845CF3CAF2FA
1756	616 -876 308
1757	0 129 0
1758	pf427abedb84be3f6a_auto4
1759	fov_63_2
1760	CF5EADAE-D85F-11ED-8F9A-845CF3CAF2FA
1761	706.314 2230.14 395.211
1762	150 328 456
1763	5167BF7D-21A8-277E-B4C0-6DDC6AD917AD
1764	pf257916a01a836991_auto2108
1765	pf21ee0a520103286b_auto2108
1766	pf471391ded38c8ee8_auto716
1767	pfd0b164a799590a7d_auto2108
1768	body
1769	0 280 0
1770	FD7CC1DC-9713-B9D9-8577-329054FB561C
1771	C17B8E93-6A69-5D92-E1C8-254033851CC2
1772	scriptable_hardware_plywood_osb_bare_01_24
1773	-1692.8 2297.5 293.734
1774	980DA907-A788-6B3B-A2BC-34D0880F0A38
1775	hardpoint_vis_03
1776	7F980CCD-7858-11EE-95A7-68545A904D17
1777	pfefb35b4c55025758_auto2108
1778	0 271.099 0
1779	4407FD2E-C0E5-ED51-CFF3-AC444B656449
1780	36EDBE15-16A0-11EE-8A67-D4548B693989
1781	-546.654 -1827.5 520
1782	841F6DD9-C1B8-11ED-9DCE-845CF3D164D2
1783	0 4.99358 0
1784	pfae6d6d6f3310502c_auto2108
1785	E4ECADD1-3A24-7D67-CFB9-4D538792511D
1786	pfd708246cdb79398e_auto2108
1787	C4EFDC69-C1B6-11ED-9DCE-845CF3D164D2
1788	0 55.7966 0
1789	pf351e2aaf9af1d4ce_auto2108
1790	39BA012D-15E3-11EE-8A66-D4548B693989
1791	78BDFFF7-1472-2A81-705A-38095C52AFE6
1792	D8FF0659-EB42-11ED-8F9E-845CF3CAF2FA
1793	1615.91 254.84 316.8
1794	scn_infil_van_npc3
1795	31721140-32B8-11EE-8FAA-845CF3CAF2FA
1796	0 91.9996 0
1797	7D4C27B6-6E3F-11EE-9592-68545AD2D871
1798	0 154.799 0
1799	pfd5c6e909b4fa4167_auto2108
1800	6E5913B7-BBA8-4444-DC21-473575351CE0
1801	F16CD197-6E43-11EE-9592-68545AD2D871
1802	D2E7E579-544C-12F6-649B-EFAAB3EFF103
1803	48CE661A-E6D9-ED9F-820F-6EDE7E31BE79
1804	60B376D0-15E4-11EE-8A66-D4548B693989
1805	3BD07AEA-1340-31E0-49C3-E5CD87547CB7
1806	2.29749 63.3287 0.898923
1807	290AED81-C1BA-11ED-9DCE-845CF3D164D2
1808	0 37.6964 0
1809	scriptable_veh9_civ_lnd_suv_1996
1810	7806CE32-15E4-11EE-8A66-D4548B693989
1811	B49CE796-EB24-11ED-8F9E-845CF3CAF2FA
1812	820B6015-0D30-BBCC-6407-8E3BB966095D
1813	0 339.196 0
1814	0 67.7931 0
1815	7BCBDB56-D6C0-AD23-081D-AE8E3156FB57
1816	0 272.097 0
1817	A1F2746B-AA8F-09D4-4AA1-1171D3CBCDF5
1818	jup_infil_blima_player_grab
1819	B56591FB-9C1A-11ED-98A9-68545AD2D871
1820	jup_infil_blima_rope_crank_left
1821	0 180 0
1822	-1725 2377.6 297.725
1823	C8CFA7A7-785A-11EE-95A7-68545A904D17
1824	pfff93352299211985_auto2108
1825	5DD335ED-EA81-11ED-8F9E-845CF3CAF2FA
1826	pf48096f40713b950d_auto2108
1827	-1948.5 1120.51 41.0549
1828	EC3DC7AD-C1B9-11ED-9DCE-845CF3D164D2
1829	mp_koth_spawn_axis_start
1830	393.563 -2425.81 380.279
1831	-1697.8 2188.5 288.463
1832	CD8D3AE7-85A9-091E-30DF-EE73D303BC79
1833	0 48.8003 0
1834	1238 -2187.5 349.78
1835	2D2478F7-7857-11EE-95A7-68545A904D17
1836	74D596A9-A2CB-EE7F-9DD4-8EE1CDAF615E
1837	pf5097c6b0d990c459_auto8821104204759551842
1838	scriptable_construction_building_wooden_palette_01
1839	-1851 1611.5 276.479
1840	833.36 2188.35 418.055
1841	4AB77931-32B8-11EE-8FAA-845CF3CAF2FA
1842	40153A96-15E5-11EE-8A66-D4548B693989
1843	pff9de4fcbf5f78a31_auto2108
1844	1246 -2200 349.173
1845	3D4D0887-16A0-11EE-8A67-D4548B693989
1846	A9DBB18D-2AEB-11EE-8FA9-845CF3CAF2FA
1847	7EA87F24-EB27-11ED-8F9E-845CF3CAF2FA
1848	46CD6CF2-44CA-5B3A-9DBC-BE3E247A60ED
1849	5E7C49C8-785C-11EE-95A7-68545A904D17
1850	pf5097c6b0d990c459_auto3180
1851	-2137 2036 269.292
1852	scriptable_me_kitchen_coffee_plate_01
1853	mp_tdm_spawn
1854	06F5211B-9E58-DC61-FF97-4D505E6522D7
1855	pf59441f72cc3cb188_auto4
1856	31721134-32B8-11EE-8FAA-845CF3CAF2FA
1857	3291E422-8262-ACA1-D1DE-2D119D224D77
1858	DF5BB111-2AEA-11EE-8FA9-845CF3CAF2FA
1859	tag_light_front_right_2
1860	7F91E13A-4EA4-BB8C-833E-1CD15007DD43
1861	80795FAA-474E-11EE-8FAC-845CF3CAF2FA
1862	4FB52FE8-FA8A-019C-7F2F-2423A8530876
1863	0 89.6945 0
1864	24E36D89-ADF1-A39C-DBEB-757B1D9C6ECE
1865	0 144 0
1866	1
1867	-1863 2290.5 291
1868	pf958f565bd9de2b6d_auto2108
1869	783DF092-BB89-BF15-12D0-5A84F0CD410D
1870	79F8D6B7-6962-6FAB-B81A-FE916D8BF7AA
1871	CE2DC8DE-327C-990E-F12C-99B697888391
1872	D95116E1-5C53-F14F-9AE6-8507F19E5D45
1873	613 -865.5 297
1874	0B58BAAC-15E6-11EE-8A66-D4548B693989
1875	0 209.2 0
1876	E45C0765-6E3B-11EE-9592-68545AD2D871
1877	pf2112040fe5283a13_auto2108
1878	C6409B83-FBEB-5226-B868-CC052C63E49E
1879	1339D66F-16A0-11EE-8A67-D4548B693989
1880	light_front_right
1881	glass_beer_bottle_fn_01
1882	1808.25 -1656.67 354.201
1883	A5D7EF9A-7859-11EE-95A7-68545A904D17
1884	FB08DDD8-4731-11EE-8FAC-845CF3CAF2FA
1885	3942D347-32B8-11EE-8FAA-845CF3CAF2FA
1886	3B825AD0-546E-505C-FBE0-FD9D0EF948CD
1887	EAE11651-785B-11EE-95A7-68545A904D17
1888	-1443 351 391
1889	pf6201ec7ed44257b9_auto2108
1890	pfc249b05d75c7d230_auto2108
1891	499.717 -2461.83 382.442
1892	9C95E6D6-FBD6-3A0C-F4EC-AF3251FBBCEC
1893	F809B314-32F7-6F5A-52CC-17F2C9608C8F
1894	hardpoint_vis_02
1895	3942D350-32B8-11EE-8FAA-845CF3CAF2FA
1896	614 -1408 406.266
1897	A76069F2-474E-11EE-8FAC-845CF3CAF2FA
1898	624.717 -2501.83 385.835
1899	B5A1AB8C-9220-6611-B878-3A88CF69B5F5
1900	31D370E2-785B-11EE-95A7-68545A904D17
1901	E5522EDB-2AEA-11EE-8FA9-845CF3CAF2FA
1902	4DD2D001-020C-2A48-2F0F-070541C034CF
1903	0 39.9992 0
1904	-1679 -1715 322.315
1905	986.367 -1918.77 350
1906	C1BEA36E-F8BE-BF94-CE5D-6336A4EC0C4D
1907	DFDE1AE7-15E5-11EE-8A66-D4548B693989
1908	pf81f3555d6be1d313_auto2108
1909	FF11A0FD-D08A-5FF7-E4FE-ECF66D694B5C
1910	1DFCF1D4-C1C1-11ED-9DCE-845CF3D164D2
1911	0 152.599 0
1912	3903F242-EDEE-49C8-D0FE-A3B7B30B9CB2
1913	base_scripted_anim_slot
1914	1596.09 -816.84 304
1915	5F97AE02-BCA4-79FC-1E4A-A88F03730051
1916	227BFE26-E47B-13DB-1DA1-B16D2DC8BEDC
1917	CF5EADAB-D85F-11ED-8F9A-845CF3CAF2FA
1918	scn_infil_van_npc2
1919	1E7484C4-2AEB-11EE-8FA9-845CF3CAF2FA
1920	pfac0dbca3004da298_auto2108
1921	-1657 2373.5 300.193
1922	B5774BE3-D286-8D35-CF4E-6947F0DE0B19
1923	7BDBBF51-6E44-11EE-9592-68545AD2D871
1924	CC299956-A6F0-5A7D-EA50-408546CB78BD
1925	50963A37-F067-7337-4242-8AC210CEBC3D
1926	pf4fd51c5c1166ac63_auto716
1927	free_look
1928	D23ED95A-CB47-EA03-72CE-40DFE7F20803
1929	B15126FD-2BAC-57F2-A931-36430402D423
1930	milk_crate_iw6
1931	7E0871DB-4A81-6827-EFFA-BF8F4CA33FCB
1932	458.141 -2410.67 382.094
1933	C9AFC1A3-6E42-11EE-9592-68545AD2D871
1934	0 103.899 0
1935	0 201.199 0
1936	-2120.22 1922.13 408
1937	pf5097c6b0d990c459_auto15098859746146464648
1938	0 243.496 0
1939	AC4AB3E4-6E42-11EE-9592-68545AD2D871
1940	-1793 2375.6 296.496
1941	1C891318-2A8F-2DBE-F088-8366851C170F
1942	3942D353-32B8-11EE-8FAA-845CF3CAF2FA
1943	0 294.993 0
1944	0B765309-785B-11EE-95A7-68545A904D17
1945	pf250325e71ac307fa_auto2108
1946	C41B1E31-6B8D-A623-0515-EB3EA811D6A4
1947	982.84 -1341.91 308
1948	91286A3B-01D7-C720-C7EB-33E3F43EC4A9
1949	jump_across_100
1950	-514.527 1114.2 195.9
1951	-1570 2188.7 301.688
1952	pf44c7d14fb3f378d9_auto2108
1953	82950BC1-C671-DA67-0D6B-0068560AC6DF
1954	135AFACC-4735-11EE-8FAC-845CF3CAF2FA
1955	A29CF046-E9E8-11BC-2FB8-425A4C90A57B
1956	487.934 -2535.39 391.857
1957	-1655 2375.5 300.371
1958	4BF99224-2C9D-74D5-6D9E-A2651400D090
1959	6D6350AA-C1C1-11ED-9DCE-845CF3D164D2
1960	D8DBD657-7298-54A8-D8A2-0498B49E326C
1961	-618.5 -2181 453.156
1962	-2122.67 -2242.47 320
1963	403.586 -2555.12 396.276
1964	pff267e2fd5e9d5b7f_auto2108
1965	facial
1966	1294 -2135.5 348.158
1967	ws_safe
1968	0 287.995 0
1969	pf5ab773da181ba2b8_auto2108
1970	3091A717-EB3B-11ED-8F9E-845CF3CAF2FA
1971	FA85E0D0-785A-11EE-95A7-68545A904D17
1972	-2139 -1706 320
1973	16DD8E18-42D9-7D00-802B-38A387691665
1974	9321608B-EA7A-11ED-8F9E-845CF3CAF2FA
1975	0B9ABA2F-6E40-11EE-9592-68545AD2D871
1976	1302 -2231.5 380.61
1977	0CCE80EE-4737-11EE-8FAC-845CF3CAF2FA
1978	pfd26fcf8d84bfb7a6_auto2108
1979	96126072-6E44-11EE-9592-68545AD2D871
1980	ik_out_start_left_hand
1981	BBDD2EDD-E986-B905-8999-E5F8DA0B04DE
1982	-653.122 1997.02 394.552
1983	1625EC94-D860-11ED-8F9A-845CF3CAF2FA
1984	0 208 0
1985	0D2C4486-4735-11EE-8FAC-845CF3CAF2FA
1986	0 182.797 0
1987	769.69 2041.59 412.993
1988	0 32.6995 0
1989	A74A3C48-3A58-99B6-246C-B081B9ADDD7C
1990	-548.927 1990.07 403.098
1991	0 305.699 0
1992	0 329.695 0
1993	-1829 2297.6 296.976
1994	mp_tdm_spawn_axis_start
1995	0 117.197 0
1996	van_infil_sfx_npc5
1997	pfa4b564dda46513b8_auto2108
1998	1504.99 -2069.09 347.776
1999	796 -324 306.77
2000	205A71F6-4CBE-5149-5D6A-42FA7E39DBC4
2001	AC5F7C3A-C1C1-11ED-9DCE-845CF3D164D2
2002	36EDBE03-16A0-11EE-8A67-D4548B693989
2003	6197932E-C163-76E1-3AFE-181DF71F6EC2
2004	-575.114 1977.17 383.807
2005	0 17.6946 0
2006	ACA6A715-EB40-11ED-8F9E-845CF3CAF2FA
2007	AEFCD976-2846-0DEE-601F-D9DAC72C74F9
2008	1E7484CA-2AEB-11EE-8FA9-845CF3CAF2FA
2009	-1621 2289.5 298.603
2010	0 195.697 0
2011	51FAAB40-EC14-5B8A-163F-3B2A3CA062A2
2012	-1956.67 -2250.47 320
2013	van_chief_sfx
2014	3D4D089F-16A0-11EE-8A67-D4548B693989
2015	CA872A74-785D-11EE-95A7-68545A904D17
2016	pfcbe39e0edec7979f_auto2108
2017	-1625 1109.5 45.164
2018	08A48EC4-DB92-BBF4-9A68-21FBD4B3FD5B
2019	A7606A0D-474E-11EE-8FAC-845CF3CAF2FA
2020	0 323.199 0
2021	8D735D44-B963-21EC-CBEC-4A10F95DF1D5
2022	45DFFE1C-22E5-F6D9-0FBA-A7200107E772
2023	D3FDFD69-473A-11EE-8FAC-845CF3CAF2FA
2024	1215.03 -2484.07 410.428
2025	ACA6A71E-EB40-11ED-8F9E-845CF3CAF2FA
2026	scriptable_food_trash_container_02_open
2027	0 124 0
2028	pfcec1e02d98fe4258_auto715
2029	D8853049-15E5-11EE-8A66-D4548B693989
2030	pf332121c2bcbcbfaf_auto2108
2031	39E8FA1D-2450-223A-5FF2-26EED13DCE9A
2032	pfebab09ddaeb95505_auto716
2033	pf433c5c5cd66e472a_auto2108
2034	336C7DA8-15E3-11EE-8A66-D4548B693989
2035	tag_windshield_front_pristine
2036	pf9bf75f91c251c32d_auto2108
2037	pff0a3411ed755a494_auto2108
2038	746.886 1749.17 400.032
2039	932160A0-EA7A-11ED-8F9E-845CF3CAF2FA
2040	pfcd061c86128410c6_auto715
2041	-2062.67 -2208.47 320
2042	A410637C-E96A-852E-A212-C6480EBC73E5
2043	1794 -1469 349.243
2044	5E7C49D9-785C-11EE-95A7-68545A904D17
2045	859568E0-6E3C-11EE-9592-68545AD2D871
2046	0 125.197 0
2047	-1730 2268.6 293.214
2048	pfa9b00d3226b71d9d_auto2108
2049	1CA04782-3159-5504-067E-0E27DD28E33D
2050	8A1C6711-BF6B-8A6C-FCB8-C25211A4E8DB
2051	0 72 0
2052	E71DFC67-C7C5-791E-139B-A74B90D443FC
2053	A5BCDCCF-834A-2763-3383-DE7DA71868D8
2054	accessory_table_vintage_ashtray
2055	infil_blima_2
2056	pf286f240c42eab487_auto2108
2057	4AB77946-32B8-11EE-8FAA-845CF3CAF2FA
2058	-543.373 1119.62 209.343
2059	3FDE9E5D-15E3-11EE-8A66-D4548B693989
2060	FF0D2B6F-169F-11EE-8A67-D4548B693989
2061	550.5 -696 291.334
2062	-989.219 -1176.52 328
2063	0 181.196 0
2064	8F9EE121-12C2-5A2C-44C9-70BB10CF6EA5
2065	5C0923CB-6E3C-11EE-9592-68545AD2D871
2066	2EF51A2E-D860-11ED-8F9A-845CF3CAF2FA
2067	1805.42 -1656.74 345.802
2068	-1559.5 2284 304.157
2069	-1325 1932 340.048
2070	0 0 0
2071	7031EB85-16A0-11EE-8A67-D4548B693989
2072	pf2ba89dbdd05fe78d_auto2108
2073	FEFF530B-C9F3-FA32-C07F-9E1DE525C60E
2074	C39AE5DA-6E42-11EE-9592-68545AD2D871
2075	infil_van_fort_iw9_5
2076	jup_infil_blima_rope_fall_right
2077	-1629 2297.5 298.706
2078	B8100F32-0798-2E63-5850-3458224A72EC
2079	752917F5-616C-0503-64C9-A1C218DA0496
2080	73B365B3-1B7C-7CA7-FB83-C50F0FA92E86
2081	5E864A39-019E-4B40-9578-18EB27A8244E
2082	7682C73F-785B-11EE-95A7-68545A904D17
2083	container_paint_can_01_rust
2084	0 158 0
2085	pf9ca65a088685a88b_auto2108
2086	1F5BA3C9-9853-ED27-B79D-547160BEA512
2087	A3E503C0-AC72-377C-01EC-15F78B671A46
2088	0 150.699 0
2089	-25.5 -2429 392.188
2090	pfbabb4452a93434cb_auto2108
2091	E1DBE927-9BBD-D7E2-CB7D-AFAB28E7AB49
2092	-1939.07 -2019.87 312
2093	A438B14B-785C-11EE-95A7-68545A904D17
2094	-1707 2296 292.044
2095	jump_down_136
2096	0CCE80E5-4737-11EE-8FAC-845CF3CAF2FA
2097	FAAF86DD-4E08-3FDB-B7ED-B3EE7CF2AFA9
2098	46A5FC34-F7B4-F0A5-FCAC-74D46B374469
2099	-1401.03 2371.3 328.768
2100	decor_supermart_cardboard_box_open_02
2101	0 167.093 0
2102	A9B21AD5-BF17-02E8-7B14-9CE214CE0293
2103	C66749FD-BBBB-A73A-4F8F-C013FFCA2D0D
2104	8E7527BD-F7A6-980F-13DD-4B0A202AD797
2105	van_door_sfx
2106	BB0778D3-5663-ED7D-9168-AE39ED0CC1CB
2107	pf1cf54746c14113a0_auto716
2108	3FB3B3BC-D326-144E-0EBF-39206C54E625
2109	-1495.5 2290 307.235
2110	-1657.41 796.402 76.3795
2111	scn_infil_van_npc5
2112	c2
2113	-1971.58 -2299.12 328
2114	FF004005-840B-EACA-D97B-153E8F943307
2115	A76069FB-474E-11EE-8FAC-845CF3CAF2FA
2116	3172114C-32B8-11EE-8FAA-845CF3CAF2FA
2117	EF477CBC-0B69-6A10-BA2A-F8BF96CDC63A
2118	-903.754 1533.41 379.109
2119	98C9F5D7-B1CD-3E43-17CB-B6D2EDF6584F
2120	pf9709a92eed1a791d_auto2108
2121	BCDAFF2C-DD29-EF3C-A906-26253AAC13CD
2122	wheel_center_front_left
2123	82D365F3-D1DB-8E35-DBA6-3179B29E185A
2124	80795F9E-474E-11EE-8FAC-845CF3CAF2FA
2125	mp_ctf_spawn_allies_start
2126	pf995cf85fe41141d1_auto2108
2127	pf8edc77f47a078207_auto2108
2128	infil_van_fort_iw9_2
2129	80795F95-474E-11EE-8FAC-845CF3CAF2FA
2130	ik_out_end_left_hand
2131	0 98.7966 0
2132	A351BDAD-6E47-11EE-9592-68545AD2D871
2133	0F0F4673-45A2-7FA6-FD85-214BB1827D14
2134	0 140 0
2135	-942.5 322 402.773
2136	pf301d8bd804550a7d_auto2108
2137	3
2138	10137337-7350-65C1-7D6D-807F1EA1EF9D
2139	217 2009.5 393.651
2140	82110664-7FE0-2D7A-2A8C-0D32B9F7E423
2141	C9AFC1AD-6E42-11EE-9592-68545AD2D871
2142	tag_geo_frag_a_003
2143	417.357 -2546.53 388.658
2144	scriptable_door_metal_04_flat_painted_clean_mp
2145	-1666 2268.5 294.834
2146	2A3C6936-D1F9-93F4-5234-0E2DACE75165
2147	4F46A69D-F7A4-B3AC-1CFC-D4A5012D2AD9
2148	DD1912FF-2AEB-11EE-8FA9-845CF3CAF2FA
2149	1776.5 -1777 356.479
2150	-1507 2345 332.131
2151	0CCE80E2-4737-11EE-8FAC-845CF3CAF2FA
2152	-2060.27 1967.81 416
2153	-682.757 -1579.5 495.418
2154	E5522EE1-2AEA-11EE-8FA9-845CF3CAF2FA
2155	1247 -2188.3 349.093
2156	49A714B6-6BCE-2D27-336C-585075AC721C
2157	41 -2092.5 379
2158	40CB9ACF-2AEC-11EE-8FA9-845CF3CAF2FA
2159	B67AFE36-4733-11EE-8FAC-845CF3CAF2FA
2160	hardpoint_vis_04
2161	-1956 2043.5 269.462
2162	F15EA1D2-B6BE-47DD-438A-C8ED31B0EA1C
2163	mp_tdm_spawn_allies_start
2164	B3403CCE-8237-0EB6-3583-83D498A33A88
2165	black::vfx_animals_chicken
2166	0D4DA665-C8FC-51DB-C87B-0DF2670B8A81
2167	scriptable_toy_pool_inflated_beach_ball_01
2168	241B114C-D860-11ED-8F9A-845CF3CAF2FA
2169	0 311.2 0
2170	1502 -2143.5 376.218
2171	135AFACF-4735-11EE-8FAC-845CF3CAF2FA
2172	29520B56-956C-5C9E-B294-5E41ECBFC64B
2173	light_front_left_2
2174	-1592.52 -885.72 200.52
2175	0 86.7987 0
2176	decor_boxes_03
2177	0 88.2928 0
2178	C4EFDC60-C1B6-11ED-9DCE-845CF3D164D2
2179	886.719 -1547.61 382.198
2180	pfe91b2f77b914a51_auto2108
2181	show
2182	-547.081 -1828.77 520
2183	1438 -2095.5 348
2184	421.357 -2550.53 388.674
2185	0 41.9999 0
2186	23998F77-15E5-11EE-8A66-D4548B693989
2187	0 88.0988 0
2188	uk_tool_box_small_01
2189	32519DC5-52FB-251E-C24C-3262DFC3A6F3
2190	CF5F47E4-0EC4-98B4-A9A0-5556C97961FA
2191	C9E8C835-B82C-F5CF-0042-BE55E85EE768
2192	traversal_door
2193	20F16D25-B23A-8FEF-8C4D-0397101EE27C
2194	-1575 2335 303.559
2195	CFC8D319-C928-6291-1CFC-87F1D3E97689
2196	457632AB-BA55-0458-E69C-EED010BB2722
2197	82AC2704-15E7-11EE-8A66-D4548B693989
2198	on_nolight
2199	7BA1410E-EA5D-AE91-8800-7980969D0B5B
2200	pf283367e842deb685_auto2108
2201	D1CC84C9-442B-FA4E-136A-7A7D31107888
2202	135AFAC6-4735-11EE-8FAC-845CF3CAF2FA
2203	scriptable_bathroom_garbage_can_01
2204	tag_window_rear_right
2205	scriptable_scriptable_door_wooden_hollow_mp_01
2206	tag_light_front_left
2207	7D134253-FBB1-7C25-F17E-3610C3240014
2208	container_cement_bag_01_white
2209	A25F215E-475F-DBEE-C001-5F8F4A3DF579
2210	-1821 2289.6 297.216
2211	pf4eae37faf4ef8416_auto2108
2212	-1461 2369.6 306.715
2213	B565B93A-9C1A-11ED-9A6B-68545AD2D871
2214	7031EB82-16A0-11EE-8A67-D4548B693989
2215	-2062.67 -2279.47 320
2216	0 182.4 0
2217	EECC9A05-0205-B400-976C-369555F707E6
2218	3D4D08A8-16A0-11EE-8A67-D4548B693989
2219	28E443ED-1CD9-3EAE-9FD6-2D61A39542C4
2220	toy_pool_inflated_beach_ball_01
2221	C3793561-19E6-6B6B-DCF9-71DDC207E1AB
2222	-1894.67 -2273.47 320
2223	pfa1a0dd186f38284a_auto2108
2224	exhaust_controller
2225	61F6B1D1-135E-8FEB-E049-14DAD8C4359E
2226	557.551 -2519.32 384.162
2227	-283 1918 398.901
2228	-940.5 320 402.533
2229	038266BB-85E7-3EDF-9437-F3AB1467A87F
2230	F9B89F51-0A0D-3E97-26B8-46312DFDB6A1
2231	3942D33B-32B8-11EE-8FAA-845CF3CAF2FA
2232	7A989173-CC5F-BBD0-88E0-84F577345B05
2233	135AFAB1-4735-11EE-8FAC-845CF3CAF2FA
2234	0 289.899 0
2235	0 317.695 0
2236	8.5 -2162 392.547
2237	438.14 -2480.97 381.464
2238	569.334 -2445.76 384.308
2239	com_office_book_beige_paper_folder
2240	845E0CD4-A18F-AA7A-C8C4-AD4A8D1D4CAA
2241	B6ADB712-86FB-BBDF-FED3-E1C03946387C
2242	zmb_broom_01_old
2243	mp_ctf_spawn
2244	0 44.9998 0
2245	AF96CD98-785E-11EE-95A7-68545A904D17
2246	0 74.9982 0
2247	50B2B37F-6E47-11EE-9592-68545AD2D871
2248	582595C3-BC23-0480-1674-66D08198389A
2249	256CFD0B-0F4D-0ADB-96D9-23DC0B645B74
2250	C9AFC1C6-6E42-11EE-9592-68545AD2D871
2251	kitchen_spice_rack
2252	window_rear_left
2253	-1346 2394 325.707
2254	0 230.396 0
2255	755DF3F2-FBA3-0295-D698-9890DAD61215
2256	rock
2257	-1419.7 1265.21 302.011
2258	3942D341-32B8-11EE-8FAA-845CF3CAF2FA
2259	pf8b7e5eb4cd31a42d_auto2108
2260	0 97.7963 0
2261	scriptable_kitchen_01_pan_food_01
2262	cinderblock_wall_topper_02_16
2263	-1791.5 2360 296.065
2264	infil_van_fort_iw9_4
2265	window_back_right_corner
2266	mp_dom_spawn_axis_start
2267	pf5097c6b0d990c459_1
2268	0 155 0
2269	DAC20EA4-BEFE-C8B0-D547-8E0D87FFDDA9
2270	CDCFB9D5-78AF-58A0-B805-0AF85A0D9D40
2271	0 282.896 0
2272	pf3408258e173b3380_auto2108
2273	31B239F0-9D12-80E3-3BCF-5BBCB26BD481
2274	0D2C448C-4735-11EE-8FAC-845CF3CAF2FA
2275	scriptable_crate_plastic_sml_01_dirt_red
2276	window_blast
2277	0B93DB38-52C0-FAEA-A34C-79252BB87EBC
2278	290AED8A-C1BA-11ED-9DCE-845CF3D164D2
2279	0 80.8984 0
2280	1367 -2092.3 348
2281	-1463 2212.5 312.963
2282	290AED90-C1BA-11ED-9DCE-845CF3D164D2
2283	611.451 -2568.7 396.33
2284	403.586 -2555.12 380.276
2285	AD4C35B9-C027-8883-69E3-42330F1CE09D
2286	336C7D9D-15E3-11EE-8A66-D4548B693989
2287	1147 -2212.3 360.291
2288	B290F11E-6E42-11EE-9592-68545AD2D871
2289	B3B876E7-E86D-B65F-4D4B-D357E24C1EDD
2290	pf46ca6df7b207611_auto2108
2291	65EEC6A4-6E3F-11EE-9592-68545AD2D871
2292	EAE1165A-785B-11EE-95A7-68545A904D17
2293	0 347.098 0
2294	pfd11aea5121268432_auto716
2295	2581FFF1-038B-08B7-DB4B-03B29AFA5F2E
2296	723A88F6-3856-6FA8-67D1-02DA53C42AF0
2297	0 243.095 0
2298	pf34dedbd9b01f4c6a_auto2108
2299	456.141 -2408.67 382.05
2300	72A962B9-6F12-FEF7-7489-AF3E9A4BAD44
2301	pf473e59852aaed1e1_auto2108
2302	0 170.898 0
2303	red::uk_misc_aerosol_can_01
2304	8B4A76FF-88F2-AC00-06C0-E1F04AB6FC2F
2305	743EC96B-EB42-11ED-8F9E-845CF3CAF2FA
2306	1E7484C7-2AEB-11EE-8FA9-845CF3CAF2FA
2307	taillight_left_dead
2308	45173FD2-6E3C-11EE-9592-68545AD2D871
2309	BA5383CF-B74A-C090-1D55-31DF9AA11A5D
2310	1375 -2164.3 348.001
2311	8953FA1C-EAAC-82F1-249F-DDD4A172047C
2312	1017.5 -282 288
2313	31022E76-6E3C-11EE-9592-68545AD2D871
2314	80795FA7-474E-11EE-8FAC-845CF3CAF2FA
2315	scn_infil_van_npc4
2316	439C6179-03F4-EDD0-F37C-817FD4FA4F27
2317	-1460 1869.5 301.271
2318	-1772.62 2176.46 265.542
2319	A2FF35E9-15E4-11EE-8A66-D4548B693989
2320	c1
2321	2028.84 -1329.91 356
2322	1AE8EC74-F2C7-E83B-1708-C426DFC95BA3
2323	exhaust
2324	135AFAD2-4735-11EE-8FAC-845CF3CAF2FA
2325	4AB77934-32B8-11EE-8FAA-845CF3CAF2FA
2326	building_support_wood_beam_05_re_size_small_zd30_anim
2327	C39AE5D5-6E42-11EE-9592-68545AD2D871
2328	ik_in_end_left_hand
2329	5DE85996-DD83-448F-A2A6-69303F043A3F
2330	80795F92-474E-11EE-8FAC-845CF3CAF2FA
2331	3942D34D-32B8-11EE-8FAA-845CF3CAF2FA
2332	uk_debris_wheel_hubcap_03
2333	pff44e2ec10e2123bb_auto2108
2334	infil_van_fort_iw9_1
2335	mirror_right
2336	0 279.2 0
2337	328.053 -2440.94 385.948
2338	C4EFDC6C-C1B6-11ED-9DCE-845CF3D164D2
2339	F8646BE5-EB2B-11ED-8F9E-845CF3CAF2FA
2340	window_back_right_2
2341	9D60825B-15E7-11EE-8A66-D4548B693989
2342	decor_supermart_cardboard_box_close_02
2343	pf5097c6b0d990c459_auto5812942392580269688
2344	E52E058C-5307-E256-A5AD-0C4C67F86A25
2345	194127D6-6E47-11EE-9592-68545AD2D871
2346	8646CE1E-5426-571C-52DE-C3E9883205EF
2347	868DD786-EB41-11ED-8F9E-845CF3CAF2FA
2348	2.29757 51.8288 0.898968
2349	E4525A49-8F05-B0D0-AB85-36717FF0261C
2350	4AB77943-32B8-11EE-8FAA-845CF3CAF2FA
2351	AF4C329B-6E3D-11EE-9592-68545AD2D871
2352	-1424.85 1291.45 293.827
2353	4F4B7F16-15E5-11EE-8A66-D4548B693989
2354	scriptable_door_wooden_panel_mp_01_green
2355	452 -1026 455.162
2356	FF42EEE4-C5FA-86E2-DC28-CE7D11500A01
2357	4BEFECCF-29AE-00E6-CFA1-382F9AF1C30A
2358	A174E421-AEFD-97D9-363D-85FCC53C4695
2359	44342CED-97E8-40EA-97E5-9EFE46498435
2360	DB47469A-785C-11EE-95A7-68545A904D17
2361	-1751 2295.6 289.8
2362	9EC438E5-B314-8972-139B-D91CB7ABAF6C
2363	braking
2364	118 1488 399.309
2365	69AE0B90-6E47-11EE-9592-68545AD2D871
2366	F12FFE06-2F5E-C4EE-CF00-022241F60D52
2367	CDD83327-55E3-271C-F9BF-D13756F1C63A
2368	pf46816dfef99a9e4b_auto2108
2369	30358CBB-C061-C1DB-5F1A-9918A1490EA9
2370	527.757 -2394.6 383.684
2371	ik_out_end_right_hand
2372	kitchen_01_teapot_01
2373	6B504D26-2F40-C85A-3FA8-EB96380E7876
2374	F691CCC3-C31D-DCA2-90FD-4E87DB473736
2375	scriptable_food_cans_bottles_and_jars_can_03
2376	E5522EE4-2AEA-11EE-8FA9-845CF3CAF2FA
2377	-1538 2268.6 309.741
2378	29668BA7-6E3C-11EE-9592-68545AD2D871
2379	707.5 1656 397.206
2380	75202F10-EB41-11ED-8F9E-845CF3CAF2FA
2381	896.84 -885.91 308
2382	AC4AB3AD-6E42-11EE-9592-68545AD2D871
2383	pf7b5d572428043a59_auto2108
2384	3091A72C-EB3B-11ED-8F9E-845CF3CAF2FA
2385	default
2386	end
2387	020A9B80-B1B4-2061-51BD-1D6A337BD2E5
2388	38833E6C-785D-11EE-95A7-68545A904D17
2389	window_back_left_2
2390	-1497 2293.6 306.617
2391	scriptable_decor_boxes_03
2392	407.5 -2548 396.375
2393	DC3E6C1C-15E4-11EE-8A66-D4548B693989
2394	2274479E-EB41-11ED-8F9E-845CF3CAF2FA
2395	A7C959E1-935D-8315-D6D5-0A7E1342BC55
2396	1108.53 -1757.75 347.914
2397	9CCBF5DE-AF2A-DE70-573D-98B32AAEA3CE
2398	F171C6AB-8684-4C4B-F5AF-40C81E58EE69
2399	explode_left_90
2400	EC3DC7B3-C1B9-11ED-9DCE-845CF3D164D2
2401	A90FC64E-785A-11EE-95A7-68545A904D17
2402	pf42623a4196010885_auto715
2403	914.747 -1524.77 367.398
2404	62543D19-89F8-50E9-CD51-CB251F6C1ABF
2405	205.421 1957.83 391.506
2406	me_garbage_box_cardboard_01
2407	scriptable_food_trash_bottle_juice_01
2408	-28.3856 -2421.91 405.061
2409	pf7b4e6d58ae27733c_auto2108
2410	5059D5CA-2AEC-11EE-8FA9-845CF3CAF2FA
2411	ws_raise
2412	fingers_in_end_right_hand
2413	df_blima_interior
2414	A632A308-6E42-11EE-9592-68545AD2D871
2415	pf50e381c722a79120_auto715
2416	0 108.297 0
2417	459.141 -2410.67 382.094
2418	AC4AB3E9-6E42-11EE-9592-68545AD2D871
2419	1300 -2251 383.091
2420	4AB77922-32B8-11EE-8FAA-845CF3CAF2FA
2421	-671.5 -1931 462.082
2422	no_process
2423	2C3F0125-FE8D-1A27-897C-61AC4A6F6101
2424	A632A344-6E42-11EE-9592-68545AD2D871
2425	290AED78-C1BA-11ED-9DCE-845CF3D164D2
2426	10B29BD5-9DDD-AC0F-E492-FE8C9E21D8DB
2427	1339D660-16A0-11EE-8A67-D4548B693989
2428	0 172.696 0
2429	0D2C445F-4735-11EE-8FAC-845CF3CAF2FA
2430	940.886 1627.17 393.964
2431	windshield_back
2432	C4EFDC6F-C1B6-11ED-9DCE-845CF3D164D2
2433	DCABA886-EB2B-11ED-8F9E-845CF3CAF2FA
2434	920.719 -1533.61 388.835
2435	0 154.999 0
2436	8A2A9849-3366-FCD2-B072-F9172F0D1076
2437	54258532-EB27-11ED-8F9E-845CF3CAF2FA
2438	df_stop
2439	scriptable_tool_pipe_wrench_01
2440	6516EB19-9B2D-F840-6324-5E2632061EA0
2441	0 42.0988 0
2442	scriptable_accessory_table_vintage_ashtray
2443	pff2c2a1bffc1ebf7c_auto715
2444	A0FE4FC1-6E4C-BD52-BF54-2F28B6D4A7FA
2445	pfd4804305cff1c4cd_auto2108
2446	571.334 -2447.76 384.631
2447	A632A31C-6E42-11EE-9592-68545AD2D871
2448	-1430 -888 359.987
2449	A70112F3-6E43-11EE-9592-68545AD2D871
2450	544.09 -666.84 304
2451	0D2C447A-4735-11EE-8FAC-845CF3CAF2FA
2452	6FD54724-15E3-11EE-8A66-D4548B693989
2453	B290F132-6E42-11EE-9592-68545AD2D871
2454	B604B0EF-2E17-1DF1-5473-8A2BC6BEEFF9
2455	pf819dd6b38e3fe35a_auto2108
2456	-1579.78 196.057 227.5
2457	-2242.93 -2061.13 344
2458	0 148.7 0
2459	07041DC1-D1FE-78A4-0C8F-DFEEA42F8F1C
2460	0 135.098 0
2461	scriptable_food_cans_bottles_and_jars_can_05_group
2462	0 301.2 0
2463	-703 -2196 497.237
2464	wheel_center_back_right
2465	81F3A03B-1943-EC07-C33A-46C564B1F9BB
2466	72F48580-C03F-4654-64F5-9BAACF64C461
2467	0 123.097 0
2468	3172113A-32B8-11EE-8FAA-845CF3CAF2FA
2469	pf71ce357bad49ddd2_auto2108
2470	pfaeaacedd73cb1935_auto2108
2471	1868 -832.9 310
2472	10A874C2-47E2-11EE-8FAC-845CF3CAF2FA
2473	1182 -2251 360.35
2474	0 165.097 0
2475	C9AFC1B2-6E42-11EE-9592-68545AD2D871
2476	27906DE5-9E16-533F-C52C-2253EA389052
2477	1095 -2292.3 366.049
2478	AE2CD5F5-D0CB-AE37-7B3F-F0C694405771
2479	DF7DC31D-2756-13E0-90E7-DB9587F8AC70
2480	89050198-0672-3CB4-B840-A9BB73D60B2C
2481	70A5438E-D135-03F3-CD5B-6E8910B1D5C6
2482	30A5BBAA-E18A-839D-4EC9-4056ACBDD5FE
2483	4AB77916-32B8-11EE-8FAA-845CF3CAF2FA
2484	938491D8-FFD6-21FC-172E-3DD57B9B195B
2485	3DF86CF7-785C-11EE-95A7-68545A904D17
2486	pf6ca32811b0925b7e_auto2108
2487	pf375dbab4f856bab9_auto2108
2488	5EF6DA1C-D416-CE05-46CE-F1E9A2E36B2E
2489	0 104.595 0
2490	9D2CC9F7-61B6-68FA-1DD8-38321D16D299
2491	jup_infil_shared_movement_pre
2492	56DD180D-4DBD-D343-0635-C6117B59554B
2493	0 262 0
2494	0 162.195 0
2495	4AB7793D-32B8-11EE-8FAA-845CF3CAF2FA
2496	7D7E270D-1A00-3774-C6C9-C2373CCDD87E
2497	6F8597CD-4732-11EE-8FAC-845CF3CAF2FA
2498	-1808 2220 303.431
2499	pf6ba62261f98d0c25_auto715
2500	C9AFC1C1-6E42-11EE-9592-68545AD2D871
2501	CA48FB69-C65A-91BC-C008-36AFAB720D4B
2502	jump_down_40
2503	jump_down_80
2504	0 91.7003 0
2505	scriptable_kitchen_01_teapot_01
2506	2B790E0E-15E5-11EE-8A66-D4548B693989
2507	7C4BEC6F-BFD4-7E1C-2F19-412A0DEE02C9
2508	4777073D-6B81-543D-2A45-98E650889F3A
2509	2D7B95EB-F78D-3C5F-F13F-19CBC7043950
2510	BFAB8AAB-EC84-056E-4460-1F19C85064FD
2511	0 215.198 0
2512	scriptable_uk_debris_wheel_hubcap_03
2513	pf5097c6b0d990c459_auto1
2514	63AC08D8-C1BA-11ED-9DCE-845CF3D164D2
2515	0D2C448F-4735-11EE-8FAC-845CF3CAF2FA
2516	playerasm_patch_mp_infil_van
2517	-1463.5 2362 336.52
2518	1430 -2175.5 379.262
2519	scriptable_decor_candle_wax_01_no_dish_short_01
2520	B2690B76-351E-76DD-627E-F4E4EAE37E37
2521	headlights_dead
2522	-1388 -1430 332
2523	3942D335-32B8-11EE-8FAA-845CF3CAF2FA
2524	E5522EDE-2AEA-11EE-8FA9-845CF3CAF2FA
2525	11564359-3737-1356-1F42-C66829D48853
2526	7A888AAB-A210-F4D8-12D2-42A36BA91CA0
2527	4A62375E-2EB4-1BC2-B82E-645781DB69E0
2528	1428.5 -2189 380.479
2529	126CE547-15E6-11EE-8A66-D4548B693989
2530	-220.5 -2115 415
2531	91C0DA0E-CBDB-387E-C913-F26A36A82E2A
2532	E88AAD60-B18E-5679-09B0-9001D381282E
2533	pfc7a40603e3a355c6_auto2108
2534	pf9ccc893ab9d3bf5c_auto2108
2535	pfaf542a000f1f08c8_auto2108
2536	7EE8E53B-38B1-4AFA-9975-2A86DEAC70DE
2537	241B114F-D860-11ED-8F9A-845CF3CAF2FA
2538	BC57C53F-EB42-11ED-8F9E-845CF3CAF2FA
2539	B80EC3AB-E41A-EAA0-0B09-3AC83B9D1164
2540	0C4B9316-0C4A-1112-358A-353C9ACF9CE6
2541	0E48E97D-FE89-CBFC-CD28-76D4A4536698
2542	4B81B925-64ED-F3AC-162A-03B848B464A9
2543	scriptable_food_trash_bottle_soda_01
2544	shake_off
2545	81BE393B-0943-C975-0596-E00AC8913D25
2546	explode_right_90
2547	D8CC15AC-6E3F-11EE-9592-68545AD2D871
2548	CB921601-DD39-D884-2171-6748EF55CEFE
2549	-1246.97 1783.97 341.432
2550	E5473C12-9FAC-AEC2-A385-AB939442FB96
2551	0F2AC80E-9BA4-B49F-D77D-3CE62B25B837
2552	scriptable_milk_crate_iw6
2553	light_smoke
2554	3A9A2030-B9E0-3024-F371-386BC4742A18
2555	pf888e01a2eff7bef3_auto2108
2556	4A2A5BD2-7859-11EE-95A7-68545A904D17
2557	C46EC75F-7214-B332-1236-66E5214A625D
2558	0 139.999 0
2559	0 287.595 0
2560	098A4A9F-E24F-10C7-15A5-4BDE444DD920
2561	decor_lantern_ornate_01_silver
2562	-2075.86 -2266.36 320
2563	-1592.9 2373.5 303.575
2564	639F9567-2AEC-11EE-8FA9-845CF3CAF2FA
2565	pf2fd41084ae26617e_auto4
2566	EAE11630-785B-11EE-95A7-68545A904D17
2567	-1717 2369.6 297.287
2568	pf656ff4a8940fa9a1_auto2108
2569	55AFAEEF-C7A5-7BB7-396C-C5224DA8D0CE
2570	D8EEB9AA-186C-0011-C74D-BE024433439D
2571	1421.62 879.373 329.526
2572	23998F85-15E5-11EE-8A66-D4548B693989
2573	26A8AD21-2AEC-11EE-8FA9-845CF3CAF2FA
2574	0 302.999 0
2575	DDC9311F-355A-7837-7E7A-7D1F8EC76474
2576	0D2C4468-4735-11EE-8FAC-845CF3CAF2FA
2577	9ED7C36F-6E3C-11EE-9592-68545AD2D871
2578	pfc7755188fb530869_auto2108
2579	BDBB0842-D30C-5D68-D872-2D671231AC75
2580	3DFEE34C-C7C2-D08F-8BD4-59C91EF555CF
2581	A632A321-6E42-11EE-9592-68545AD2D871
2582	99187325-B4AF-395F-B908-1FD473F41533
2583	239CE8D9-785C-11EE-95A7-68545A904D17
2584	89EC8E81-976B-92E6-572E-A70539C9691C
2585	841F6DD3-C1B8-11ED-9DCE-845CF3D164D2
2586	ACA6A712-EB40-11ED-8F9E-845CF3CAF2FA
2587	73904E46-B42A-5200-53F4-F9D392527A0B
2588	-1791 2369.6 296.332
2589	EC3DC7BF-C1B9-11ED-9DCE-845CF3D164D2
2590	4FAC016A-2AEB-11EE-8FA9-845CF3CAF2FA
2591	C0DB67B6-35CA-72E0-3F44-D7703A6709E4
2592	EF12DA06-EB30-11ED-8F9E-845CF3CAF2FA
2593	0 152.4 0
2594	scriptable_scriptable_door_industrial_metal_mp_01
2595	-1493 2289.6 307.537
2596	pf350398a2018be78a_auto2108
2597	tool_broom_wood_01
2598	mp_control_spawn_defender_start
2599	93216091-EA7A-11ED-8F9E-845CF3CAF2FA
2600	pfa622f21c85fb4bf5_auto2108
2601	toy_alphabet_block_group_01
2602	pf5097c6b0d990c459_auto6884141885332782746
2603	1502.99 -2085.09 362.006
2604	290AED75-C1BA-11ED-9DCE-845CF3D164D2
2605	2E7973AB-15E7-11EE-8A66-D4548B693989
2606	pf50e381c722a79120_auto716
2607	A632A349-6E42-11EE-9592-68545AD2D871
2608	0 308.498 0
2609	31721146-32B8-11EE-8FAA-845CF3CAF2FA
2610	370.629 -2494.1 386.003
2611	C09A62C8-7807-1C40-FC49-2B75679E299E
2612	scriptable_decor_lantern_ornate_01_silver
2613	FF0D2B7D-169F-11EE-8A67-D4548B693989
2614	mp_rugby_spawn_axis_start
2615	mp_koth_spawn_allies_start
2616	0 210.595 0
2617	3D4D08AE-16A0-11EE-8A67-D4548B693989
2618	D00C63C0-EB41-11ED-8F9E-845CF3CAF2FA
2619	0 246 0
2620	FC4E1DC1-1BB8-FFF5-FF60-ABD78742F88D
2621	203.704 1961.24 390.829
2622	-1565 2297.7 304.208
2623	0F586750-076E-B540-A402-9D98C5BBAE3F
2624	frozen
2625	pff2c2a1bffc1ebf7c_auto716
2626	-1601.9 2268.5 303.029
2627	0 220 0
2628	0 69.0931 0
2629	pf5097c6b0d990c459_auto3260
2630	-426 1902.5 399.382
2631	1E7484CD-2AEB-11EE-8FA9-845CF3CAF2FA
