   1	1026 -385 212
   2	CDA76542-10AD-2156-F3D5-46EFE0A22411
   3	vfx/jup/level/mp_jup_emergency/vfx_emergency_blowing_snow_ground
   4	0 99.9998 0
   5	1911062C-3ED9-11EE-8E30-6C6A77E3CEAB
   6	B79A5C46-AD86-30A8-CEB6-50F6D9405BBB
   7	hardpoint_chevron_secure
   8	B842A380-1C2F-11EE-9913-6C6A77E3CEAB
   9	EB163E3C-B497-11EE-8E47-6C6A77E3CEA8
  10	B9D7B8D3-7380-11EE-8E40-6C6A77E3CEAB
  11	0 4.0148 0
  12	0 163.098 0
  13	door_lab_metal_glass_mp
  14	3CD58046-CB8D-11EE-8E4E-6C6A77E3CEAB
  15	-1442 -428 215
  16	0 46.3 0
  17	1E9B74E8-592D-F90B-ACD2-CDC7EF688CD6
  18	935670CA-AFD5-0FCD-043A-9A45DDC1BE2D
  19	26371D72-F841-11EE-8E55-6C6A77E3CEAB
  20	3CF513F4-9EA0-A3B6-F03B-4BE4721B3648
  21	1048 -400 216
  22	37C5E11A-3AC4-11EE-8E2F-6C6A77E3CEAB
  23	6FDD5DA1-3EDA-11EE-8E30-6C6A77E3CEAB
  24	full
  25	0 120 0
  26	scriptable_ee_book_office_folder_04
  27	336A2E37-5A76-EA4E-D618-7270BA548D6B
  28	D950CB3C-F551-CF43-CFD2-501DD337C9DA
  29	0 285 0
  30	D1190367-F840-11EE-8E55-6C6A77E3CEAB
  31	-1435.5 -203.5 211.5
  32	EC971F20-2EA3-11EE-8E2E-6C6A77E3CEAB
  33	724CE490-82FD-3FF1-9EA4-48CDE9700422
  34	1F9E8285-F841-11EE-8E55-6C6A77E3CEAB
  35	15D5A0F9-F840-11EE-8E55-6C6A77E3CEAB
  36	-1356.46 -134 213
  37	024DFCB4-CB8D-11EE-8E4E-6C6A77E3CEAB
  38	tag_origin
  39	-1314 -1151 196
  40	invisible
  41	vfx_emergency_molotov_main_burn
  42	1048 -136 216
  43	1032.5 -408 211.5
  44	8A0F2731-2D1E-11EF-95CE-68545A904D17
  45	809.5 -850 211.5
  46	918D1C22-F83F-11EE-8E55-6C6A77E3CEAB
  47	9797695F-24D4-C4BA-998F-FE7CC4054EF7
  48	07081D15-BA1C-11EE-8E48-6C6A77E3CEAB
  49	scriptable_hardpoint_chevron_secure
  50	electrical_emergency_blink_lab
  51	vfx/jup/level/mp_jup_emergency/vfx_emergency_oil_decal
  52	CE9C74C6-CB8C-11EE-8E4E-6C6A77E3CEAB
  53	0 89.9997 0
  54	640 -117 211.5
  55	F3EC0888-E671-B4F9-0352-DCE667760255
  56	1055.8 -356.75 216
  57	3EC993EC-3AC4-11EE-8E2F-6C6A77E3CEAB
  58	E14FBA6F-BA1B-11EE-8E48-6C6A77E3CEAB
  59	27708935-992E-AE14-D11D-21D532EC16C9
  60	EC27B5A3-78AA-3CC0-6A4E-F24277DB979D
  61	449C2704-310D-9D0A-A802-AB9CB791179F
  62	mp_dd_spawn_attacker_start
  63	C91D418E-188E-3C23-39D8-6A1226BA9CF0
  64	06EDE59C-F840-11EE-8E55-6C6A77E3CEAB
  65	pf92e6655b57100722_auto2108
  66	636011AA-DBCF-BE8F-2D27-17B637D59EF2
  67	E1E9C427-E247-3192-2341-E609F6F50C33
  68	vfx/jup/level/mp_jup_emergency/vfx_emergency_vista_smoke_plume_02
  69	956 688 216
  70	uk_fire_extinguisher_small_01
  71	mp_dd_spawn_defender_b
  72	B8427C7F-1C2F-11EE-A34A-6C6A77E3CEAB
  73	vfx/jup/level/mp_jup_emergency/vfx_emergency_trash_swirl_dir
  74	mp_control_spawn_attacker
  75	trash_bin_metal_02
  76	un_office_binder_01
  77	3771D16F-B498-11EE-8E47-6C6A77E3CEA8
  78	FA3FA577-2104-11EE-8E2B-6C6A77E3CEAB
  79	scriptable_ee_electronics_television_wall_mounted_medium
  80	0 248.9 0
  81	0 90 0
  82	1048 -408 216
  83	-978.5 146.5 216
  84	vfx_emergency_vista_fog_01
  85	vfx_emergency_vista_smoke_plume_02
  86	scriptable_equipment_box_fan_sml
  87	-1439.5 -967.5 204
  88	962 -161 212
  89	mp_dd_spawn_attacker_b
  90	39360132-DDAF-2103-B5EE-C36532AE8EAF
  91	2C817E7F-BF3F-7D50-6BEA-3CEF1CDA0E44
  92	-1431.5 -280 212
  93	0 354.098 0
  94	0 45 0
  95	8EB9553F-93E5-37BD-F1FF-420E1E816D03
  96	A25A2AC7-3AC0-11EE-8E2F-6C6A77E3CEAB
  97	vfx/jup/level/mp_jup_das_haus/vfx_emergency_vista_godrays
  98	6619EAF1-21AF-11EE-8E2B-6C6A77E3CEAB
  99	mp_dom_spawn_secondary
 100	28E91F2F-B08A-0AB0-327F-2150E5C1DECD
 101	AD41001B-3ACA-11EE-8E2F-6C6A77E3CEAB
 102	A1B3ECFE-F83F-11EE-8E55-6C6A77E3CEAB
 103	818 145.5 211.5
 104	EB5FB3DE-1661-345E-62EA-418B8D259843
 105	0 94.9999 0
 106	pf3f4a413b6f0fb67_auto2108
 107	DF9EC77E-3ACA-11EE-8E2F-6C6A77E3CEAB
 108	720 -816 216
 109	-1286 -442 216
 110	-1343 -362 215
 111	uk_bottle_oil_med_03_blue
 112	78B047D3-A23E-1715-38CC-8D7F3609F642
 113	1048.47 -356.994 216
 114	-1436.46 -134 213
 115	0 180.814 0
 116	-401.703 -564.54 207
 117	9141D94B-C329-557B-AE84-6F75DF7630E9
 118	tag_off
 119	944 680 216
 120	F783984F-7381-11EE-8E40-6C6A77E3CEAB
 121	medical_centrifuge_01
 122	-1371 -196.5 216
 123	un_office_computer_monitor_02
 124	23DCEFA4-2107-11EE-8E2B-6C6A77E3CEAB
 125	E0F6D5E1-3ED7-11EE-8E30-6C6A77E3CEAB
 126	scriptable_office_military_paper_stack_01_dyn
 127	EB1BCC8C-BD0E-AA3A-A023-827244F1F2F8
 128	-1399 -1057 201
 129	closed
 130	6F7F86F3-CB8D-11EE-8E4E-6C6A77E3CEAB
 131	09765264-2A82-EDEB-2D21-7E4D55E137C2
 132	1026 -193 212
 133	DD026DE4-2104-11EE-8E2B-6C6A77E3CEAB
 134	E083C989-5CE9-7C64-35F8-8EDF4CE00FC1
 135	124 589.5 257
 136	A871444C-0A81-941A-0DCE-0D10DAB5FBBF
 137	vfx_emergency_dripping_water_droplets
 138	vfx/jup/level/mp_jup_emergency/vfx_emergency_chimney_smoke_windy_1
 139	vfx_emergency_vista_smoke_plume
 140	502E42D8-EAAB-967B-E30C-02AFB9983AAB
 141	-1424 -392 216
 142	scriptable_ee_book_office_folder_03
 143	-1295.5 -365 217
 144	mp_dm_spawn_start
 145	pf9dd714c12b4fc49b_auto14213923939675898260
 146	0 4.99983 0
 147	5D70D9F0-02B9-24B2-1860-B3545BFBAAB4
 148	4F21C01D-3AC2-11EE-8E2F-6C6A77E3CEAB
 149	-1440 -300.5 216
 150	mp_dom_spawn_allies_start
 151	mp_arena_spawn_axis_start
 152	bink4
 153	5DD72E81-F840-11EE-8E55-6C6A77E3CEAB
 154	idle
 155	3A2895F0-BD3E-6854-BB8C-DABD39324B6D
 156	DDB3AF00-CEF5-AADE-3262-7C204088440A
 157	paper_shredder_01
 158	mp_warrior_spawn_allies_start
 159	0 146.799 0
 160	-1432 -342 212
 161	-1361 -141 216
 162	712.5 -122 211.5
 163	4366198A-A2EB-F9EC-0E84-5DF0A3B4840E
 164	4E50BA6C-C6CC-5819-6846-DF9BBD97F03F
 165	258BABA0-D0F7-6540-A8C6-2710DB0AA234
 166	56196E8D-37F5-11EE-8E2F-6C6A77E3CEAB
 167	5F4C93A9-5B2A-3545-D431-587704E9BFC8
 168	487F10E7-3AC2-11EE-8E2F-6C6A77E3CEAB
 169	pf4476a3223de3e613_auto9071342369848443542
 170	5BB588B6-66CA-11EE-8E3D-6C6A77E3CEAB
 171	-128 -1357 196
 172	88E6885C-F501-9B17-EB77-FA86B49D6882
 173	vfx_emergency_trash_swirl_dir
 174	vfx_emergency_fire_smoke_01
 175	63562866-D05F-D076-5B7A-B9C965EF5B26
 176	7A406791-3E2A-E199-15B3-6BF5BCD06D68
 177	1ECC3C48-B529-FC41-FCA9-86CB00DF9F40
 178	pf9dd714c12b4fc49b_auto11074440202425787248
 179	vfx/jup/level/mp_jup_emergency/vfx_emergency_blood_smears_01
 180	-998 -562 202
 181	723 363 211.5
 182	5
 183	-968 248 216
 184	0 253.098 0
 185	EC712E3D-4EC2-6224-7DB7-2FB0C6F860FF
 186	79FE25B5-F840-11EE-8E55-6C6A77E3CEAB
 187	0 330.3 0
 188	-1377 -321 214
 189	-1446 -1175 200
 190	FD7B2F79-3ACA-11EE-8E2F-6C6A77E3CEAB
 191	-1424 -360 216
 192	E00790D6-B95B-11EE-8E48-6C6A77E3CEAB
 193	-1440 -244.5 216
 194	1053 77 208
 195	vfx/jup/level/mp_jup_emergency/vfx_emergency_ground_fire_smoke_01
 196	79005E9A-6E52-C8D9-CF54-B9B6DF0EE13D
 197	651 -822 213
 198	bathroom_toilet_01_closed
 199	FE1EFE90-C16C-E023-95BE-BC3F3BC2FB3A
 200	DCDB0EAC-832B-6461-0153-8D50A1B5C3FD
 201	D9DE1EF3-3ED7-11EE-8E30-6C6A77E3CEAB
 202	BF95BDD1-B95B-11EE-8E48-6C6A77E3CEAB
 203	gunfight_only_spawn
 204	yellow::uk_gas_tank_thin_cylinder_static
 205	pf9dd714c12b4fc49b_auto11540006011791638906
 206	scriptable_uk_bottle_oil_med_01
 207	-78 -1357 196
 208	electrical_blink
 209	F690B770-0EC6-A2A3-2BB3-CAC2E84C4B70
 210	0 358.999 0
 211	1064 72 216
 212	29 589.5 232
 213	E5ACA880-00CF-EDC7-1A5E-CAFC566B883A
 214	pf546770dc4130a73d_auto4
 215	B8427C6F-1C2F-11EE-841C-6C6A77E3CEAB
 216	76D9970C-F83F-11EE-8E55-6C6A77E3CEAB
 217	pf9577ccf7fcc19c1f_auto2108
 218	2CD633DD-2106-11EE-8E2B-6C6A77E3CEAB
 219	1BBC6B39-1687-C2F9-D9A3-C4C37906F1F9
 220	1C9C5001-B479-2E07-F049-459ADBBE7DE1
 221	61585ECB-BB17-3025-870C-18EB77FEE171
 222	0 356.941 0
 223	89E5D4AE-B497-11EE-8E47-6C6A77E3CEA8
 224	-1371 -244.5 216
 225	F6BFCC4D-59AF-132A-669B-4C372A20A2B0
 226	D20CBAEA-7380-11EE-8E40-6C6A77E3CEAB
 227	9BCAEE01-B498-11EE-8E47-6C6A77E3CEA8
 228	29E77199-6161-11CA-B3A0-692F1158538E
 229	949 695 213
 230	67ECD499-B499-11EE-8E47-6C6A77E3CEA8
 231	tag_bink1
 232	87B67A8C-64BB-5820-B338-DB0123B12FC1
 233	-1359.5 -397 217
 234	76CEC081-54B4-1CEA-76E0-A6267C7BFBA5
 235	61E9CC80-66CA-11EE-8E3D-6C6A77E3CEAB
 236	ee_book_office_folder_03
 237	pfa9320fa7b09a675d_auto2108
 238	-90 -1376 200
 239	electrical_emergency_blink_kitchen
 240	-1377 -426.5 214
 241	secure_loc_e
 242	secure_loc_w
 243	312579C1-2EA4-11EE-8E2E-6C6A77E3CEAB
 244	-1421 -276 216
 245	0 208.499 0
 246	onoff
 247	707.5 -883 211.5
 248	78119B54-4F9B-BE00-131F-E65519E23DE8
 249	pf53490b88e604f0bd_5
 250	1031 -111 211.5
 251	9C9DB1F8-2EA3-11EE-8E2E-6C6A77E3CEAB
 252	CC3F94C1-CB8D-11EE-8E4E-6C6A77E3CEAB
 253	pf4476a3223de3e613_auto15140484237014968947
 254	1088 -168 216
 255	vfx/jup/level/mp_jup_emergency/vfx_emergency_dripping_water_droplets
 256	B8427C7D-1C2F-11EE-A46A-6C6A77E3CEAB
 257	66C2A3E8-92EC-9721-98F9-E5F8F2253E94
 258	C3E8E531-879A-3870-9CC3-985BDC0BB3A5
 259	172CC255-BB85-64E4-A10E-13D424257304
 260	93CA52D9-9D5F-C9A4-416B-EFB4D3E21F0D
 261	1056 -430 213
 262	-749.5 133 215.5
 263	-960 78 215.5
 264	FCDA21B3-29F6-11EF-95CE-68545A904D17
 265	accessory_icicle_level_64_destr_chunk_02
 266	pf7ce99aa4cd50e63f_auto2108
 267	vfx/jup/level/mp_jup_emergency/vfx_emergency_ground_debris_01
 268	0 345 0
 269	0 328.098 0
 270	mp_control_spawn_attacker_secondary
 271	CE1BB97B-BA1A-11EE-8E48-6C6A77E3CEAB
 272	-963 61 215
 273	00E57B9C-9060-7C63-4F89-E329FC3A50F1
 274	B842A378-1C2F-11EE-9E9E-6C6A77E3CEAB
 275	-758 -346 216
 276	E0F6D5C5-3ED7-11EE-8E30-6C6A77E3CEAB
 277	-1443 -376.5 214
 278	CE1BB969-BA1A-11EE-8E48-6C6A77E3CEAB
 279	680 -840 216
 280	5BB588B9-66CA-11EE-8E3D-6C6A77E3CEAB
 281	57C97326-3603-08C4-1F73-5238B3615483
 282	vfx_emergency_lensflare_headlight_warm
 283	0 141.6 0
 284	pf9dd714c12b4fc49b_auto9618799743466434498
 285	-992 592 216
 286	-953 154 215
 287	80D2D082-4DB4-9562-B26B-9B168FC005E5
 288	7D1E7B8D-9AC9-EFC0-98CC-34E3F007CB7A
 289	07081D12-BA1C-11EE-8E48-6C6A77E3CEAB
 290	5DD72E67-F840-11EE-8E55-6C6A77E3CEAB
 291	D4BAE8BD-C452-CFF9-E81B-02887B56708C
 292	0 133.098 0
 293	22DC7D2C-B499-11EE-8E47-6C6A77E3CEA8
 294	1014.74 -263.28 216
 295	0 257.422 0
 296	732A23D1-E4C6-E3E2-65B6-3B6F9DEE3077
 297	2D43FA5A-3AC1-11EE-8E2F-6C6A77E3CEAB
 298	707D4FB3-195B-DB03-1AD5-CFE3104F1665
 299	2A5AB81A-B499-11EE-8E47-6C6A77E3CEA8
 300	840B4A64-F83F-11EE-8E55-6C6A77E3CEAB
 301	75235F8A-3AD9-11EE-8E2F-6C6A77E3CEAB
 302	E049C702-F840-11EE-8E55-6C6A77E3CEAB
 303	-979.5 142.5 209
 304	F0F52DD8-7381-11EE-8E40-6C6A77E3CEAB
 305	778 561 219
 306	7998599F-2C44-1C44-06B7-CF1C6E094BFE
 307	3328F80E-F841-11EE-8E55-6C6A77E3CEAB
 308	F14298CD-5B89-3EE2-0107-E2B33498951E
 309	vfx/jup/level/mp_jup_emergency/vfx_emergency_vista_godrays
 310	vfx/jup/level/mp_jup_emergency/vfx_emergency_blood_handprint
 311	-1472 -1328 200
 312	mp_robj_spawn_axis_start
 313	mp_dd_spawn_defender
 314	pf93e1048b22c7eae_auto2108
 315	97D65E62-D2CE-E787-F1C9-31ABF7EE0181
 316	FB6E9C9C-CB8C-11EE-8E4E-6C6A77E3CEAB
 317	
 318	8A2C6DDD-F83F-11EE-8E55-6C6A77E3CEAB
 319	748F8E9F-9294-136B-EEBC-A14E83D2323C
 320	C35162BE-FEE1-924C-FA5F-BEB0F9D1E2D9
 321	0 327.997 0
 322	0E07DBD8-F83F-11EE-8E55-6C6A77E3CEAB
 323	-1116.5 -709.5 200
 324	-1447 -442 214
 325	0 88.098 0
 326	1087 140 213
 327	891 -872 216
 328	677 577 219
 329	tag_bink4
 330	mp_dm_spawn
 331	49F5EF4B-FC07-B641-14F2-8C6B5F8CEE6A
 332	5DD72E8D-F840-11EE-8E55-6C6A77E3CEAB
 333	0 350.3 0
 334	0FC71DA9-E6D3-03B8-E698-73C7E90D962F
 335	857 -463 216
 336	-1336 -384 216
 337	cp_rave_magazine_single_02
 338	5F5D4C1F-3AD9-11EE-8E2F-6C6A77E3CEAB
 339	1044 168 216
 340	31C4AA55-527D-30D0-7872-93A4BDA18820
 341	F861674B-B9BA-6B23-F94E-2F285C6594B4
 342	C8693D4F-2EA3-11EE-8E2E-6C6A77E3CEAB
 343	vfx_emergency_blood_smears_03
 344	07BB1671-B499-11EE-8E47-6C6A77E3CEA8
 345	1092.5 -351.5 211.5
 346	-688 112 213
 347	1088 -128 208
 348	E6842250-6F23-70A5-CF18-1924FE5CD13B
 349	DF2CCA62-8AB0-0E84-9016-0C5C8E65D5C1
 350	7DD10ECF-0C93-DDA8-DDC2-76C23B33D975
 351	31B3257C-6334-6120-CE4D-750C5115D8F3
 352	29E47BB2-DE93-131D-6A95-6948898F0CA1
 353	1098 96.5 211.5
 354	D8441540-F83F-11EE-8E55-6C6A77E3CEAB
 355	jup_electronics_card_reader_01
 356	A81D948F-F83F-11EE-8E55-6C6A77E3CEAB
 357	360729B0-D291-09B2-1022-56C1345AC28F
 358	CF5458C4-B0D3-6395-1CF3-070410F33E17
 359	69.0814 99.9815 216
 360	vfx/jup/level/mp_jup_emergency/vfx_emergency_win_snow_blowing_xl_02
 361	972.5 -304 216
 362	right_50
 363	right_90
 364	2
 365	-988 552 215
 366	-1359.54 -134 214
 367	DD026DF1-2104-11EE-8E2B-6C6A77E3CEAB
 368	electronics_computer_pc_tower_02
 369	3CD58038-CB8D-11EE-8E4E-6C6A77E3CEAB
 370	3EDF91B5-7C05-4CE5-355D-27FC10082ED6
 371	tag_geo_frag_a_002
 372	353C4DC9-F840-11EE-8E55-6C6A77E3CEAB
 373	vfx/jup/level/mp_jup_emergency/vfx_emergency_window_godrays_02
 374	BB54CB58-994A-09B0-416F-CA29473C909B
 375	57A1AA4C-5B17-1CF1-7DA3-3DCB34A18153
 376	BE4CC40F-E73B-453B-23D4-C056FF965FDA
 377	2F41A73B-1F69-D6EE-7B61-FD2626E1026F
 378	-1299 -118 216
 379	E901C46C-5077-1C90-5F23-40EE595E90A7
 380	1080 112 216
 381	D390534E-70C0-DE98-8C84-76B42B72C276
 382	07081D18-BA1C-11EE-8E48-6C6A77E3CEAB
 383	CE1BB96C-BA1A-11EE-8E48-6C6A77E3CEAB
 384	mp_dom_spawn
 385	0 92.2605 0
 386	medical_test_tube_group_big
 387	hardpoint_vis_05
 388	BCF4DEEF-BA73-4DF3-14B2-DA0822C1EC03
 389	-1464.54 -834 197
 390	735 -379 211.5
 391	0 229.999 0
 392	CE1BB95D-BA1A-11EE-8E48-6C6A77E3CEAB
 393	-1183 -433 211.5
 394	vk_coffeecup
 395	-757 240.5 211.5
 396	9A5EA6F0-D2C3-11BD-F9EC-FD30EFE4837C
 397	FA3FA587-2104-11EE-8E2B-6C6A77E3CEAB
 398	vfx_emergency_win_snow_blowing_xl_02
 399	69.9186 104.019 215
 400	6D389ADD-C22B-0132-32B8-A416C869B2ED
 401	scriptable_bathroom_soap_dispenser_01
 402	-8640 6432 0
 403	55EFA1DB-8F43-A9A2-F36A-E1752FBA7D23
 404	12068320-7ABD-2BE6-D0BE-647FAABD7EFA
 405	FCDA21AD-29F6-11EF-95CE-68545A904D17
 406	vfx/jup/level/mp_jup_emergency/vfx_emergency_blood_smears_04
 407	5DA10EB1-CE93-1556-7805-AE15DA207E8E
 408	CE1BB94E-BA1A-11EE-8E48-6C6A77E3CEAB
 409	-1367 -191.5 212
 410	pf1d754b0248e4b898_auto2108
 411	B8425566-1C2F-11EE-B205-6C6A77E3CEAB
 412	hardpoint_chevron_secure_02
 413	E73DBF38-9FA5-81C7-EB6E-917DC82CE2E7
 414	AF9B79D1-864C-6361-2A2F-9F9702064949
 415	264 -560 208
 416	FE9A352B-705D-10CF-7E32-3693B0858DF6
 417	door
 418	pf56c0ffad4c1870dc_auto2108
 419	static
 420	752 472 216
 421	0 276.274 0
 422	01FCE0A8-3274-7C46-51B1-536B4694852E
 423	0EEF4754-7997-DE2E-76B2-9B3E0194B1A8
 424	scriptable_uk_plastic_container_filled_01
 425	-1256.5 -433 211.5
 426	ee_electronics_television_wall_mounted_medium_on_grandprix_02
 427	6C40AA4B-1D3B-AC6B-AC75-84BED6A64384
 428	vfx_emergency_electrical_sparks_01
 429	bathroom_soap_dispenser_01
 430	7A99692E-0380-2437-D2F1-13D607D3FF4B
 431	EC971F01-2EA3-11EE-8E2E-6C6A77E3CEAB
 432	B998E357-D21D-9202-41A7-9766D7085458
 433	074FDBDA-7A01-5151-9487-08FB17B99629
 434	emissive::uk_lighting_ceiling_fixture_01_on
 435	D1190355-F840-11EE-8E55-6C6A77E3CEAB
 436	C635BFF7-09F6-8630-FD72-A7FB9470D57E
 437	202FA80E-B498-11EE-8E47-6C6A77E3CEA8
 438	F0F52DB4-7381-11EE-8E40-6C6A77E3CEAB
 439	tag_broken
 440	1026 183 211.5
 441	-1359.5 -269 217
 442	843 -917 214
 443	0F80575C-0C17-105C-D1D7-A1CF962CADF8
 444	ED294E85-D204-61E5-BC28-1C43D52C731D
 445	1064 192 216
 446	560 -120 214
 447	pristine
 448	C91E6158-B843-4287-9807-E750481DEDB3
 449	8FF583C8-B497-11EE-8E47-6C6A77E3CEA8
 450	6721FA17-3AD9-11EE-8E2F-6C6A77E3CEAB
 451	7D272986-F83F-11EE-8E55-6C6A77E3CEAB
 452	1064 -432 216
 453	983.5 -283 216
 454	68C61CF2-C9B7-05D1-8916-AAB88357237E
 455	vfx_emergency_vista_white_smoke
 456	-1421 -339 209
 457	vfx/jup/level/mp_jup_emergency/vfx_emergency_blood_smears_02
 458	vfx/jup/level/mp_jup_emergency/vfx_emergency_blowing_snow_ground_2
 459	right_30
 460	-990 599 213
 461	-1288 -856 200
 462	7DFE9AC7-2581-2B49-D045-AD84CE2CAD1D
 463	0 44.9975 0
 464	0 150 0
 465	robj_light
 466	dead
 467	B08D5856-F840-11EE-8E55-6C6A77E3CEAB
 468	215 545 208
 469	899 -934 214
 470	5380CFFA-CB8D-11EE-8E4E-6C6A77E3CEAB
 471	0261B33F-5485-730C-2FD2-5A13AFFBA2EE
 472	651 -822 214
 473	scriptable_uk_security_camera_redlight_head_01
 474	electrical_flicker_fast_mp_emergency
 475	EB9C35EE-F83F-11EE-8E55-6C6A77E3CEAB
 476	hardpoint_vis_01
 477	-26 -1357 196
 478	931 -685 207
 479	6E023BCF-BA20-11EE-8E48-6C6A77E3CEAB
 480	closed_owned
 481	928 -904 216
 482	00372F03-F841-11EE-8E55-6C6A77E3CEAB
 483	mp_warrior_spawn_axis_start_car
 484	8A96AD5F-F4B6-FF7A-88D2-4D0B8B66C973
 485	-1443 -426.5 214
 486	D0B8D898-D327-1EFF-3318-DDCA3B900895
 487	0 59.9988 0
 488	962 -289 212
 489	3328F803-F841-11EE-8E55-6C6A77E3CEAB
 490	-889.5 -579.5 205.5
 491	tag_full
 492	0 348.098 0
 493	36BB3925-CB8D-11EE-8E4E-6C6A77E3CEAB
 494	8F6A721C-78E4-34D8-1608-48659CE95171
 495	921.165 -697.652 216
 496	632 -128 211
 497	E1EE00C7-133F-2E6C-9D99-AC47498F200C
 498	0238F71F-54EB-8633-F7A9-5824F07A80E9
 499	vfx/jup/level/mp_jup_emergency/vfx_emergency_blood_smears_03
 500	1048 -192 216
 501	9CD77901-0894-29E7-089F-FA202E030979
 502	-699.5 -1286 216
 503	CE1BB957-BA1A-11EE-8E48-6C6A77E3CEAB
 504	694 365 213
 505	920 304 216
 506	0 175 0
 507	0F05C729-3AC4-11EE-8E2F-6C6A77E3CEAB
 508	B3FD0BC1-2EA3-11EE-8E2E-6C6A77E3CEAB
 509	DA01558D-60F8-4076-FE1D-3F12C9056B96
 510	C95AD19E-E77B-0F4E-6ACA-5950FC459106
 511	15D5A104-F840-11EE-8E55-6C6A77E3CEAB
 512	80084B26-D19A-C38F-9057-ABB5574C17B2
 513	CA6D952A-A719-7C7A-FB86-DF374A4B5976
 514	B8425563-1C2F-11EE-8E88-6C6A77E3CEAB
 515	scriptable_un_office_computer_monitor_01
 516	8E976609-C812-E7E2-3F57-17B3E3E1769D
 517	C5EB28B2-5B21-998A-8D7E-335F109BA38F
 518	58829DA7-3AC2-11EE-8E2F-6C6A77E3CEAB
 519	B3A74041-3AC4-11EE-8E2F-6C6A77E3CEAB
 520	23DCEF8F-2107-11EE-8E2B-6C6A77E3CEAB
 521	bathroom_toiletries_bottle_pump_01
 522	mp_warrior_spawn_team_three_start_car
 523	-1439 -423 216
 524	19F17A52-BB7F-DFEB-F813-E6FB7E8D15D0
 525	93133A43-F840-11EE-8E55-6C6A77E3CEAB
 526	vfx_emergency_lensflare_headlight_cold
 527	-920 600 216
 528	mp_warrior_spawn_axis_start
 529	896 -152 216
 530	EEDF44F3-1B34-CE8D-D03F-8854A561D3B4
 531	076A3BFE-F83F-11EE-8E55-6C6A77E3CEAB
 532	1092.5 -408 211.5
 533	70F3D251-4080-B8CC-C88D-E7B7EE79DBC2
 534	00E055B6-E419-E46D-C7F8-7C16A51B5F72
 535	02EE0389-2EA4-11EE-8E2E-6C6A77E3CEAB
 536	F29751EF-2EA3-11EE-8E2E-6C6A77E3CEAB
 537	-968 136 216
 538	electrical_flicker_subtle
 539	0 59.9996 0
 540	7725D0E7-2817-F01E-A01E-260046F750EF
 541	0 315 0
 542	EC1430A6-FE33-39CA-50AF-0AE96BC506A3
 543	1008 184 216
 544	5E4985A6-9B14-689A-4C8D-730CBAD9E0C0
 545	-8704 6496 0
 546	vfx_emergency_heavy_snow_slow_fall_02
 547	75793B2C-A99E-018A-C9AC-06496BDF756D
 548	-1439 -1297 199
 549	0 359 0
 550	310BD408-3ACC-11EE-8E2F-6C6A77E3CEAB
 551	5DD72E8A-F840-11EE-8E55-6C6A77E3CEAB
 552	06B56C4B-B498-11EE-8E47-6C6A77E3CEA8
 553	pf9dd714c12b4fc49b_auto8506636708030669767
 554	49F84482-F83F-11EE-8E55-6C6A77E3CEAB
 555	tag_bink3
 556	2CB742AB-5E32-C0B4-CB2B-9F697B645CDE
 557	vfx_emergency_chimney_smoke_windy_1
 558	9B1946BF-F83F-11EE-8E55-6C6A77E3CEAB
 559	357AFFE8-77BC-F926-1AC8-95DEE6D6724A
 560	5BB14CD4-ECEC-1249-29F8-34BDCAC6FE12
 561	1EB27899-3AC4-11EE-8E2F-6C6A77E3CEAB
 562	FABFA6EC-680C-AF28-5F7D-F3359408566E
 563	frag_a_001
 564	32319BA6-DD61-7601-1DDF-8F8834E070AA
 565	00B4271A-DE80-AF8C-E90B-2DC95AB881AB
 566	jup_electronics_speaker_system_02
 567	8ACE0FE6-F840-11EE-8E55-6C6A77E3CEAB
 568	scriptable_trash_bin_metal_03
 569	D9EAEE9D-D072-E248-C626-3A536264851E
 570	722 374 216
 571	5546CB48-3AC4-11EE-8E2F-6C6A77E3CEAB
 572	2DE0B2F1-7598-D6C1-A2E2-B0ACF1842F6B
 573	vfx_emergency_blood_smears_04
 574	FB7CD928-114B-B93A-307D-26ACBCDC8F62
 575	B8427C70-1C2F-11EE-A26A-6C6A77E3CEAB
 576	-1282 -392 216
 577	1079.64 -236.465 208
 578	936 672 216
 579	0DACA5D8-CF16-9F4E-2AA5-73F820F3D833
 580	accessory_icicle_level_64_destr_chunk_04
 581	FCDA21C8-29F6-11EF-95CE-68545A904D17
 582	024DFCB1-CB8D-11EE-8E4E-6C6A77E3CEAB
 583	B8427C87-1C2F-11EE-BA83-6C6A77E3CEAB
 584	-1421 -391 216
 585	-1444 -392 212
 586	CE6D71A0-2EA3-11EE-8E2E-6C6A77E3CEAB
 587	B842A382-1C2F-11EE-BD20-6C6A77E3CEAB
 588	941461A1-AAE6-08B9-3D31-EAD0F54AB1BD
 589	-695 133 215.5
 590	CE1BB951-BA1A-11EE-8E48-6C6A77E3CEAB
 591	35C0776E-9069-07A4-B409-F86890DE69CF
 592	-1424 -256 216
 593	F0F52DA4-7381-11EE-8E40-6C6A77E3CEAB
 594	B8427C8C-1C2F-11EE-BF30-6C6A77E3CEAB
 595	43DDB739-DDB2-2EB4-17C9-7D8F34E3105B
 596	872F253F-21AD-11EE-8E2B-6C6A77E3CEAB
 597	22DC7D1A-B499-11EE-8E47-6C6A77E3CEA8
 598	892 -898 213
 599	pf9e191651788f04f_auto2108
 600	scriptable_un_office_binder_01
 601	hardpoint_chevron_secure_01
 602	0 88.0979 0
 603	BA42933C-2EA3-11EE-8E2E-6C6A77E3CEAB
 604	tag_geo_frag_a_001
 605	-1446 -1319 198
 606	6258B24D-355D-AC3B-4009-7EACD830C6C2
 607	5C704E4C-0B66-DE56-4572-8A8BE10CFF82
 608	vfx_emergency_oil_decal
 609	53B4349B-D409-3F38-E26D-A565739D5019
 610	scriptable_sign_emergency_exit_light_01_white_on
 611	5AAD296D-02D8-7EFF-A5EB-6427E8C4036B
 612	312 -571 211.5
 613	1524EB3E-2C87-184D-05B8-FD303B6DD327
 614	1026 -129 212
 615	56B89D2D-3AD9-11EE-8E2F-6C6A77E3CEAB
 616	0 0.0985409 0
 617	F0F52DB1-7381-11EE-8E40-6C6A77E3CEAB
 618	-744 23 213
 619	CE1BB97E-BA1A-11EE-8E48-6C6A77E3CEAB
 620	vfx/jup/level/mp_jup_emergency/vfx_emergency_light_snow
 621	vfx/jup/level/mp_jup_emergency/vfx_emergency_lensflare_red
 622	F0F52DC6-7381-11EE-8E40-6C6A77E3CEAB
 623	1026 -257 212
 624	4DEF727B-FF3D-A5C6-9DD1-E55EAC393D5F
 625	-1440 -196.5 216
 626	scriptable_medical_clipboard_wall_a
 627	43AA97CB-F83F-11EE-8E55-6C6A77E3CEAB
 628	227AAEF5-5DE7-F6E6-635A-C0E2E43E3B70
 629	-1367 -430 216
 630	0 92.84 0
 631	03FDFDB7-28B5-BE20-6780-CEA8A5743906
 632	608 -544 208
 633	BC1E3EBF-DB49-D66C-8057-81A44413F883
 634	8D457D88-1CFE-241D-4496-F3B3DBBC1340
 635	718 195 221
 636	6ECE8512-838D-8ED7-214D-8E081815A057
 637	C4103F4F-8399-0FA2-9BE2-E68102BD1F3A
 638	FCDA21BC-29F6-11EF-95CE-68545A904D17
 639	pfcb313398fd402b0e_auto2108
 640	-1444 -228 212
 641	908A0062-2CED-D935-67CF-72AA01E97B1E
 642	pf30b4063d0a6f4488_auto2108
 643	pf8584f457db59b68b_auto2108
 644	pf9dd714c12b4fc49b_auto1497462184399755982
 645	scriptable_accessory_icicle_level_64_destr_chunk_06
 646	scriptable_un_office_paper_stack_01
 647	D15422C7-D1C0-622D-1A0F-D756E814AA62
 648	0 92.2975 0
 649	-1215 -348.5 211.5
 650	pf34e7ed19ca69ce3_auto4
 651	5380D00B-CB8D-11EE-8E4E-6C6A77E3CEAB
 652	vfx/jup/level/mp_jup_emergency/vfx_emergency_lensflare_headlight_warm
 653	992 128 216
 654	5FEC985E-0160-52CD-CAC0-45AC81795717
 655	appliance_espresso_machine
 656	300695F1-2C40-1F1F-7B20-893C38DA76D4
 657	44FD900E-4A2C-183B-6FAC-2AFD71A90FD5
 658	-891.5 -1287 216
 659	B56F1522-2DC1-F935-100E-38C2F96A0200
 660	scriptable_paper_shredder_01
 661	pf53490b88e604f0bd_1
 662	B8427C86-1C2F-11EE-BB49-6C6A77E3CEAB
 663	scriptable_cp_rave_magazine_single_05b
 664	-788 72 232
 665	mp_xfire_spawn_allies_start
 666	975.5 -227 224
 667	0 255 0
 668	E14FBA72-BA1B-11EE-8E48-6C6A77E3CEAB
 669	vfx_emergency_blood_smears_02
 670	uk_plastic_container_filled_01
 671	EE8087E1-74C7-A45C-0D58-6B99E27A8816
 672	0 240 0
 673	pf149bd5e3f6a5810e_auto2108
 674	B842A381-1C2F-11EE-AE33-6C6A77E3CEAB
 675	vfx/jup/level/mp_jup_emergency/vfx_emergency_light_snow_sml
 676	scriptables
 677	43A97A85-5A7F-2688-1E98-DFEEDE25D6E1
 678	-1431.5 -168 212
 679	-496 8 192
 680	F5C2BD99-6D08-92A1-5F62-8E0B9106C615
 681	512F26ED-181F-E2CB-DD38-6EF3E99F4E62
 682	-1359.5 -333 217
 683	pf4476a3223de3e613_auto3369854038066153793
 684	B491E772-5993-F956-1E89-11A010AB19B7
 685	-1466 -832 196
 686	076A3C09-F83F-11EE-8E55-6C6A77E3CEAB
 687	59B6779A-5115-7177-D3C1-76B0A9A5F1E2
 688	-1440 -140.5 216
 689	4C53C8C7-CB8D-11EE-8E4E-6C6A77E3CEAB
 690	3A271B8C-8364-A30B-62B0-F9D14E2BA903
 691	11BB3472-B498-11EE-8E47-6C6A77E3CEA8
 692	921B9B87-CB8D-11EE-8E4E-6C6A77E3CEAB
 693	1092.5 -297.5 211.5
 694	864 500 214
 695	3B91949F-663C-B0F5-A862-47D9EFF6C229
 696	5CF3ED2B-3ACC-11EE-8E2F-6C6A77E3CEAB
 697	-1352 -720 200
 698	5B00C5C5-BA20-11EE-8E48-6C6A77E3CEAB
 699	E6908F0F-63CF-11EE-8E3C-6C6A77E3CEAB
 700	right_70
 701	883 -768 216
 702	06DEA07E-6EC3-24A6-726B-D4BF2F6186FF
 703	4
 704	E14FBA6C-BA1B-11EE-8E48-6C6A77E3CEAB
 705	C8693D4C-2EA3-11EE-8E2E-6C6A77E3CEAB
 706	645.5 -827.5 211.5
 707	93133A40-F840-11EE-8E55-6C6A77E3CEAB
 708	36BB393B-CB8D-11EE-8E4E-6C6A77E3CEAB
 709	972.97 -356.994 216
 710	ee_book_office_folder_02_confidential
 711	28.0185 109.081 216
 712	-980 245 211.5
 713	0 167.158 0
 714	CC3F94B6-CB8D-11EE-8E4E-6C6A77E3CEAB
 715	8668B97F-822E-8985-7947-307E0E13701B
 716	23F9764A-6519-D2ED-2944-9FB8902B64DA
 717	-1301.54 -122 214
 718	usable
 719	-1439.5 -903 204
 720	-1444 -284 212
 721	-1444 -271 212
 722	D9CC266C-CB8D-11EE-8E4E-6C6A77E3CEAB
 723	AA10E5FE-BA1B-11EE-8E48-6C6A77E3CEAB
 724	8FF583D3-B497-11EE-8E47-6C6A77E3CEA8
 725	B8427C6D-1C2F-11EE-BBD3-6C6A77E3CEAB
 726	1EB2788B-3AC4-11EE-8E2F-6C6A77E3CEAB
 727	872 376 216
 728	-1362 -138 215
 729	locked
 730	ajar_owned
 731	411E5962-4124-6100-A5A7-015EA71B5CC8
 732	0 128.199 0
 733	291 691 216
 734	0 177.4 0
 735	EA02F582-184C-BE93-A7C9-F9E9D1F7372B
 736	72 96 216
 737	6E9B36C8-AA7F-C9D2-056D-02187DB79207
 738	9468AB3C-1ABE-9F1A-E2CE-84F57E7FA9C9
 739	1ACDAFD8-B499-11EE-8E47-6C6A77E3CEA8
 740	FCDA21C5-29F6-11EF-95CE-68545A904D17
 741	4B6EEAA8-3712-578B-1A40-EDF849FBDD71
 742	F86A06D2-F840-11EE-8E55-6C6A77E3CEAB
 743	-889 -465.5 207.5
 744	DE0AEC0A-1393-1C9C-97DE-55D35FC33DF0
 745	-1431 -378 213
 746	-1425 -1270.5 198
 747	1090.5 -262 212
 748	55 104 213
 749	vfx/jup/level/mp_jup_emergency/vfx_emergency_haze_indoor
 750	0821D2F8-24D3-0F3B-E6E0-B5810B1B677E
 751	26925AF8-3AC1-11EE-8E2F-6C6A77E3CEAB
 752	-1443 -321 214
 753	-1295.5 -429 217
 754	972.5 -192 216
 755	921B9B79-CB8D-11EE-8E4E-6C6A77E3CEAB
 756	07945F07-E949-A95A-3474-8D20C74C5BC7
 757	4B5DC907-2EA4-11EE-8E2E-6C6A77E3CEAB
 758	9F6892E6-CB8D-11EE-8E4E-6C6A77E3CEAB
 759	D4E76C2E-2D1E-11EF-95CE-68545A904D17
 760	vfx_emergency_window_godrays_03
 761	mp_sd_spawn_defender
 762	snakecam
 763	B8422E47-1C2F-11EE-8684-6C6A77E3CEAB
 764	vfx_emergency_blood_decal_neg_z
 765	0CCA0803-F71D-8987-B431-02AD4877BB11
 766	bink1
 767	2DA9D290-B230-33C7-C097-AE157D489F60
 768	B842A37B-1C2F-11EE-B5B8-6C6A77E3CEAB
 769	-1439.5 -376 211.5
 770	49F8446C-F83F-11EE-8E55-6C6A77E3CEAB
 771	3759FB31-3AC6-11EE-8E2F-6C6A77E3CEAB
 772	913.835 -700.348 214
 773	vfx_emergency_ground_fire_smoke_01
 774	-1456 -840 200
 775	uk_security_camera_redlight_head_01
 776	pf3bacbe6f2fc9d377_auto2108
 777	vfx_emergency_wind_blowing_snow_01
 778	uk_bottle_oil_med_02_green
 779	9C9DB1FB-2EA3-11EE-8E2E-6C6A77E3CEAB
 780	610 -119 210
 781	E266BA7D-005C-988B-CD8A-0639EC535B2E
 782	580B4A0C-F83F-11EE-8E55-6C6A77E3CEAB
 783	vfx_emergency_blowing_snow_ground_2
 784	pf9dd714c12b4fc49b_auto3809063888764628564
 785	864 449 214
 786	63F9568F-B5CC-08F1-07E6-089EB8DF397F
 787	20611BBC-EFA2-2C6F-3639-922EFBA6C24C
 788	9130E0E1-9662-ED51-195D-2D758C4C1529
 789	E66033F5-3ACA-11EE-8E2F-6C6A77E3CEAB
 790	9392A691-A6E1-4DFF-7098-9FA0B1041E24
 791	C8C6382F-F5B9-92C4-AC39-2F34FD6F497F
 792	DE62D24B-5E5A-8738-EA3B-1C654824DD41
 793	D86082BF-F840-11EE-8E55-6C6A77E3CEAB
 794	DBEDED4C-2EEB-11EE-8E2E-6C6A77E3CEAB
 795	C4A73DB1-3AD9-11EE-8E2F-6C6A77E3CEAB
 796	0 223.098 0
 797	962 -225 212
 798	1098 201 211.5
 799	pf6db30b60b27b4ab4_auto2108
 800	1B5AE6D3-3472-C4B7-45E8-FADCF18E333F
 801	DBEDED5B-2EEB-11EE-8E2E-6C6A77E3CEAB
 802	DBEDED49-2EEB-11EE-8E2E-6C6A77E3CEAB
 803	CE1BB963-BA1A-11EE-8E48-6C6A77E3CEAB
 804	vfx_emergency_window_godrays_02
 805	0 254.799 0
 806	pf9dd714c12b4fc49b_auto14332999775828473136
 807	78C354CE-BA1B-11EE-8E48-6C6A77E3CEAB
 808	electrical_blink_fade
 809	60D63AED-F83F-11EE-8E55-6C6A77E3CEAB
 810	50A4C60C-D413-51AA-AD68-37F0CF332FB8
 811	mp_koth_spawn
 812	vfx/jup/level/mp_jup_emergency/vfx_emergency_flies
 813	scriptable_medical_test_tube_group_big
 814	B7C4B152-F840-11EE-8E55-6C6A77E3CEAB
 815	-996 22 216
 816	4EB84422-3AC4-11EE-8E2F-6C6A77E3CEAB
 817	AF85AE2D-285B-1D75-A6B9-C6A3F0230F20
 818	84360809-BA1B-11EE-8E48-6C6A77E3CEAB
 819	22DC7D29-B499-11EE-8E47-6C6A77E3CEA8
 820	vfx_jup_emergency_vent_01
 821	74E26F94-3AC6-11EE-8E2F-6C6A77E3CEAB
 822	0 89.9988 0
 823	08D47C41-E58D-44FA-AAA8-B0BA7C3845EF
 824	94E8C784-DF50-8524-A735-A2F7605A292F
 825	mp_warrior_spawn_allies_start_car
 826	170FE50C-C1F1-3CA7-73E2-A60415A150BF
 827	B8422E46-1C2F-11EE-9CCB-6C6A77E3CEAB
 828	09DD8D51-8398-D392-F118-FF75C5BC6F72
 829	DBEDED5E-2EEB-11EE-8E2E-6C6A77E3CEAB
 830	0 31.6997 0
 831	-1429.5 -238 201
 832	-1360 -136 216
 833	scriptable_electrical_blink
 834	pf9dd714c12b4fc49b_auto5139996178833150244
 835	A1C8DC01-B498-11EE-8E47-6C6A77E3CEA8
 836	979.5 -354.5 232
 837	FC603585-555C-6F9A-76E6-E305F0814A93
 838	1056 -360 216
 839	-1435.5 -422 211.5
 840	vfx/jup/level/mp_jup_emergency/vfx_emergency_blood_decal_pos_z_medium
 841	A07E3F23-0631-6EC5-A5E2-78EA92E5C667
 842	-1432 -286 212
 843	59E31882-CB8D-11EE-8E4E-6C6A77E3CEAB
 844	8BD95F7B-F567-06E4-1103-1739A65041CF
 845	15 -1385 197
 846	vfx_emergency_molotov_flames_02
 847	43AA97C0-F83F-11EE-8E55-6C6A77E3CEAB
 848	F71E3714-B497-11EE-8E47-6C6A77E3CEA8
 849	B842A37E-1C2F-11EE-A0F1-6C6A77E3CEAB
 850	-400 -568 208
 851	vfx/jup/level/mp_jup_emergency/vfx_emergency_chimney_smoke_02
 852	486 -556.5 211.5
 853	901 -917 209
 854	0 28.098 0
 855	4D489E06-66CA-11EE-8E3D-6C6A77E3CEAB
 856	949 -127 224
 857	4AD40D07-AAAE-6375-612A-A8525C9DF6F9
 858	10B8B3B7-6144-E043-B977-0720AF45B676
 859	0 135 0
 860	2537A824-2106-11EE-8E2B-6C6A77E3CEAB
 861	intel_interaction
 862	72E18095-1CF9-21EC-A9BA-74ECD35D848F
 863	6940636F-66CA-11EE-8E3D-6C6A77E3CEAB
 864	main
 865	FCDA21BF-29F6-11EF-95CE-68545A904D17
 866	E616ADE5-EBA3-ACC3-22FB-44E3DDA7F353
 867	1CD0D3B2-F840-11EE-8E55-6C6A77E3CEAB
 868	A6557E40-1D9F-1B2A-34C3-438138CB9512
 869	12131556-2EA4-11EE-8E2E-6C6A77E3CEAB
 870	850 -919 213
 871	1062 133 214
 872	-868 72 232
 873	-1440 -356.5 216
 874	2D43FA65-3AC1-11EE-8E2F-6C6A77E3CEAB
 875	0 270 0
 876	-991 -579.5 205.5
 877	276FC7F8-8762-B2C0-B94B-7BA82606B17E
 878	879 -809 211.5
 879	F7839852-7381-11EE-8E40-6C6A77E3CEAB
 880	460E1FEB-A192-2AF7-CF0A-CB69E1EA292B
 881	scavenger_closed
 882	mp_dd_spawn_defender_start
 883	0 181.003 0
 884	8AB052B7-3AF0-7D2D-B86E-E8D6E9F4B7DD
 885	99333F01-3AD9-11EE-8E2F-6C6A77E3CEAB
 886	22DC7D17-B499-11EE-8E47-6C6A77E3CEA8
 887	3B4FA954-8573-1809-9392-1BC871D8DE0F
 888	-1444.5 -219 212
 889	63 103 217
 890	3CCEFB76-683B-42D4-2599-A9D773D74B06
 891	0 318.098 0
 892	1072 -294 216
 893	pf9f6746c41745852c_auto2108
 894	1979EBDC-F841-11EE-8E55-6C6A77E3CEAB
 895	mp_control_spawn_defender
 896	664B69CA-4D50-FF24-CE4E-A2701C37CE9A
 897	medical_clipboard_wall_a
 898	921 -875.5 211.5
 899	68FC7EAA-CB8D-11EE-8E4E-6C6A77E3CEAB
 900	red::jup_electronics_card_reader_01
 901	1014.74 -210.78 216
 902	vfx/jup/level/mp_jup_emergency/vfx_emergency_trash_blowing_paper
 903	925 307 216
 904	tag_bink2
 905	919BE698-A287-B08A-87A0-5CC456CBD64B
 906	F320A4E1-3796-2F2C-635D-359F9F6572D9
 907	221C5CA1-3ACB-11EE-8E2F-6C6A77E3CEAB
 908	393BE28A-6E46-BDD0-B3E7-8008DD46D5F1
 909	mp_warrior_spawn_axis_start_ds
 910	7D951CB1-D95A-AB34-12AC-5AAE657F929C
 911	0 57.8054 0
 912	86403740-04C7-7AA1-C484-2C2ADD2691CE
 913	cp_rave_magazine_single_04
 914	2D43FA50-3AC1-11EE-8E2F-6C6A77E3CEAB
 915	-1444 -331 212
 916	FCDA21AA-29F6-11EF-95CE-68545A904D17
 917	648 -128 216
 918	scriptable_trash_bin_metal_02
 919	0 179.255 0
 920	B85938F1-8C6C-2936-C321-1C19A4951125
 921	6619EAE6-21AF-11EE-8E2B-6C6A77E3CEAB
 922	-1174 -389 207.5
 923	scriptable_electrical_flicker_subtle
 924	-1376 -1296 200
 925	A538A527-E992-A27A-4DB9-6E1FB556E1CA
 926	vfx_emergency_lensflare_white
 927	0 245 0
 928	E2A8BA1C-E41E-C848-992E-44A2D16D2BFA
 929	929 -580 216
 930	28602DA2-25E6-8A31-41AD-6F04E9BC2208
 931	0AA3FF4D-4606-B8CC-F4E2-11C821BE8303
 932	left_30
 933	left_70
 934	accessory_icicle_level_64_destr_chunk_05
 935	7055C29C-F83F-11EE-8E55-6C6A77E3CEAB
 936	AA447744-E037-37F1-F11E-4FEFDBCC0E71
 937	0 10.8996 0
 938	28285EAF-3AC4-11EE-8E2F-6C6A77E3CEAB
 939	6CB82DCF-21AF-11EE-8E2B-6C6A77E3CEAB
 940	2FD234BF-E6DD-9AE9-F911-BB1C385F55EB
 941	scriptable_appliance_espresso_machine
 942	84360814-BA1B-11EE-8E48-6C6A77E3CEAB
 943	0 162.5 0
 944	47A7B530-816F-B98C-F243-335AC1C73CA0
 945	-1435.5 -265 211.5
 946	-80 -408 208
 947	mp_dd_spawn_attacker
 948	24 584 216
 949	D29A7355-CB8D-11EE-8E4E-6C6A77E3CEAB
 950	5C6FC61A-3C02-3BE8-1AC5-4A83A0CB8D21
 951	-1448 -426 216
 952	D1B1DBBF-B95B-11EE-8E48-6C6A77E3CEAB
 953	vfx_emergency_molotov_flames_03
 954	0 148.098 0
 955	decor_paper_towel_holder_02
 956	300D5345-66D3-11EE-8E3D-6C6A77E3CEAB
 957	B7123607-1D9E-211C-8F9B-3365FD575849
 958	-1363.5 -176 216.5
 959	10FE2543-5979-22A4-59BC-20300F9250D1
 960	2CD633D2-2106-11EE-8E2B-6C6A77E3CEAB
 961	equipment_dome_surveillance_camera
 962	pf9dd714c12b4fc49b_auto9198632456844167347
 963	91F2C5BE-3AD9-11EE-8E2F-6C6A77E3CEAB
 964	921 96 216
 965	2ED4D276-B498-11EE-8E47-6C6A77E3CEA8
 966	mp_dm_spawn_secondary
 967	C8F0CE46-D727-11EE-8E52-6C6A77E3CEA8
 968	pffb06d3ed856070cb_auto2108
 969	pf238f4ae6f7464ad4_auto2108
 970	0 289.485 0
 971	838350F6-3AC4-11EE-8E2F-6C6A77E3CEAB
 972	1023.5 -385.5 211.5
 973	8ADFAC9A-3AD9-11EE-8E2F-6C6A77E3CEAB
 974	283.5 -668 211.5
 975	-1357 -225 212
 976	init
 977	1023.5 -446.5 211.5
 978	7B9880FA-3AD9-11EE-8E2F-6C6A77E3CEAB
 979	AABEEB33-89FA-1951-BE82-A131379360A4
 980	B59A3CF4-059D-7C7B-53F7-CA221DFBC9F4
 981	ED2F1FEE-2E3D-C4EA-B6C7-E40708AE951B
 982	56196E90-37F5-11EE-8E2F-6C6A77E3CEAB
 983	pf9dd714c12b4fc49b_auto11656391362322216473
 984	D166E90C-110A-3294-4AF2-5AADD4634592
 985	59ED9F46-AD93-9571-81BC-AA9AFDD40102
 986	2AA3A895-2107-11EE-8E2B-6C6A77E3CEAB
 987	mp_warrior_spawn_team_three_start_ds
 988	98A601D3-AC77-BDC5-093B-7FA4AE6C2D67
 989	mp_tdm_spawn_secondary
 990	23E21B05-C415-5EDD-FD2F-CE11CC131B5C
 991	265 -557 209
 992	97034C83-08BD-7466-CED9-F1D91FCDC800
 993	D9DE1EF0-3ED7-11EE-8E30-6C6A77E3CEAB
 994	vfx_emergency_lensflare_red_blink
 995	E14FBA69-BA1B-11EE-8E48-6C6A77E3CEAB
 996	-661.5 152 215.5
 997	7FA7C0D2-21AD-11EE-8E2B-6C6A77E3CEAB
 998	vfx/jup/level/mp_jup_emergency/vfx_emergency_wind_blowing_snow_01
 999	E251D993-FB72-32E9-2917-DB948CB3999C
1000	-1433.54 -128 214
1001	983.5 -331 216
1002	717E2EF5-CB2C-DD7B-1B91-7E5041FE0753
1003	EB4D8247-CC33-8D21-8B66-991D634E3973
1004	0 156.2 0
1005	9B4210D5-3AC0-11EE-8E2F-6C6A77E3CEAB
1006	-1372 -831.5 196
1007	D23CD987-445B-8F21-BAF7-CC56F28FECC4
1008	mp_dd_spawn_defender_a
1009	24 -1376 200
1010	CE1BB987-BA1A-11EE-8E48-6C6A77E3CEAB
1011	6FDD5DA4-3EDA-11EE-8E30-6C6A77E3CEAB
1012	-993 441 209
1013	CA6707A0-F83F-11EE-8E55-6C6A77E3CEAB
1014	vfx/jup/level/mp_jup_emergency/vfx_emergency_chimney_smoke_01
1015	-1443 -208.5 214
1016	0EF9717C-F840-11EE-8E55-6C6A77E3CEAB
1017	78C354C3-BA1B-11EE-8E48-6C6A77E3CEAB
1018	-898 591 214
1019	0E07DBC2-F83F-11EE-8E55-6C6A77E3CEAB
1020	6BA44622-C90B-F7F7-0982-0EB1756245FC
1021	75B679B9-1E39-0165-44BF-0C7753F9748B
1022	56088CED-B499-11EE-8E47-6C6A77E3CEA8
1023	0 130 0
1024	D4E52119-3ACB-11EE-8E2F-6C6A77E3CEAB
1025	E1F52670-BA67-11EE-8E48-6C6A77E3CEAB
1026	0E07DBB9-F83F-11EE-8E55-6C6A77E3CEAB
1027	scriptable_uk_bottle_oil_small_01
1028	-532.5 -862 216
1029	1759FE70-EC34-6308-FF0A-94672B79075A
1030	0 95 0
1031	A05903A1-F840-11EE-8E55-6C6A77E3CEAB
1032	FF5AD674-B497-11EE-8E47-6C6A77E3CEA8
1033	1088 -216 216
1034	mp_dd_spawn_attacker_a
1035	E4A36466-F83F-11EE-8E55-6C6A77E3CEAB
1036	B8E4F2AF-CB8D-11EE-8E4E-6C6A77E3CEAB
1037	traverse
1038	ABB4CCE5-3AC4-11EE-8E2F-6C6A77E3CEAB
1039	nav_door
1040	688 560 216
1041	scriptable_electrical_emergency_blink_kitchen
1042	CC94FA2F-F83E-11EE-8E55-6C6A77E3CEAB
1043	36D8AD03-531A-3420-B868-EC931E6E7C1B
1044	CE1BB945-BA1A-11EE-8E48-6C6A77E3CEAB
1045	CE1BB978-BA1A-11EE-8E48-6C6A77E3CEAB
1046	-1439.88 -452.412 212
1047	97B5F906-149B-1C83-BA72-6F3C37911541
1048	-1343 -426 215
1049	8BE43965-7E5D-027C-2969-B3BED3CE1842
1050	B3A659B8-82A2-4C95-9BE4-1A4BFB4842BE
1051	B8427C7E-1C2F-11EE-A764-6C6A77E3CEAB
1052	44DFADBB-2ED3-62A2-F465-F84A1579FF36
1053	A872D185-2D1E-11EF-95CE-68545A904D17
1054	0 178.098 0
1055	760 -429.5 211.5
1056	128E3983-66A3-F9BB-9D15-70E79360AD39
1057	-403 -560 201
1058	pf2119cd3a81a9e343_auto2108
1059	1027 -398 213
1060	bash_right_90
1061	vfx/jup/level/mp_jup_emergency/vfx_emergency_lensflare_white
1062	451A815F-D6B9-218F-2747-F4C6C27E8F80
1063	scriptable_bathroom_toilet_01_closed
1064	300D5342-66D3-11EE-8E3D-6C6A77E3CEAB
1065	E0F6D5C8-3ED7-11EE-8E30-6C6A77E3CEAB
1066	scriptable_accessory_icicle_level_64_destr_chunk_05
1067	ee_book_office_folder_04
1068	ee_electronics_television_wall_mounted_medium
1069	944 696 216
1070	76D3FA00-E9DD-FDD4-5359-A78A8C2C3B2F
1071	AA10E5F8-BA1B-11EE-8E48-6C6A77E3CEAB
1072	1056 -304 232
1073	-1216 -424 216
1074	9C9DB1D7-2EA3-11EE-8E2E-6C6A77E3CEAB
1075	-704 136 216
1076	B8427C85-1C2F-11EE-86D5-6C6A77E3CEAB
1077	724BA87F-A709-9A9A-60B2-E5D906530D6D
1078	CC8F1487-8E89-055C-D731-2BDF150382B4
1079	DE684DB9-F83F-11EE-8E55-6C6A77E3CEAB
1080	container_trash_can_plastic_kitchen_01
1081	-1439.5 -320.5 211.5
1082	992 -104 216
1083	-1439 -1313 198
1084	pf53490b88e604f0bd_2
1085	2CDD7C1F-F841-11EE-8E55-6C6A77E3CEAB
1086	0 248.098 0
1087	567.5 -466 211.5
1088	FF4D2315-CB8D-11EE-8E4E-6C6A77E3CEAB
1089	vfx_emergency_blood_smears_01
1090	0 328 0
1091	bathroom_garbage_can_01
1092	0 229.772 0
1093	3479E883-3AC1-11EE-8E2F-6C6A77E3CEAB
1094	0 182.297 0
1095	left_50
1096	left_90
1097	accessory_icicle_level_64_destr_chunk_01
1098	AF01D593-2DBF-1C84-5D14-8906FCC33807
1099	pf1e2a0abaf8ba9dc0_auto2108
1100	6751EE77-C191-0C72-A79C-765FB4444408
1101	6B2C7C64-5AEC-4DE1-DA85-70DE6FDEB5F4
1102	D4B01404-2EA3-11EE-8E2E-6C6A77E3CEAB
1103	20A14B4F-9682-5D9B-2624-794FA4B4D994
1104	00A837EF-F840-11EE-8E55-6C6A77E3CEAB
1105	-909 -35 222
1106	615155EB-6FC7-A089-E4EE-3807ABB2667C
1107	2C90DA97-4BCA-9712-5FF5-0146BDEE179F
1108	D20CBAE7-7380-11EE-8E40-6C6A77E3CEAB
1109	medical_tools_tray_01
1110	73A15018-F840-11EE-8E55-6C6A77E3CEAB
1111	3A6A209C-2EA4-11EE-8E2E-6C6A77E3CEAB
1112	pf9dd714c12b4fc49b_auto9440186463169201568
1113	-1431.5 -388 212
1114	mp_control_spawn_attacker_start
1115	4D489E03-66CA-11EE-8E3D-6C6A77E3CEAB
1116	-846 -850 216
1117	701 371 214
1118	08EC12EC-3AC4-11EE-8E2F-6C6A77E3CEAB
1119	30523EDE-803D-D07A-89CB-9FD044289518
1120	0 248.237 0
1121	7FA7C0BD-21AD-11EE-8E2B-6C6A77E3CEAB
1122	013DC777-281A-11EE-8E2D-6C6A77E3CEAB
1123	scriptable_uk_bottle_oil_med_02_green
1124	0 328.3 0
1125	720 208 216
1126	736.5 190 211.5
1127	A2F87ECA-4F88-0233-FA49-1BDAFD85AAC7
1128	CE329E2C-DB38-353B-167B-E2AB0AB4A015
1129	vfx/jup/level/mp_jup_emergency/vfx_emergency_molotov_flames_03
1130	791939A7-17A0-1EF5-19DE-BD72C0CF2B3E
1131	scriptable_un_office_binder_set_01
1132	EAC4DE2C-2104-11EE-8E2B-6C6A77E3CEAB
1133	848 -919 208
1134	-872 144 216
1135	0 292.298 0
1136	-1423 -138.5 211.5
1137	scriptable_electronics_computer_pc_tower_02
1138	0 14.9996 0
1139	7126B546-03F4-670D-5828-62F3B09995CD
1140	1091.5 -116 211.5
1141	F767B621-577E-F8EF-1077-EBDC35CB6FF2
1142	948 683 213
1143	9B1946D4-F83F-11EE-8E55-6C6A77E3CEAB
1144	1048 -304 216
1145	B3852BC0-DA5D-0FA0-F4B7-93FDC280F35F
1146	4EB8442D-3AC4-11EE-8E2F-6C6A77E3CEAB
1147	F75305A3-18B8-ABD4-6D7B-94D1B45E0BC6
1148	scriptable_equipment_dome_surveillance_camera
1149	4B5DC904-2EA4-11EE-8E2E-6C6A77E3CEAB
1150	F0F52DC3-7381-11EE-8E40-6C6A77E3CEAB
1151	bink2
1152	DEE10227-3B51-A120-E772-11FCDDE5EE10
1153	hide
1154	CC94FA3A-F83E-11EE-8E55-6C6A77E3CEAB
1155	scriptable_electrical_flicker_fast_mp_emergency
1156	0 344.999 0
1157	736 184 216
1158	F8CE7809-6478-A017-A29E-AEA74EF1D3A7
1159	scriptable_ee_book_office_folder_02_confidential
1160	7E236467-A97F-AB4C-5487-CCBF98D739BA
1161	CD991B41-73CE-8B19-0437-062ACE8152FD
1162	4A4CF459-51B9-4510-E5A1-F339EE112202
1163	880 -840 216
1164	DD026DF4-2104-11EE-8E2B-6C6A77E3CEAB
1165	1090.5 -198 212
1166	0 226.474 0
1167	08C351A6-23BF-4430-94D4-C1A85A4429ED
1168	0 2.84005 0
1169	0 89.9999 0
1170	23BCC869-5CEF-96F0-AAC2-02796B95B1DE
1171	77932BC4-D54B-5D3B-BF23-96AB52602E4B
1172	89E5D4B9-B497-11EE-8E47-6C6A77E3CEA8
1173	pf4476a3223de3e613_auto12060939520806653575
1174	off
1175	scriptable_pipe_metal_painted_sprinkler
1176	5DD72E7E-F840-11EE-8E55-6C6A77E3CEAB
1177	90C0A976-FE5E-582E-20C0-90E13BACF859
1178	6B499790-302C-1AA2-AD4E-97A63CA3E871
1179	vfx_emergency_blood_decal_01
1180	6CB82DCC-21AF-11EE-8E2B-6C6A77E3CEAB
1181	un_office_computer_monitor_01
1182	C34011B9-3ACA-11EE-8E2F-6C6A77E3CEAB
1183	-976 -971.5 216
1184	B8427C75-1C2F-11EE-917A-6C6A77E3CEAB
1185	0 336.515 0
1186	C8693D3A-2EA3-11EE-8E2E-6C6A77E3CEAB
1187	6CBA7D0B-E4C8-4643-3C9F-D14972E1FF23
1188	CE1BB975-BA1A-11EE-8E48-6C6A77E3CEAB
1189	FF22377B-172D-A328-A485-D3733FCC9306
1190	vfx/jup/level/mp_jup_emergency/vfx_emergency_molotov_flames_02
1191	848 -919 216
1192	30718036-A2E1-0DCF-31B7-9881FDE5E42C
1193	vfx_emergency_window_godrays_01
1194	0 358.098 0
1195	D2DCAAC3-9F46-4B91-5FC3-9CF13F68214C
1196	924 310 215
1197	B8427C7C-1C2F-11EE-A10D-6C6A77E3CEAB
1198	B8427C83-1C2F-11EE-A949-6C6A77E3CEAB
1199	F2665124-CCCE-F333-0422-A12B120A30F7
1200	CE1BB942-BA1A-11EE-8E48-6C6A77E3CEAB
1201	962CBE96-EA99-B98A-227D-E45BF6762627
1202	scriptable_ee_construction_tool_box_metal_01
1203	829 43 216
1204	1088 -112 216
1205	scriptable_hardpoint_chevron
1206	bink3
1207	1048 -448 216
1208	-1424 -384 216
1209	48D39232-3ACC-11EE-8E2F-6C6A77E3CEAB
1210	-1421 -392 216
1211	-965 100 216
1212	3242CF50-A733-4F58-3299-E781CE0F3AFA
1213	7B988105-3AD9-11EE-8E2F-6C6A77E3CEAB
1214	DBC6B5B9-BA67-11EE-8E48-6C6A77E3CEAB
1215	scriptable_electrical_emergency_blink_lab
1216	-1377 -211 214
1217	F7E7AFEF-CB8D-11EE-8E4E-6C6A77E3CEAB
1218	9B4210CA-3AC0-11EE-8E2F-6C6A77E3CEAB
1219	-1440 -230 212
1220	1F791769-CF83-2ECF-445E-800529BC98C2
1221	C4B7E1AA-C0FF-37F1-B059-A6B7B0C6B4F8
1222	pipe_metal_painted_sprinkler
1223	F0F52DD5-7381-11EE-8E40-6C6A77E3CEAB
1224	1072 -432 216
1225	6CB82DC9-21AF-11EE-8E2B-6C6A77E3CEAB
1226	AA10E5FB-BA1B-11EE-8E48-6C6A77E3CEAB
1227	1081 -296 216
1228	0 158.199 0
1229	0 29.9999 0
1230	722.5 -817.5 211.5
1231	1080 -192 216
1232	851 -42 213
1233	pf41dfed45b285028_auto2108
1234	D239D206-F83F-11EE-8E55-6C6A77E3CEAB
1235	jump_up_80
1236	jump_up_40
1237	-512 -2 186
1238	5B00C5C8-BA20-11EE-8E48-6C6A77E3CEAB
1239	vfx/jup/level/mp_jup_emergency/vfx_emergency_blood_drip
1240	4F6ADCA1-B499-11EE-8E47-6C6A77E3CEA8
1241	FEA92FB1-F6B3-6698-847E-A91C6F204D78
1242	02EE038C-2EA4-11EE-8E2E-6C6A77E3CEAB
1243	237 -586 211.5
1244	scriptable_door_lab_metal_glass_mp
1245	scriptable_accessory_icicle_level_64_destr_chunk_01
1246	F90FA0A4-9426-78BC-3A7F-89E7ADF96D27
1247	997B964C-A556-DF96-599A-F0E906F2FA7F
1248	-24 -1376 200
1249	B1AE1692-D310-D49D-9304-ECB10358E3AC
1250	scriptable_container_trash_can_plastic_kitchen_01
1251	0 14.8994 0
1252	secure_loc_l
1253	580B4A1A-F83F-11EE-8E55-6C6A77E3CEAB
1254	CE1BB94B-BA1A-11EE-8E48-6C6A77E3CEAB
1255	-858 -52 216
1256	9728E721-F64A-2FBF-C5F5-C41C0216E6AF
1257	axis
1258	01615560-449B-66A9-813E-977C09CE8DE3
1259	0 4.59894 0
1260	cp_intel_documents
1261	E0891932-CB8D-11EE-8E4E-6C6A77E3CEAB
1262	0 151.095 0
1263	7AF1E972-3AC6-11EE-8E2F-6C6A77E3CEAB
1264	-1431.5 -1175.5 198
1265	3D79AF99-F83F-11EE-8E55-6C6A77E3CEAB
1266	-904 592 216
1267	0 195 0
1268	6305DE8C-3AC6-11EE-8E2F-6C6A77E3CEAB
1269	mp_koth_spawn_secondary
1270	vfx_emergency_vista_godrays_low_emissive
1271	-1444 -340 212
1272	pf6c5687d7ef5a44cf_auto2108
1273	55188AF0-C45F-C613-1582-F15083848120
1274	D81E1E11-3AC6-11EE-8E2F-6C6A77E3CEAB
1275	FD614FF2-0985-A55A-C191-76CD41E6DB24
1276	-1240 -144 216
1277	5B4C2EB7-3AC4-11EE-8E2F-6C6A77E3CEAB
1278	955 694 214
1279	5E6979B7-2EA4-11EE-8E2E-6C6A77E3CEAB
1280	86AB7E52-7A3B-FB22-5DFA-5F061B30E880
1281	9D5F6A59-B8F2-E75C-F670-EB33A3452FC5
1282	vfx_emergency_chimney_smoke_01
1283	4A6CC5B9-3AC6-11EE-8E2F-6C6A77E3CEAB
1284	B2C37387-1BD6-D68D-0A8D-D34C3972418E
1285	-1450 -429 216
1286	0 232.599 0
1287	-980.5 144.5 214
1288	73A15009-F840-11EE-8E55-6C6A77E3CEAB
1289	scriptable_medical_centrifuge_01
1290	F0B5E424-3ACA-11EE-8E2F-6C6A77E3CEAB
1291	9C9DB1E9-2EA3-11EE-8E2E-6C6A77E3CEAB
1292	12131559-2EA4-11EE-8E2E-6C6A77E3CEAB
1293	A4F4F737
1294	E406314E-7380-11EE-8E40-6C6A77E3CEAB
1295	2A6500E1-6857-48D8-26EE-A3090100B734
1296	1088 -232 216
1297	-1431 -378 214
1298	scriptable_ee_electronics_television_wall_mounted_medium_on_grandprix_02
1299	mp_ctf_spawn_axis_start
1300	9DC53030-61FD-583F-E422-20FD28D1F455
1301	864 395 214
1302	trash_bin_metal_03
1303	77DED86E-CB8D-11EE-8E4E-6C6A77E3CEAB
1304	1070 109 228
1305	mp_xfire_spawn_team_three_start
1306	72B68F86-C132-CE34-850D-62B2920D0C35
1307	CD33806B-2D1E-11EF-95CE-68545A904D17
1308	5B00C5BF-BA20-11EE-8E48-6C6A77E3CEAB
1309	847 333.5 211.5
1310	DC57FCD9-137E-B2CE-3EC7-7E9B03E316BB
1311	FCDA21B9-29F6-11EF-95CE-68545A904D17
1312	28E7ED43-66A6-9F25-E908-5D9D993691E7
1313	0 287.52 0
1314	C8693D14-2EA3-11EE-8E2E-6C6A77E3CEAB
1315	pf8e2c53600e195d89_auto2108
1316	891F98CB-0738-BB0E-50FD-0231A8A7B1B8
1317	D1B1DBCA-B95B-11EE-8E48-6C6A77E3CEAB
1318	8A616CAA-B0A9-A610-30C2-4023E9B54A33
1319	-1431.5 -340 212
1320	F9C5A2B5-3ACB-11EE-8E2F-6C6A77E3CEAB
1321	53ECFCBF-34BB-636B-6B07-756B149C61BB
1322	EB8BD297-2972-BEF0-34B5-275631996E5B
1323	-1424 -440 216
1324	F7839864-7381-11EE-8E40-6C6A77E3CEAB
1325	pf10f54d1b12bb7b58_auto2108
1326	mp_sd_spawn_attacker
1327	574272BB-B1F5-1A8C-F78D-8D22CEDE8B69
1328	scriptable_bathroom_toiletries_bottle_pump_01
1329	9EDA330F-C01B-EA19-E745-A730A731443A
1330	vfx_emergency_lensflare_warm
1331	EECC245A-9965-6AB0-17F6-F3CA6D23D043
1332	6C749792-B498-11EE-8E47-6C6A77E3CEA8
1333	6A2E098C-3AC4-11EE-8E2F-6C6A77E3CEAB
1334	938 684 211.5
1335	-1424 -320 216
1336	68FC7E9C-CB8D-11EE-8E4E-6C6A77E3CEAB
1337	0 208.098 0
1338	standby
1339	B5070108-5224-A623-F555-1A371E9C3D1F
1340	-1448 -1160 200
1341	vfx/jup/level/mp_jup_emergency/vfx_emergency_blood_decal_01
1342	mp_xfire_spawn_axis_start
1343	dmz_elimination_quest_cache
1344	6E023BC9-BA20-11EE-8E48-6C6A77E3CEAB
1345	B8427C89-1C2F-11EE-89BF-6C6A77E3CEAB
1346	576F69E2-970B-46EF-CFD4-0149C8AFEEE0
1347	61E9CC83-66CA-11EE-8E3D-6C6A77E3CEAB
1348	F7839861-7381-11EE-8E40-6C6A77E3CEAB
1349	0 357.099 0
1350	E8F4820E-4221-FBA3-ADE8-1A1E88B3A798
1351	base
1352	4E742020-D2AA-B61F-CDC1-7DFE9381A9F6
1353	CE1BB96F-BA1A-11EE-8E48-6C6A77E3CEAB
1354	-665 -354 213
1355	-1117.5 -713 215.5
1356	885 -808 216
1357	vfx/jup/level/mp_jup_emergency/vfx_emergency_molotov_main_burn
1358	-1371 -273.5 216.5
1359	50531E38-F83F-11EE-8E55-6C6A77E3CEAB
1360	000D8934-087F-B405-3099-E29CDD4BB8B1
1361	A0A96423-2D1E-11EF-95CE-68545A904D17
1362	EA422181-5417-30C7-C86A-2656BB0E33C2
1363	0 311.6 0
1364	1032.5 -187 211.5
1365	8B40EC4A-FBF8-077D-3022-C7AFA82DA9DE
1366	vfx_emergency_chimney_smoke_02
1367	scriptable_decor_trash_can_plastic_office_01
1368	pf10cddf02009c477_auto2108
1369	9C9DB1E6-2EA3-11EE-8E2E-6C6A77E3CEAB
1370	647A6B26-8670-2D98-C602-269E2FB93486
1371	312579BE-2EA4-11EE-8E2E-6C6A77E3CEAB
1372	93B0E2FE-1B8D-8A81-72D3-6258FA85E18A
1373	FEFAD565-A45C-F221-8187-276D0C30CCE1
1374	scriptable_com_computer_mouse
1375	CE1BB966-BA1A-11EE-8E48-6C6A77E3CEAB
1376	EA78EC9D-3ACB-11EE-8E2F-6C6A77E3CEAB
1377	0532EA9D-2105-11EE-8E2B-6C6A77E3CEAB
1378	0 186.099 0
1379	-1438 -136 216
1380	-1429.5 -302 201
1381	unlocked
1382	AD410010-3ACA-11EE-8E2F-6C6A77E3CEAB
1383	1072 -152 224
1384	3759FB26-3AC6-11EE-8E2F-6C6A77E3CEAB
1385	pf1031755af45255b5_auto13
1386	BBC72A1D-5FED-443B-A097-42E37087B9E5
1387	30224326-9213-83CE-8C43-3A6EF3B343E4
1388	scriptable_uk_fire_extinguisher_small_01
1389	pf4476a3223de3e613_auto18316865748939182362
1390	0 320.239 0
1391	E4315970-2104-11EE-8E2B-6C6A77E3CEAB
1392	8F2E1DAE-A3E3-FE7E-16E4-9C3C181B8F5E
1393	A4A890C3-2EA3-11EE-8E2E-6C6A77E3CEAB
1394	E51B51B8-8D8B-F569-50B4-EA90CF573FAA
1395	-698.5 -339.5 214
1396	auto_mp_jup_emergency_cfx.map
1397	72E13154-9B82-99CD-8393-4ED9551005BB
1398	0 335 0
1399	5DD72E64-F840-11EE-8E55-6C6A77E3CEAB
1400	31D11663-9EF9-F7FF-11DA-8A708FCA8081
1401	6E023BCC-BA20-11EE-8E48-6C6A77E3CEAB
1402	-402.297 -560.46 208
1403	vfx/jup/level/mp_jup_emergency/vfx_emergency_lensflare_warm
1404	6CD1BDB0-1356-6E47-B163-1152C7BF41CE
1405	EDEE4503-CB8D-11EE-8E4E-6C6A77E3CEAB
1406	scriptable_uk_tool_box_small_01
1407	1056 -216 232
1408	97150542-BED0-C6BD-068F-AE574E8F6ACA
1409	07081D1B-BA1C-11EE-8E48-6C6A77E3CEAB
1410	0 84.7991 0
1411	-706 -334.5 212.5
1412	office_military_paper_stack_01_dyn
1413	light_part
1414	1032.5 -241 211.5
1415	-1461.46 -1305.54 200
1416	C997E178-2EA8-2881-25E6-AFA2A267FEBE
1417	0 110.572 0
1418	F3AB1CAE-A2BD-A309-AE64-AB1DD2CB06C4
1419	A792C157-DDF0-F09A-2B9A-A84FCBEA4D65
1420	-811.5 -312.5 216.5
1421	bash_left_90
1422	C88C3122-F840-11EE-8E55-6C6A77E3CEAB
1423	B8427C80-1C2F-11EE-9EBE-6C6A77E3CEAB
1424	30EDAE88-8854-6C26-7D23-773CD73643DC
1425	0 238.098 0
1426	615AAEB0-B761-CD9C-1285-57D02F122924
1427	-976 600 216
1428	E5B67F14-7D31-4955-C349-470CA7FC6A7F
1429	962 -353 212
1430	vfx/jup/level/mp_jup_emergency/vfx_emergency_fire_smoke_02
1431	0 170 0
1432	E6AB14DB-B95B-9373-1042-60CBC72567BA
1433	62F51DEF-A938-2A57-A872-E2256BB671B1
1434	tag_geo_frag_a_004
1435	B9BF9776-1304-91CA-CFC2-03D291CAA091
1436	scriptable_un_office_computer_monitor_02
1437	mp_ctf_spawn_secondary
1438	1064 -360 216
1439	379ECD67-6CBC-38E8-5E8F-2C0A3F6DE20B
1440	86EFFB7D-FE82-3A6E-364E-30F9795CA7FF
1441	7F69214D-2D1E-11EF-95CE-68545A904D17
1442	F6B07AFF-3ACA-11EE-8E2F-6C6A77E3CEAB
1443	1048 -128 216
1444	1064 -120 216
1445	1067.64 -430.371 216
1446	-1460 -824.5 196
1447	E05246B5-853C-812F-B33C-533DF9CC3063
1448	-920.5 -32.5 216.5
1449	4D756BF3-9A03-9588-A9C6-F713C0A2ABCB
1450	hardpoint_vis_03
1451	-612 -1184 216
1452	024DFCA4-CB8D-11EE-8E4E-6C6A77E3CEAB
1453	-1339.5 -129 211.5
1454	CE9C74B4-CB8C-11EE-8E4E-6C6A77E3CEAB
1455	C6F07B45-CB8C-11EE-8E4E-6C6A77E3CEAB
1456	C9F26352-50FC-3AB6-9AE6-FE02E763A55F
1457	0 263.098 0
1458	vfx_emergency_lensflare_white_blink
1459	hidden
1460	C1B51F70-6F7A-4A9F-BDBD-639EECDD2721
1461	mp_warrior_spawn_team_three_start
1462	-901 585 211.5
1463	-1295.5 -301 217
1464	62DFBF0F-807F-5C69-EEDB-8E67F3F2D599
1465	vfx_emergency_heavy_snow_slow_fall_01
1466	1072 -240 216
1467	CE9C74C3-CB8C-11EE-8E4E-6C6A77E3CEAB
1468	4150E23D-0737-D88E-4AD9-F1B65511B198
1469	FCDA21B0-29F6-11EF-95CE-68545A904D17
1470	5377710B-3AC6-11EE-8E2F-6C6A77E3CEAB
1471	02319268-EB2E-1720-1F96-07E3C9A95C07
1472	-1438 -138 216
1473	5A9E0D61-FAAA-5045-0B68-29B22D6AEEDC
1474	FE6B30A9-5F23-0AA1-7E84-5E14B348139C
1475	-1444 -379 212
1476	pf8dbc6e8f7636d22a_auto4
1477	0 35.7912 0
1478	equipment_box_fan_sml
1479	6AEC4FD1-6224-4D77-8E5C-87EB4DF0018C
1480	5B00C5C2-BA20-11EE-8E48-6C6A77E3CEAB
1481	ee_book_office_folder_02
1482	DB0DD840-3ACB-11EE-8E2F-6C6A77E3CEAB
1483	-718 -1068 198
1484	2760BA30-975C-915A-CA2A-9F7D2CBD3BFC
1485	C5D8B9FD-CB8D-11EE-8E4E-6C6A77E3CEAB
1486	5DD72E84-F840-11EE-8E55-6C6A77E3CEAB
1487	B7E4CF10-82EE-114D-FD14-6B0BF77BA71C
1488	0 132.519 0
1489	1E9A0B15-B5F3-371F-0F36-D0547B98C9AA
1490	872F2534-21AD-11EE-8E2B-6C6A77E3CEAB
1491	A81D949D-F83F-11EE-8E55-6C6A77E3CEAB
1492	1098 145 211.5
1493	-1442 -376 215
1494	0 8.09781 0
1495	0 208.137 0
1496	-727 226 213
1497	pf53490b88e604f0bd_4
1498	-1251.54 -448 214
1499	0 180 0
1500	0 287.198 0
1501	17E03424-320D-A9F9-71AB-6E415D5C649D
1502	B8427C73-1C2F-11EE-A99A-6C6A77E3CEAB
1503	mp_koth_spawn_axis_start
1504	scriptable_p7_box_cardboard_e_closed
1505	1096 192 216
1506	904 -912 216
1507	2EE35F0A-646D-12E1-B245-CE298806BB65
1508	1072 -184 216
1509	vfx_emergency_trash_blowing_paper
1510	-1442 -130 215
1511	55B96706-563D-DB44-E9AB-AD89DF3EE1DF
1512	CE26FC85-E27F-4156-E52E-C0873D790D2E
1513	-1361 -322 212
1514	7E852912-CB8D-11EE-8E4E-6C6A77E3CEAB
1515	67EC4E2B-91ED-5EEF-81B9-292FD37658C6
1516	E0E2B42F-AEAB-632F-D8F4-1FA22CFB7E79
1517	-733 -344.5 216.5
1518	accessory_icicle_level_64_destr_chunk_03
1519	4494F7B0-8D78-E383-B2D7-F8AB4ED2C3A5
1520	1DA42F5A-63D2-11EE-8E3C-6C6A77E3CEAB
1521	A25A2AD2-3AC0-11EE-8E2F-6C6A77E3CEAB
1522	-1448 -207 212
1523	0 175.2 0
1524	32DB88A8-2106-11EE-8E2B-6C6A77E3CEAB
1525	809.5 -899.5 211.5
1526	57F7FE9F-D5EC-F83C-A990-4F304EAC3012
1527	mp_tdm_spawn
1528	-733 157 213
1529	vfx/jup/level/mp_jup_emergency/vfx_emergency_blood_decal_neg_z
1530	320D53C9-D735-11EE-8E52-6C6A77E3CEA8
1531	-1356 -747.996 200
1532	E0F6D5E4-3ED7-11EE-8E30-6C6A77E3CEAB
1533	0 229.499 0
1534	1091.5 -446.5 211.5
1535	vfx/jup/level/mp_jup_emergency/vfx_emergency_blood_pool_02
1536	B07F5280-5556-38B9-9E0B-853718B4571C
1537	pfabe00f1cba664b99_auto4
1538	vfx/jup/level/mp_jup_emergency/vfx_emergency_win_snow_blowing_xl_01
1539	0 314.999 0
1540	-990 599 214
1541	mp_robj_spawn_allies_start
1542	1072 -128 216
1543	1
1544	scriptable_uk_gas_tank_thin_cylinder_static
1545	B43AEED9-2CE3-5E5F-B205-31DE57584065
1546	5781C577-CA99-4739-AFAD-7C8A54D9B08B
1547	tag_geo_frag_a_005
1548	3D88C3F6-16B8-C889-4EBD-AF88A9DA67A2
1549	vfx/jup/level/mp_jup_emergency/vfx_emergency_window_godrays_01
1550	DD12E0E2-7380-11EE-8E40-6C6A77E3CEAB
1551	-1431.5 -228 212
1552	vfx/jup/level/mp_jup_emergency/vfx_emergency_dust_motes_med
1553	scriptable_un_office_computer_monitor_03
1554	fac_metal_extinguisher_02
1555	417D833F-2856-2CDF-20E3-3A023650A3A6
1556	353C4DD7-F840-11EE-8E55-6C6A77E3CEAB
1557	3FA6ED61-C10D-6E15-F048-39CCE943AE27
1558	scriptable_un_office_pen_pencil_holder_01
1559	0E07DBC5-F83F-11EE-8E55-6C6A77E3CEAB
1560	832 -336 216
1561	scriptable_cp_rave_magazine_single_04
1562	E3BA01B1-2EA3-11EE-8E2E-6C6A77E3CEAB
1563	94B644AD-4CED-C7A1-1595-9CFC4AD6E800
1564	FCDA21B6-29F6-11EF-95CE-68545A904D17
1565	hardpoint_vis_02
1566	DBC6B5A8-BA67-11EE-8E48-6C6A77E3CEAB
1567	ACEB21B8-D736-11EE-8E52-6C6A77E3CEA8
1568	-1429.5 -366 201
1569	vfx/jup/level/mp_jup_emergency/vfx_emergency_lensflare_headlight_cold
1570	5F5D4C30-3AD9-11EE-8E2F-6C6A77E3CEAB
1571	65639B52-84AD-169F-7396-A517DD94D943
1572	B2528D6F-F676-CFBC-46D5-A63B0B567859
1573	vfx_emergency_blood_decal_pos_z_medium
1574	990EDB46-CB8D-11EE-8E4E-6C6A77E3CEAB
1575	4F6ADC93-B499-11EE-8E47-6C6A77E3CEA8
1576	975.5 -155 216
1577	1056 -256 216
1578	EB721297-6D63-C0AB-ABAF-C4E46C706E26
1579	AA10E601-BA1B-11EE-8E48-6C6A77E3CEAB
1580	57DDA204-F840-11EE-8E55-6C6A77E3CEAB
1581	05FB881F-9F13-47A7-0EF4-2DC7F951F771
1582	6C749787-B498-11EE-8E47-6C6A77E3CEA8
1583	vfx_emergency_win_snow_blowing_xl_01
1584	A0504C15-B75A-83D3-9E6F-ADF34052182D
1585	F6B07B0A-3ACA-11EE-8E2F-6C6A77E3CEAB
1586	-1467 -834 197
1587	C294F178-2884-74CB-5270-EA596E4EDFCA
1588	un_office_paper_stack_01
1589	C0DEF629-726D-EC14-076D-251355261EAF
1590	40C14198-0106-8DD5-99DD-D221DD44BCDD
1591	519C1FA8-AC22-945C-F896-E30D53AEDD93
1592	34631A26-FB2C-8ECC-70AF-B5C9EA7B1D83
1593	-1447 -442 213
1594	1072 -348.5 216
1595	screen
1596	FB6E9C91-CB8C-11EE-8E4E-6C6A77E3CEAB
1597	cp_rave_magazine_single_05b
1598	6A2E097E-3AC4-11EE-8E2F-6C6A77E3CEAB
1599	883BA7A8-FA30-E8C8-B075-BF2DB270AF5E
1600	0 0.297622 0
1601	EC971F1D-2EA3-11EE-8E2E-6C6A77E3CEAB
1602	21C28D76-3C08-A96F-81C2-6955D9442E66
1603	B8422E5A-1C2F-11EE-AE2B-6C6A77E3CEAB
1604	scriptable_accessory_icicle_level_64_destr_chunk_04
1605	FF9C62DA-793A-C4D7-8121-E9A49D3433EE
1606	04E7FEFA-31E7-9E64-37BA-CD3D094A286E
1607	vfx_emergency_blood_handprint
1608	1014.74 -159.28 216
1609	972.5 -256 216
1610	B1078C4B-77ED-9310-B972-402AC9A3CB9D
1611	0 14.9998 0
1612	mp_robj_spawn_secondary
1613	5DD72E87-F840-11EE-8E55-6C6A77E3CEAB
1614	D8691FD3-9C82-5A35-5AEA-6C856D1B676C
1615	36BB3930-CB8D-11EE-8E4E-6C6A77E3CEAB
1616	pf53490b88e604f0bd_3
1617	-1362 -1182 198
1618	1034 60.5 211.5
1619	9BCAEE0C-B498-11EE-8E47-6C6A77E3CEA8
1620	544E9A6D-7799-4633-A227-9EA802F7875B
1621	0 322.298 0
1622	B8422E45-1C2F-11EE-A01A-6C6A77E3CEAB
1623	32 304 208
1624	-1377 -376.5 214
1625	995F15A5-D5E7-0F8E-9D19-F645F9F030B7
1626	0 345.099 0
1627	DD60F856-3052-9934-17F4-60CF0ECBF829
1628	vfx/jup/level/mp_jup_emergency/vfx_emergency_electrical_sparks_01
1629	18681EE6-4800-811D-0DF6-7A768E5EFEF1
1630	1047.16 -422.366 216
1631	61C693CD-3AC4-11EE-8E2F-6C6A77E3CEAB
1632	1092.5 -241 211.5
1633	DBEF73D5-1108-76D2-BECB-A3FA2453ED63
1634	23DCEF92-2107-11EE-8E2B-6C6A77E3CEAB
1635	-1258.46 -444 213
1636	scriptable_medical_bedpan_01
1637	746F2245-A3CC-B9B8-4B74-02353CBA2F2A
1638	37C5E125-3AC4-11EE-8E2F-6C6A77E3CEAB
1639	mp_tdm_spawn_axis_start
1640	scriptable_vk_coffeecup
1641	7E8DC752-58FA-D689-617D-7427272B79E6
1642	5DD72E55-F840-11EE-8E55-6C6A77E3CEAB
1643	-661.5 152 216.5
1644	scriptable_jup_toy_rubber_duck_01
1645	B842A379-1C2F-11EE-8CC4-6C6A77E3CEAB
1646	pf6a4e3f6f924918c7_auto9
1647	-1440 -384 216
1648	42125F18-3ACC-11EE-8E2F-6C6A77E3CEAB
1649	-1443 -267.5 214
1650	0 233.942 0
1651	6C4BD848-F840-11EE-8E55-6C6A77E3CEAB
1652	un_office_computer_monitor_03
1653	pf1031755af45255b5_auto13110160360056907351
1654	23DCEFA1-2107-11EE-8E2B-6C6A77E3CEAB
1655	395 -570 211.5
1656	0EF97187-F840-11EE-8E55-6C6A77E3CEAB
1657	0857E14F-30F5-5700-9685-C72630BB7863
1658	contested
1659	AD256D4B-3AD9-11EE-8E2F-6C6A77E3CEAB
1660	0 315.398 0
1661	scriptable_fac_metal_extinguisher_02
1662	-1445 -1172 200
1663	pf979bef1944e19b2a_auto2108
1664	-898 591 213
1665	-1425 -209 217
1666	vfx_emergency_blowing_snow_ground
1667	-1424 -144 216
1668	9BCAEDEB-B498-11EE-8E47-6C6A77E3CEA8
1669	scriptable_ee_book_office_folder_02
1670	F5778391-FD8D-0BC6-0E97-073C9CD68BAA
1671	-1363 -430 216
1672	2D8CB280-7DB8-07D9-CC86-0539ED925153
1673	D844154B-F83F-11EE-8E55-6C6A77E3CEAB
1674	ee_construction_tool_box_metal_01
1675	0 329.999 0
1676	-1357.23 -394.43 212
1677	-980 294.5 211.5
1678	0532EAA6-2105-11EE-8E2B-6C6A77E3CEAB
1679	pf9dd714c12b4fc49b_auto8479725737322125536
1680	1091.5 -390.5 211.5
1681	-1445 -1316 200
1682	accessory_table_vintage_ashtray
1683	6031B810-252C-D583-6C32-DF2E57660D67
1684	24C7337A-6F12-5FDC-5B12-9081B65F79AD
1685	0 267.031 0
1686	6C104CF5-1FD3-F556-C9CF-DF85C3B1B46F
1687	85BD1D60-890C-05E2-1137-4346596D515A
1688	8ACE0FCC-F840-11EE-8E55-6C6A77E3CEAB
1689	17
1690	2196642F-CE56-584D-84E6-CC9FF655E38F
1691	3CA04E06-D0B1-8540-C934-27AD0A7BDF9F
1692	pf4476a3223de3e613_auto11834893419607873708
1693	1048 -200 224
1694	0 0 0
1695	99333EF3-3AD9-11EE-8E2F-6C6A77E3CEAB
1696	-1295.5 -237 217
1697	vfx_emergency_fire_smoke_02
1698	vfx/jup/level/mp_jup_emergency/vfx_emergency_lensflare_red_blink
1699	3D79AFA4-F83F-11EE-8E55-6C6A77E3CEAB
1700	medical_bedpan_01
1701	26757511-9182-316F-6566-B48BBC5DAD7A
1702	8593B356-764A-C86A-FDA8-F1BEE12D84A3
1703	vfx/jup/level/mp_jup_emergency/vfx_emergency_lensflare_white_blink
1704	0 165 0
1705	scriptable_electrical_blink_fade
1706	A3FBB83F-19F8-DFDC-56BE-D484D7CA4418
1707	vfx_emergency_molotov_flames
1708	8235C62B-0A2A-22BE-7CF5-1AF4F57B9EFE
1709	-945 136 215.5
1710	1068.74 -358.28 216
1711	-972.5 144.5 213
1712	639EC3C1-F2AA-C19C-ACD8-35FBD604EE92
1713	69ADABEE-F83F-11EE-8E55-6C6A77E3CEAB
1714	vfx/jup/level/mp_jup_emergency/vfx_emergency_vista_smoke_plume
1715	0 175.995 0
1716	-985 593 213
1717	vfx/jup/level/mp_jup_emergency/vfx_emergency_vista_white_smoke
1718	D82FE192-4FDF-BBA4-3B38-2B4CA4ED424E
1719	0 239.2 0
1720	-495.5 -1258 216
1721	EFA3ACF1-F2F8-0B1B-7428-D5B8213802EB
1722	FA6D992E-8940-D467-70E3-463A8249F440
1723	DCA16DF5-DF3B-4B64-1254-7E795388B560
1724	scriptable_uk_bottle_oil_med_03_blue
1725	-979 4 216.5
1726	prefabs/createfx/mp_jup_emergency_cfx.map
1727	1091.5 -172 211.5
1728	0 215 0
1729	0 310 0
1730	C8693D3D-2EA3-11EE-8E2E-6C6A77E3CEAB
1731	0 221.571 0
1732	B8427C8B-1C2F-11EE-9F2E-6C6A77E3CEAB
1733	73A15006-F840-11EE-8E55-6C6A77E3CEAB
1734	B842A37F-1C2F-11EE-A31B-6C6A77E3CEAB
1735	mp_ctf_spawn_allies_start
1736	1008.24 -316.28 216
1737	medical_test_tube_group_small
1738	uk_bottle_oil_med_01
1739	013DC774-281A-11EE-8E2D-6C6A77E3CEAB
1740	3
1741	vfx/jup/level/mp_jup_emergency/vfx_emergency_fire_smoke_01
1742	tag_geo_frag_a_003
1743	BE125D01-1A40-02ED-E611-6318F6159FC7
1744	B9BBC221-BA67-11EE-8E48-6C6A77E3CEAB
1745	vfx/jup/level/mp_jup_emergency/vfx_emergency_window_godrays_03
1746	E6603403-3ACA-11EE-8E2F-6C6A77E3CEAB
1747	p7_box_cardboard_e_closed
1748	vfx_emergency_blood_pool_02
1749	243AF211-CA30-1276-E95B-659B3EB34C5F
1750	871.5 77.5 211.5
1751	C3F5AEC3-D4FE-F585-AC9C-4A579E6F0FFB
1752	-1336 -320 216
1753	sign_emergency_exit_light_01_white_on
1754	89E5D4C4-B497-11EE-8E47-6C6A77E3CEA8
1755	6721FA09-3AD9-11EE-8E2F-6C6A77E3CEAB
1756	1053 135 209
1757	093A317E-C861-34AC-74B9-DE04A574FF7B
1758	hardpoint_vis_04
1759	0 2.26047 0
1760	3FF7C797-6B88-EEB7-AAC9-BEC2A324C995
1761	mp_tdm_spawn_allies_start
1762	0 268.098 0
1763	-760 -320 216
1764	-1241 -1297 200
1765	1A67D557-FBD7-4E7C-CEDB-26009C5794B2
1766	mp_robj_spawn
1767	1092.5 -187 211.5
1768	EB9C35F9-F83F-11EE-8E55-6C6A77E3CEAB
1769	A77E3ED7-F840-11EE-8E55-6C6A77E3CEAB
1770	1AAB4500-ACFE-20E6-48B0-F2078EFEDAFE
1771	-1357 -273 212
1772	vfx_emergency_lensflare_red
1773	1032.5 -351.5 211.5
1774	6C3AAB9E-C8E5-6D15-C335-B4176E7472CF
1775	blue::uk_gas_tank_thin_cylinder_static
1776	-967.5 -465.5 207.5
1777	F94584EB-B0D9-7D02-3B8A-DE7345488752
1778	23DCEF82-2107-11EE-8E2B-6C6A77E3CEAB
1779	B8422E5E-1C2F-11EE-AE5F-6C6A77E3CEAB
1780	-1357 -334 212
1781	pf9dd714c12b4fc49b_auto6680476882292568632
1782	uk_tool_box_small_01
1783	60D63AF8-F83F-11EE-8E55-6C6A77E3CEAB
1784	-768 120 213
1785	pf831d93533be79a8c_auto2108
1786	traversal_door
1787	0DE95A2D-6811-5ABB-5C06-AC7BC8533D93
1788	979.5 -425 228.5
1789	scriptable_accessory_icicle_level_64_destr_chunk_03
1790	4367EA57-7E8B-58E8-426F-2ACBF16E2D5B
1791	-1295.5 -173 217
1792	3CE7CAA3-F841-11EE-8E55-6C6A77E3CEAB
1793	scriptable_bathroom_garbage_can_01
1794	A6E536E8-3ACA-11EE-8E2F-6C6A77E3CEAB
1795	frag_a_004
1796	550 -1088 216
1797	936 295.5 213
1798	0 107.799 0
1799	pf7b08bf41cdff1d9a_auto2108
1800	2A5AB81D-B499-11EE-8E47-6C6A77E3CEA8
1801	A8188ACF-F52F-C767-2EF4-E4BCD090AD4F
1802	DD12E0E8-7380-11EE-8E40-6C6A77E3CEAB
1803	6A42596C-897B-0C6F-20F1-ACCE12E1ED41
1804	-1431.73 -448.43 212
1805	0 297.399 0
1806	CE1BB960-BA1A-11EE-8E48-6C6A77E3CEAB
1807	FBA4D9CD-805E-18A0-2D64-80DA9743EE7C
1808	700CD5CE-3ED9-11EE-8E30-6C6A77E3CEAB
1809	0 330.298 0
1810	7B4641FD-3738-00B0-A9E3-BAFD86EE9BFB
1811	11ED3E7E-3351-05C1-F744-0913B39E7076
1812	7170189F-7382-11EE-8E40-6C6A77E3CEAB
1813	0 210 0
1814	B95F090C-CF81-78DC-6488-FA58ABF0E238
1815	DD12E0EB-7380-11EE-8E40-6C6A77E3CEAB
1816	-985 592.5 211.5
1817	B8427C88-1C2F-11EE-98CF-6C6A77E3CEAB
1818	mp_ctf_spawn
1819	0 0.399428 0
1820	0 84.9998 0
1821	decor_trash_can_plastic_office_01
1822	BF83A7A9-CB8D-11EE-8E4E-6C6A77E3CEAB
1823	3AA443CF-E1B4-FA08-73BD-E2C3BC496523
1824	vfx/jup/level/mp_jup_emergency/vfx_emergency_vista_godrays_low_emissive
1825	vfx/jup/level/mp_jup_emergency/vfx_emergency_heavy_snow_slow_fall_02
1826	523 313 217
1827	0EF94115-8E19-AE75-65DB-BF8B9330FE64
1828	-673 -312.5 216.5
1829	0 44.9998 0
1830	-757 238 215
1831	42B39CA6-3F50-FCF0-1A38-ED56D7989F62
1832	scriptable_uk_lighting_ceiling_fixture_01_on
1833	B8425565-1C2F-11EE-8C5C-6C6A77E3CEAB
1834	-991 603 215
1835	-1309.5 -378 211.5
1836	com_computer_mouse
1837	E00790E1-B95B-11EE-8E48-6C6A77E3CEAB
1838	FCDA21A7-29F6-11EF-95CE-68545A904D17
1839	mp_dom_spawn_axis_start
1840	B8422E44-1C2F-11EE-8696-6C6A77E3CEAB
1841	AA622F0D-A27C-CB8D-8B04-8B20E70DF630
1842	1088 -408 216
1843	1026 -321 212
1844	A04FB1DF-3AD9-11EE-8E2F-6C6A77E3CEAB
1845	FA3FA584-2104-11EE-8E2B-6C6A77E3CEAB
1846	0 52.1003 0
1847	841 465 216
1848	6C4BD855-F840-11EE-8E55-6C6A77E3CEAB
1849	0 157.945 0
1850	-680 138 216.5
1851	A955A3CC-1520-B10C-3950-1371F17A605D
1852	74650F71-8632-B4A6-6EDA-53A9CCAB3119
1853	47085852-0DF3-B49B-BF71-D492F4C21BA0
1854	25D2652A-60BF-6229-D945-C4AEA82F4F5D
1855	scriptable_medical_test_tube_group_small
1856	0950A8C6-8684-148E-A777-71030F70DB78
1857	1044 -208 216
1858	D4B14E4A-9713-6748-D9A9-A6001AE04273
1859	CE1BB95A-BA1A-11EE-8E48-6C6A77E3CEAB
1860	C6595E20-5F31-67F5-2F80-2BDF008DC822
1861	B697D0FE-CD71-8767-8476-3866CCAB22FD
1862	1088 -288 216
1863	scriptable_cp_rave_magazine_single_02
1864	-1450.54 -1308.46 200
1865	1065 -153 209
1866	vfx_emergency_dust_motes_med
1867	CE1BB948-BA1A-11EE-8E48-6C6A77E3CEAB
1868	BF95BDDC-B95B-11EE-8E48-6C6A77E3CEAB
1869	9CBC1D4F-2001-A6B6-B5B0-8E209C546D20
1870	0 118.098 0
1871	886553CD-BB17-58CA-3492-CDFE90915EFC
1872	935023CD-687F-71A1-B057-D5D8D4C24C42
1873	0576904A-B26A-B47E-5BE9-046034AE7106
1874	0 211.805 0
1875	851 -446 213
1876	6E023BD2-BA20-11EE-8E48-6C6A77E3CEAB
1877	-1365.5 -382.5 212
1878	-1446 -1310 197
1879	C73E403A-9944-7EDB-4BBF-7D042F12E850
1880	151B9AD2-A27D-62FF-9EA4-3AD317F10F20
1881	924 305 214
1882	819B79A5-CBAF-FFEE-47DF-E538B0FDBA4E
1883	BEC4DBC3-6075-B59F-7A96-966EB06F0230
1884	6C4BD858-F840-11EE-8E55-6C6A77E3CEAB
1885	D28AD467-8835-BADD-226C-D88C6AB46790
1886	-1371 -356.5 216
1887	DA7277F4-C68A-27F9-5967-2AA5A7CC593A
1888	03025760-5DCE-2D0F-F3A1-3C3B82B011B2
1889	scriptable_decor_paper_towel_holder_02
1890	-1446 -1176 198
1891	CB9B6843-43D1-0EC6-FFDB-12C506A93EF4
1892	7E0A1BE1-3EBD-E27D-C819-F40277DCDD8B
1893	B538622E-87FA-35F6-7D72-6480C43A522C
1894	EB9C35E3-F83F-11EE-8E55-6C6A77E3CEAB
1895	-1460 -156 212
1896	-1443.4 -438.453 212
1897	223F24E4-EF49-790B-4D51-21F58BFEFCF6
1898	FF5AD67F-B497-11EE-8E47-6C6A77E3CEA8
1899	6D3149AA-3AD9-11EE-8E2F-6C6A77E3CEAB
1900	mp_warrior_spawn_allies_start_ds
1901	E3BA01AE-2EA3-11EE-8E2E-6C6A77E3CEAB
1902	0 30.3457 0
1903	790CAEB5-04B5-0DE8-EBA6-2934E3D283CB
1904	pfcf6ecdebd0282a71_auto2108
1905	21884D68-CB8E-11EE-8E4E-6C6A77E3CEAB
1906	1032.5 -297.5 211.5
1907	5E6979B4-2EA4-11EE-8E2E-6C6A77E3CEAB
1908	A26D7CC1-7E7E-FD4E-6CD6-6EF383B9E14C
1909	mp_control_spawn_defender_secondary
1910	8133043F-F840-11EE-8E55-6C6A77E3CEAB
1911	-1348 -380 216
1912	59812F77-1E16-BB50-E771-0960D31C918E
1913	CE1BB972-BA1A-11EE-8E48-6C6A77E3CEAB
1914	AEF26FA1-B3A0-EC18-C2D9-8D34BA1C9190
1915	0 262.6 0
1916	128CEEA3-3ED9-11EE-8E30-6C6A77E3CEAB
1917	B8425564-1C2F-11EE-875E-6C6A77E3CEAB
1918	-989 -31 210.5
1919	830DF111-C081-5AAD-777C-AEC3ACB8E23C
1920	49F84477-F83F-11EE-8E55-6C6A77E3CEAB
1921	0 0.999188 0
1922	9C9DB1D4-2EA3-11EE-8E2E-6C6A77E3CEAB
1923	1088 -344 216
1924	23.981 109.919 215
1925	-704 -1184 216
1926	mp_arena_spawn_allies_start
1927	920 -568 208
1928	default
1929	-1432 -390 212
1930	B8427C8A-1C2F-11EE-AE18-6C6A77E3CEAB
1931	-1427.5 -133 211.5
1932	CE1BB984-BA1A-11EE-8E48-6C6A77E3CEAB
1933	-1357.5 -730 198
1934	-1471.46 -830 197
1935	27943E9F-0573-1CC2-40D5-55F113214D23
1936	0 154.7 0
1937	A88D4124-3AC0-11EE-8E2F-6C6A77E3CEAB
1938	explode_left_90
1939	27ED7CA1-8EEC-220D-705A-AB5C7C4861AB
1940	18DFBAD1-E57D-2591-C530-DD55670844D8
1941	9455464D-4683-6255-83B8-E5B9AAB35463
1942	vfx/jup/level/mp_jup_emergency/vfx_emergency_vista_fog_01
1943	-1432 -446 212
1944	1056 -304 216
1945	48D39227-3ACC-11EE-8E2F-6C6A77E3CEAB
1946	frag_a_002
1947	856 16 218
1948	control_vis_b
1949	1F9E8296-F841-11EE-8E55-6C6A77E3CEAB
1950	1019 212 216
1951	scriptable_hardpoint_chevron_secure_01
1952	3E30D81F-ADA5-9D5B-79AB-58B152FE66B5
1953	vfx_emergency_blood_drip
1954	jup_toy_rubber_duck_01
1955	-1371 -300.5 216
1956	vfx_emergency_haze_indoor
1957	8046D346-3D14-665D-87BA-3006EAE7810A
1958	-1377 -267.5 214
1959	831B2332-3AD9-11EE-8E2F-6C6A77E3CEAB
1960	6A2B1B73-95D4-3165-25D4-46BC19038021
1961	0 300 0
1962	scriptable_accessory_table_vintage_ashtray
1963	FAE60C31-311F-C9A2-9870-72ECF7740D0E
1964	pf9dd714c12b4fc49b_auto11898171356454270459
1965	4121CCEC-B499-11EE-8E47-6C6A77E3CEA8
1966	42125F23-3ACC-11EE-8E2F-6C6A77E3CEAB
1967	un_office_pen_pencil_holder_01
1968	5C31C278-032D-B9D6-DEDF-4692D5179533
1969	4F21C028-3AC2-11EE-8E2F-6C6A77E3CEAB
1970	vfx_emergency_light_snow
1971	-408 -304 211
1972	scriptable_jup_electronics_speaker_system_02
1973	2E0320E7-CB8D-11EE-8E4E-6C6A77E3CEAB
1974	0 262.318 0
1975	1048 -256 216
1976	95F139DC-2EA3-11EE-8E2E-6C6A77E3CEAB
1977	2C7AF8C4-93AD-5EF0-513A-5CE0A9CA3E57
1978	-1280 -392 216
1979	1979EBE7-F841-11EE-8E55-6C6A77E3CEAB
1980	0 178.299 0
1981	69406372-66CA-11EE-8E3D-6C6A77E3CEAB
1982	1DA42F70-63D2-11EE-8E3C-6C6A77E3CEAB
1983	3A78604D-7112-2615-07B2-F4198EBEF481
1984	E89B2C40-9904-E31D-2A1F-95E4659EE2D7
1985	BDE82CA6-AB1C-CA19-4237-909AC1E18577
1986	E3D4EAA8-3B33-1311-091E-32BEED79B046
1987	B1123739-247B-8FFE-EF23-DB642FB0A195
1988	uk_bottle_oil_small_01
1989	5DD72E52-F840-11EE-8E55-6C6A77E3CEAB
1990	4A4F4522-9068-AEA9-E3CB-2471F3A41481
1991	scriptable_medical_tools_tray_01
1992	B8427C74-1C2F-11EE-96DE-6C6A77E3CEAB
1993	82786C0E-9046-0CBF-F055-F5EA443556A8
1994	4F21C012-3AC2-11EE-8E2F-6C6A77E3CEAB
1995	-1356 -740.004 200
1996	C8B6DA96-187B-2F13-1E1F-8FC67DBF200F
1997	0 2.26055 0
1998	1B59E4F5-2604-4EA9-EF43-001C95AB9D24
1999	43D9E749-3EAB-5C95-F01E-FA334C2E8614
2000	6B82CF26-1CBA-AE31-94FD-3A09C671EB1E
2001	CE1BB981-BA1A-11EE-8E48-6C6A77E3CEAB
2002	2D60D027-F456-C017-F1E6-4F580D662E5F
2003	-1436.5 -873.5 198
2004	56B89D1F-3AD9-11EE-8E2F-6C6A77E3CEAB
2005	vfx_emergency_flies
2006	jump_down_40
2007	jump_down_80
2008	0 158.299 0
2009	649 -825 209
2010	pf9dd714c12b4fc49b_auto10695588615942576138
2011	94DFC807-2120-B47A-98C3-92C92A467DA3
2012	1DA42F65-63D2-11EE-8E3C-6C6A77E3CEAB
2013	un_office_binder_set_01
2014	B8427C6E-1C2F-11EE-A360-6C6A77E3CEAB
2015	0 74.9989 0
2016	1031 -411.5 211.5
2017	3D79AFAF-F83F-11EE-8E55-6C6A77E3CEAB
2018	scriptable_jup_electronics_card_reader_01
2019	scriptable_hardpoint_chevron_secure_03_panel
2020	DF9EC76D-3ACA-11EE-8E2F-6C6A77E3CEAB
2021	8077C91A-D77E-8B63-16EB-AC8E7D7AA56D
2022	6B5AB2D8-FD7B-A481-F0D2-EA1CE2E3D7DC
2023	827136A8-5EE0-3FD4-8999-76CD29A22843
2024	-1360 -258 212
2025	1027 -398 214
2026	pf3902b6a58e0183d0_auto2108
2027	9FD37A8C-7440-9FB6-7B15-A5EAD2AA97D4
2028	-1448 -158 212
2029	26371D64-F841-11EE-8E55-6C6A77E3CEAB
2030	9046745D-000A-C68F-3609-63AB59D6CD51
2031	vfx/jup/level/mp_jup_emergency/vfx_jup_emergency_vent_01
2032	1577507B-83F8-A504-1D62-F0C93B51C8A1
2033	CE9C74C9-CB8C-11EE-8E4E-6C6A77E3CEAB
2034	0 105 0
2035	frag_a_003
2036	-1224.5 -1302 196
2037	A93E9DC1-D4E2-7656-BC3A-3F41433C3784
2038	B8427C71-1C2F-11EE-8508-6C6A77E3CEAB
2039	pf9dd714c12b4fc49b_auto4971712894855319495
2040	vfx_emergency_ground_debris_01
2041	-1359.5 -205 217
2042	pfc95af6f641704034_auto2108
2043	1056 -128 208
2044	-56 240 208
2045	0FBA5157-EBD6-3C9C-9092-C9317E7750F3
2046	explode_right_90
2047	24C403A1-680A-C75F-261A-B823095D41D4
2048	pfc842f3b5eab98604_auto13110160360056907351
2049	543 694 209
2050	pfc9bb012f77a146ca_auto2108
2051	880 -848 216
2052	pf9dd714c12b4fc49b_auto11349339017610427916
2053	-855 587.5 216.5
2054	2B1BDA86-894A-DE5D-DEEF-0BB79BEDB005
2055	1090.5 -326 212
2056	F54551F8-64B6-6E57-A6F0-42C08093E941
2057	-9232 6656 0
2058	0 60 0
2059	0 268.716 0
2060	1092.5 -130.5 211.5
2061	accessory_icicle_level_64_destr_chunk_06
2062	0 50.2391 0
2063	-8112 6656 0
2064	CE6D71A3-2EA3-11EE-8E2E-6C6A77E3CEAB
2065	0E07DBBC-F83F-11EE-8E55-6C6A77E3CEAB
2066	00A837FA-F840-11EE-8E55-6C6A77E3CEAB
2067	-1244 -1297 202
2068	-1376.5 -383.5 211.5
2069	vfx/jup/level/mp_jup_emergency/vfx_emergency_heavy_snow_slow_fall_01
2070	1ED11F72-BB20-18A1-10C4-22E5F80F2DFD
2071	C11A631B-BA67-11EE-8E48-6C6A77E3CEAB
2072	924 303 216
2073	1EDBF2D7-2106-11EE-8E2B-6C6A77E3CEAB
2074	B8422E61-1C2F-11EE-9DC3-6C6A77E3CEAB
2075	E462C465-9E26-E756-C6C1-F95C3A1C6E5F
2076	chevron_0
2077	851 -42 214
2078	95 -665 211
2079	887 -810 216
2080	-752 240 216
2081	D4B01407-2EA3-11EE-8E2E-6C6A77E3CEAB
2082	1A5B9477-F2CF-C7CF-F23B-4834701C55EB
2083	64326CDC-E731-CCFD-0ED4-0E5CBC74563A
2084	F29751F2-2EA3-11EE-8E2E-6C6A77E3CEAB
2085	0 291.099 0
2086	mp_control_spawn_defender_start
2087	scriptable_accessory_icicle_level_64_destr_chunk_02
2088	vfx/jup/level/mp_jup_emergency/vfx_emergency_molotov_flames
2089	7FA7C0CC-21AD-11EE-8E2B-6C6A77E3CEAB
2090	frag_a_005
2091	control_vis_a
2092	vfx_emergency_vista_godrays
2093	vfx_emergency_light_snow_sml
2094	allies
2095	scriptable_hardpoint_chevron_secure_02
2096	B3FD0BBE-2EA3-11EE-8E2E-6C6A77E3CEAB
2097	9BCAEDF6-B498-11EE-8E47-6C6A77E3CEA8
2098	CE1BB954-BA1A-11EE-8E48-6C6A77E3CEAB
2099	3A71916E-DADF-DB9C-699C-BF1F07F62809
2100	-727 226 214
2101	379B2F13-A4C2-6DC6-CE8B-2FD7F18AAC92
2102	26371D59-F841-11EE-8E55-6C6A77E3CEAB
2103	19049943-2A68-3627-8165-59549174CDC6
2104	mp_koth_spawn_allies_start
2105	97BBD766-A266-A432-7815-E1C255E35CEE
2106	-1224.5 -1233.5 196
2107	927 295.5 211.5
2108	28912594-D84C-9D37-EB3E-A704CC0AAE91
2109	A5AB9323-8FE8-A7EC-14E0-57C17BBC163A
2110	-1421 -328 216
2111	DD12E0E5-7380-11EE-8E40-6C6A77E3CEAB
2112	0 277.398 0
2113	B8427C72-1C2F-11EE-8F64-6C6A77E3CEAB
2114	1032.5 -130.5 211.5
2115	FCDA21C2-29F6-11EF-95CE-68545A904D17
2116	72 88 216
2117	0 220 0
2118	6B2BD329-4026-A3F1-C772-2F0BCC947F0D
2119	-771 72 213.5
2120	hardpoint_chevron_secure_03_panel
2121	34DA0164-3437-E36F-DE6C-6EF52D319249
2122	0 266.132 0
