   1	144 64 -184
   2	E0ACDF63-1808-63E0-F2F6-998AC3B17CD2
   3	23F31D90-FDFB-11EE-A7F6-04ED334DD7C0
   4	-1032 -424 -152
   5	-1040 -408 -168
   6	23F1BDEB-FDFB-11EE-823D-04ED334DD7C0
   7	CCFF47B8-F8EF-6A69-A1B2-829DEF75E341
   8	23EE3B4B-FDFB-11EE-A865-04ED334DD7C0
   9	0D843D08-EA55-F296-34DD-7E3E29ADE47D
  10	vfx/jup/level/mp_jup_shipment_alt_toon/vfx_shipment_alt_toon_sparks_ch_03
  11	5CA54919-E192-524E-EDC3-2BB02E0F86A0
  12	23F2CF74-FDFB-11EE-A60F-04ED334DD7C0
  13	B1ECDB32-B754-619E-A54F-135922E618D8
  14	-1120 152 -168
  15	49161155-0697-F875-2652-0208BACC6977
  16	-79 -811.039 -152
  17	14 -874.039 -148
  18	315A82DA-D203-BB9A-19ED-1E60B33F666B
  19	23E9CE39-FDFB-11EE-9C45-04ED334DD7C0
  20	0 120 0
  21	pf47b58e4b0146842d_auto2108
  22	23EDC617-FDFB-11EE-9C96-04ED334DD7C0
  23	0514B72C-8CDF-8DE0-67F1-5A37F6CA3844
  24	9461DF0F-EE00-9B2C-748E-259B8A9214B6
  25	23EFE91A-FDFB-11EE-B181-04ED334DD7C0
  26	0 285 0
  27	FF45DCEB-77F3-BF60-E6AC-A167B24526F2
  28	23F42F0E-FDFB-11EE-B86B-04ED334DD7C0
  29	3ED35211-8578-C98D-1A59-F8008734676D
  30	23F6C745-FDFB-11EE-9B58-04ED334DD7C0
  31	D7D1DBCF-6F6C-E290-438E-7716A88C600F
  32	E1004702-7950-67F8-2058-4B93C599811A
  33	23EA919B-FDFB-11EE-A11A-04ED334DD7C0
  34	23EDED1D-FDFB-11EE-8ECD-04ED334DD7C0
  35	23F05E49-FDFB-11EE-937E-04ED334DD7C0
  36	23EFC205-FDFB-11EE-8ABE-04ED334DD7C0
  37	A7C49C7E-40A6-9B2C-6B18-0AC67930AA7F
  38	23ED9F01-FDFB-11EE-A8D3-04ED334DD7C0
  39	23EFE913-FDFB-11EE-B1B1-04ED334DD7C0
  40	460C306A-634D-D0D4-3162-AAF91E24CF4A
  41	23F1E503-FDFB-11EE-90EA-04ED334DD7C0
  42	-100 -288 -168
  43	23F36BAA-FDFB-11EE-AC95-04ED334DD7C0
  44	23EE6262-FDFB-11EE-A217-04ED334DD7C0
  45	-1088 -824 -168
  46	hardpoint_4_chevrons
  47	CC70648F-DDEC-16C5-E362-1DBF6EBF377F
  48	D54A2A80-EB50-6458-8713-2C0D65100092
  49	mp_dd_spawn_attacker_start
  50	C0F46B47-E82B-7866-B271-BB6E13303099
  51	4FE1A18F-ECF8-A570-9B37-321C0E3442AC
  52	CC58329F-D218-B238-456D-2BF9988083D6
  53	0 -24 -168
  54	792F7B03-0440-AA6A-D647-2B324EC89F58
  55	44D197C6-C7FB-2456-F20B-5CC5EB78A18F
  56	-72 -882 -164
  57	mp_dd_spawn_defender_b
  58	23EAB89D-FDFB-11EE-8776-04ED334DD7C0
  59	C12716DC-05E4-3221-F0B5-E18CEFC66563
  60	DC9919BA-8E4A-1A0D-5E53-7EC9FDFD188F
  61	23F4F272-FDFB-11EE-8BA9-04ED334DD7C0
  62	mp_control_spawn_attacker
  63	C81883BF-F19C-B733-1AFD-E24DD60DB4CF
  64	vfx/jup/level/mp_jup_shipment_alt_toon/vfx_shipment_alt_toon_wind_lines_ch_01
  65	49 -791.039 -160
  66	7A875011-A74B-07A9-EDE2-4BC7C67F5AB8
  67	23EDC61A-FDFB-11EE-B944-04ED334DD7C0
  68	6723A161-D19F-DB58-4697-C1A8B52735CA
  69	pf68a528727ee462d8_auto2108
  70	58E0293A-D893-1F45-AA2D-E037EE572339
  71	23F4561C-FDFB-11EE-8316-04ED334DD7C0
  72	0 90 0
  73	-1116 340 -160
  74	-862 306.039 -176
  75	23F344AA-FDFB-11EE-B390-04ED334DD7C0
  76	23EF25B3-FDFB-11EE-BF66-04ED334DD7C0
  77	mp_dd_spawn_attacker_b
  78	369CAF7E-FC5F-EF1A-F9A9-17ACED81D24C
  79	0 45 0
  80	23EED797-FDFB-11EE-8484-04ED334DD7C0
  81	mp_dom_spawn_secondary
  82	-1012 228 -180
  83	23EDC610-FDFB-11EE-9B3B-04ED334DD7C0
  84	88 -872 -176
  85	23F20C0E-FDFB-11EE-9468-04ED334DD7C0
  86	1EE6ACC0-FE9F-43A3-7F74-2612AA6717C4
  87	4AE03139-3144-5734-1E1E-77BE769314FF
  88	-680 432 -160
  89	23F25A31-FDFB-11EE-B774-04ED334DD7C0
  90	23F148B5-FDFB-11EE-9D69-04ED334DD7C0
  91	23F47D3B-FDFB-11EE-A571-04ED334DD7C0
  92	752AB1A8-BB19-E77D-4702-C124C414CB0B
  93	7F79E49D-C724-5D3B-718D-6F4DE6CE1BA0
  94	0 141.798 0
  95	-1120 -752 -184
  96	-488 352 -172
  97	23F42F0F-FDFB-11EE-B51F-04ED334DD7C0
  98	A512DDFC-330C-5E0D-5BE3-67B608A95F82
  99	23ED77EB-FDFB-11EE-8BA3-04ED334DD7C0
 100	276D0617-7400-5250-73F0-C3A5005C3F7B
 101	23ED77EF-FDFB-11EE-9E6B-04ED334DD7C0
 102	136 -517 -168
 103	23EDC615-FDFB-11EE-B4C9-04ED334DD7C0
 104	BAF0D412-E82C-161E-03C9-7EAA6DC0A930
 105	23F25A33-FDFB-11EE-A1C3-04ED334DD7C0
 106	mp_dm_spawn_start
 107	CF6C7FEF-F68D-553A-B4E7-4A12E0F5A6FC
 108	0 104.999 0
 109	23F08555-FDFB-11EE-A020-04ED334DD7C0
 110	vfx/jup/level/mp_jup_shipment_alt_toon/vfx_shipment_alt_toon_paper_trash_01
 111	-184 448 -160
 112	CE94AF49-7465-B1EB-2CEF-5539B36A18A3
 113	148 -6 -164
 114	23F20C16-FDFB-11EE-8DE1-04ED334DD7C0
 115	mp_rugby_spawn_axis_secondary
 116	EE35A6E4-3DAC-228B-2BAC-FB163EAA7995
 117	24BFEAE1-4268-38F3-84EE-829578F9A40E
 118	mp_dom_spawn_allies_start
 119	pf619392aa353e6b41_auto2108
 120	5EF8FAB1-7796-23BA-F25A-C9219301E09C
 121	-924 440 -180
 122	mp_arena_spawn_axis_start
 123	A9C0C8F6-E76F-C65A-4351-946FFF675403
 124	23EDC616-FDFB-11EE-817A-04ED334DD7C0
 125	23F0FA90-FDFB-11EE-A23F-04ED334DD7C0
 126	23EAB8A0-FDFB-11EE-8FBA-04ED334DD7C0
 127	23EF73D5-FDFB-11EE-BFAE-04ED334DD7C0
 128	B340FA62-AD07-CFE5-F92E-D0DA646C12C3
 129	23E958FC-FDFB-11EE-81E0-04ED334DD7C0
 130	BC95D97D-8EB9-02A3-5961-765D451C82FE
 131	-467.5 362 -176
 132	23EED78F-FDFB-11EE-A6ED-04ED334DD7C0
 133	23ED50D7-FDFB-11EE-AA1C-04ED334DD7C0
 134	23EF4CCB-FDFB-11EE-97AE-04ED334DD7C0
 135	23F2CF6E-FDFB-11EE-8227-04ED334DD7C0
 136	23F0D380-FDFB-11EE-91B8-04ED334DD7C0
 137	68 -780 -176
 138	23EADFC1-FDFB-11EE-A462-04ED334DD7C0
 139	D4E310D5-B8C4-DB07-9FCC-7C782D2BC8B0
 140	23EEFEA0-FDFB-11EE-A3BC-04ED334DD7C0
 141	23F31D97-FDFB-11EE-AEC8-04ED334DD7C0
 142	23F71568-FDFB-11EE-870C-04ED334DD7C0
 143	46 -862.039 -160
 144	F48D0E48-57B2-B92B-687C-87A6AC025F66
 145	23EEFE9D-FDFB-11EE-A499-04ED334DD7C0
 146	80 -616 -176
 147	97D85EDD-91D2-77AD-99FA-FAEDE6501974
 148	88 -580 -176
 149	-960 -408 -168
 150	-1048 408 -176
 151	78 -586.039 -160
 152	-976 448 -160
 153	12B2FE20-E516-7BE5-F2CF-04F9D19FD915
 154	F2275150-0E11-0279-BEBD-1E385BC405D1
 155	ACB5E2BC-227F-EA20-EE8D-F698804CBE04
 156	136 104 -168
 157	E08E520C-4D4E-628F-DE5B-616B24B68C33
 158	011019BC-E798-0F6A-AFF0-E74D80A5F2C8
 159	23EE896C-FDFB-11EE-882E-04ED334DD7C0
 160	23F148B8-FDFB-11EE-A43B-04ED334DD7C0
 161	1E409FDF-345D-1A1D-4819-ADC9EA9E14E6
 162	112 -304 -176
 163	-136 -212 -168
 164	23F4F271-FDFB-11EE-A9F9-04ED334DD7C0
 165	126 -850.039 -160
 166	120 -212 -168
 167	23EF4CD0-FDFB-11EE-A0FA-04ED334DD7C0
 168	E6804672-37BE-F998-7667-3FD0E5C4CE94
 169	14 -878.039 -156
 170	23EF4CCA-FDFB-11EE-8DE1-04ED334DD7C0
 171	23F36BB2-FDFB-11EE-B465-04ED334DD7C0
 172	23F45625-FDFB-11EE-AE66-04ED334DD7C0
 173	23EFC1FD-FDFB-11EE-8F7B-04ED334DD7C0
 174	5F52D2D1-0FCA-E20E-8098-AB58FB3D8274
 175	23F2CF6B-FDFB-11EE-A22B-04ED334DD7C0
 176	EA4659CF-6A77-0165-AB9A-6F64892AB55A
 177	A374CF5B-91FB-5E9C-77D8-37A3F2362D2B
 178	23EFE914-FDFB-11EE-9CB6-04ED334DD7C0
 179	23F6EE50-FDFB-11EE-A97F-04ED334DD7C0
 180	23F20C13-FDFB-11EE-A7E2-04ED334DD7C0
 181	87 -857.039 -160
 182	-1122 -662 -160
 183	20F05169-6EDE-B9E1-383A-39E1812D62FF
 184	vfx_shipment_alt_toon_paper_trash_01
 185	23F4CB59-FDFB-11EE-8553-04ED334DD7C0
 186	65BEC34E-BBE0-4ADA-F0CE-FA151CD2280A
 187	D9947DA0-BB9E-E1D3-DFCC-5D8E09A065D8
 188	B364F693-90BC-AA0F-BF50-8AEA8511CE37
 189	D2F7F07A-9AE2-B06F-420C-24C933E69F54
 190	138 -658.039 -160
 191	23EE1435-FDFB-11EE-8CD0-04ED334DD7C0
 192	CACF7D5A-526E-9245-3782-4AA92A6FBC83
 193	24 -410 -164
 194	E570EEF0-89C8-9DFD-19B1-E918B6F63F83
 195	B8757293-3923-3AD3-C3BA-8FA61741D53B
 196	23EED799-FDFB-11EE-B12D-04ED334DD7C0
 197	23EFC201-FDFB-11EE-B5FB-04ED334DD7C0
 198	CC577526-E79C-6B2F-4131-A7EA79059AE7
 199	76.3008 -828.18 -172.007
 200	-976 140 -180
 201	152 194 -164
 202	23EA1C5D-FDFB-11EE-9A0A-04ED334DD7C0
 203	9199B709-62EA-A306-9B8A-30D42BD858DF
 204	F5C1D586-D072-C5ED-2232-290F3EC66915
 205	23F47D31-FDFB-11EE-95C2-04ED334DD7C0
 206	vfx_shipment_alt_toon_fluorescent_lensflare_01
 207	0 15 0
 208	088612AA-7C7B-6271-24AA-3B5C70E6883F
 209	-1008 -856 -168
 210	132 -560 -184
 211	-1024 424 -180
 212	0 345 0
 213	23F20C0F-FDFB-11EE-AAA8-04ED334DD7C0
 214	22D3A565-F18A-89D9-7B4E-05DFD8CF2921
 215	-1106 330.039 -176
 216	23F0855A-FDFB-11EE-B388-04ED334DD7C0
 217	136 192 -168
 218	AB461532-D02A-BAA3-DB3E-32D008E18F3B
 219	23F344A7-FDFB-11EE-951F-04ED334DD7C0
 220	23ED50DA-FDFB-11EE-A738-04ED334DD7C0
 221	23E9A726-FDFB-11EE-B6E5-04ED334DD7C0
 222	D75EE0EB-023B-EB47-CD83-2A2F1A7CDFC8
 223	-1016 440 -176
 224	23F0FA8F-FDFB-11EE-A628-04ED334DD7C0
 225	152 -456 -160
 226	BD4A384D-6076-31A8-BF2C-ADB9FED98A3A
 227	142 -611.039 -160
 228	axis_endzone_vis
 229	23EE1437-FDFB-11EE-BA99-04ED334DD7C0
 230	0 179.999 0
 231	23EDED21-FDFB-11EE-8919-04ED334DD7C0
 232	vfx/jup/level/mp_jup_shipment_alt_toon/vfx_shipment_alt_toon_sparks_ch_02
 233	-116 -875.039 -160
 234	-456 360 -176
 235	23F6EE55-FDFB-11EE-A52D-04ED334DD7C0
 236	FEFA59C9-5502-1920-E393-2328954DC541
 237	108 432 -168
 238	23EEB083-FDFB-11EE-9E74-04ED334DD7C0
 239	-1105.8 429.629 -168
 240	31560A87-F980-62EA-843E-A04BCF8FD63E
 241	23F0D38A-FDFB-11EE-AAE1-04ED334DD7C0
 242	A87395A4-562C-BB6A-680F-D7789EE33B17
 243	73E0DCE1-95B3-C5C2-2E62-CFB324F6E332
 244	7E2A2A74-8C03-801B-7740-1777F84DFB75
 245	136 -474 -164
 246	23F0FA8C-FDFB-11EE-AC86-04ED334DD7C0
 247	23EE6260-FDFB-11EE-98F7-04ED334DD7C0
 248	-71 -802 -184
 249	F19E78DA-CEF5-D7AA-76E7-B1BB70A1321F
 250	E4A7A967-3CBB-67DB-0DEC-99CF3947E7DC
 251	0 55 0
 252	58 -802.039 -148
 253	23F20C0D-FDFB-11EE-86CD-04ED334DD7C0
 254	48974991-136D-A335-1967-9BFDE507710D
 255	BDBDC00C-5351-B6CB-8500-4090B014094C
 256	1FCE98A5-D5F4-D899-B741-244FC72EC982
 257	BBB3C6D5-EAC6-8926-5F2E-F910613CE7C7
 258	-1120 -592 -160
 259	mp_dd_spawn_defender
 260	23EDC613-FDFB-11EE-9D9F-04ED334DD7C0
 261	-1117.8 309.629 -168
 262	128 -764 -176
 263	
 264	23EE3B4F-FDFB-11EE-9F96-04ED334DD7C0
 265	vfx_shipment_alt_toon_wind_lines_01
 266	23EC3F60-FDFB-11EE-A258-04ED334DD7C0
 267	55F4C6D2-3858-E906-05E4-E32E07C79478
 268	043057F9-3862-61DB-821B-EBEDF133AD73
 269	192001A7-CF0F-7B17-D31D-0960294DBE43
 270	339A9728-80BF-313A-2F28-D3149BA62C46
 271	23EEB085-FDFB-11EE-8552-04ED334DD7C0
 272	23EC3F62-FDFB-11EE-8FAE-04ED334DD7C0
 273	64 -736 -184
 274	hardpoint_2_chevrons
 275	64128052-9127-52A7-C416-1536A743D12F
 276	23F4A445-FDFB-11EE-8436-04ED334DD7C0
 277	CD2391E2-5AE9-33E0-1D18-2B14B7C4A254
 278	ADCD8903-9B53-CD97-EE98-E08CFD68642F
 279	23F0AC67-FDFB-11EE-A1BB-04ED334DD7C0
 280	-954 186.039 -176
 281	23F0D38B-FDFB-11EE-8DE1-04ED334DD7C0
 282	mp_dm_spawn
 283	23F23326-FDFB-11EE-B93C-04ED334DD7C0
 284	23F196E0-FDFB-11EE-9267-04ED334DD7C0
 285	134 -546.039 -152
 286	23F2A861-FDFB-11EE-8227-04ED334DD7C0
 287	pfb3d2ea358a5d1d0_auto2108
 288	-1034 -872 -164
 289	vfx_shipment_alt_toon_sparks_01
 290	-120 -868 -184
 291	40 -872 -176
 292	361C4CA2-36C3-7D0B-2227-50678B3C98CE
 293	49597E3B-CA86-3B68-777F-5B6836F4E648
 294	26A4272A-344F-F61B-93C4-7561676398C2
 295	23F4CB55-FDFB-11EE-AD6A-04ED334DD7C0
 296	vfx_shipment_alt_toon_light_01
 297	23F2CF71-FDFB-11EE-9DB1-04ED334DD7C0
 298	9B2DDDE5-EE6C-BAEC-B349-BEA7BAA4D19E
 299	23F20C10-FDFB-11EE-85A1-04ED334DD7C0
 300	23F6EE5A-FDFB-11EE-A251-04ED334DD7C0
 301	23F08556-FDFB-11EE-86DA-04ED334DD7C0
 302	-640 -872 -184
 303	23F1E506-FDFB-11EE-96A0-04ED334DD7C0
 304	vfx/jup/level/mp_jup_shipment_alt_toon/vfx_shipment_alt_toon_stream_medium_01
 305	134 -870.039 -156
 306	23F6EE51-FDFB-11EE-846E-04ED334DD7C0
 307	23F2CF69-FDFB-11EE-875E-04ED334DD7C0
 308	vfx/jup/level/mp_jup_shipment_alt_toon/vfx_shipment_alt_toon_sparks_01
 309	23EEB080-FDFB-11EE-B687-04ED334DD7C0
 310	-108 -304 -176
 311	23EEB07D-FDFB-11EE-813D-04ED334DD7C0
 312	mp_rescue_spawn_defender
 313	23F6EE54-FDFB-11EE-BAF7-04ED334DD7C0
 314	23F344A8-FDFB-11EE-88C0-04ED334DD7C0
 315	F3DDC45B-8608-F96A-3F85-D19A476945C9
 316	-1079.3 280.18 -180.007
 317	23F344AB-FDFB-11EE-BB74-04ED334DD7C0
 318	5C162209-1926-6BBB-92AF-DB2BD279D3B0
 319	16 -408 -168
 320	431C27B8-FF1A-E961-3A26-8A5D3984CBF4
 321	23EA1C5B-FDFB-11EE-8601-04ED334DD7C0
 322	23EE3B50-FDFB-11EE-8DF8-04ED334DD7C0
 323	23ED77ED-FDFB-11EE-A31A-04ED334DD7C0
 324	-848 384 -184
 325	23F0AC62-FDFB-11EE-AF3D-04ED334DD7C0
 326	10A4122C-316E-CEF2-828F-9332869161F5
 327	23F20C17-FDFB-11EE-A39B-04ED334DD7C0
 328	20C736FD-78D7-D331-8A99-6365CCBB79DC
 329	23F2CF75-FDFB-11EE-B274-04ED334DD7C0
 330	128 -48 -184
 331	8A2D07C9-7677-0E56-73D3-4A863002E9B2
 332	-48 -880 -168
 333	5E460C51-5845-BE66-4394-D4AB9BA7DF60
 334	2
 335	-896 448 -160
 336	23F2F67F-FDFB-11EE-A8AC-04ED334DD7C0
 337	-648 -840 -160
 338	140 -738 -164
 339	23F392C6-FDFB-11EE-A65C-04ED334DD7C0
 340	24AEF849-82CF-2C66-696C-62B160601812
 341	E92306AF-0205-F9C9-4C3E-3B0101A38468
 342	23F6EE59-FDFB-11EE-9966-04ED334DD7C0
 343	517E076D-85A0-2F53-88BD-E3343926A4C6
 344	23EF73DC-FDFB-11EE-8EBE-04ED334DD7C0
 345	4C27CE33-F8FB-F9B3-C393-581CC307A319
 346	144 -672 -176
 347	E62036F6-547A-814C-BBCA-AB66B7737334
 348	714FE9EF-3627-3C17-3C03-2DB303AB8B3F
 349	D4194B4B-6747-B8B4-4B4C-AF4DABD4556E
 350	mp_dom_spawn
 351	23EEFE9C-FDFB-11EE-B0B9-04ED334DD7C0
 352	23EE896F-FDFB-11EE-98F8-04ED334DD7C0
 353	-901.801 381.301 -168
 354	99E26B13-2E33-37EA-8584-451A0A1489FE
 355	F0072CAB-8BF8-04FC-F3C8-D0D63BF472EC
 356	23F01022-FDFB-11EE-BD5D-04ED334DD7C0
 357	2487DDC2-B47D-934E-E715-F1FE3176EC92
 358	-894 362.039 -176
 359	-184 40 -160
 360	FC9D4239-00E8-4219-C9C7-1E959F8AD62C
 361	104 -220 -168
 362	23EF9AED-FDFB-11EE-90B7-04ED334DD7C0
 363	9A8910A3-B41A-4DDD-3FE7-B1A25C11F799
 364	-760 460 -160
 365	2C178CD1-5D31-40C7-1F7D-6634AF387217
 366	6FBAA6F6-1285-F8D4-E611-50AB0D667E9B
 367	-1112 440 -160
 368	658EEA21-5ECC-8F66-9073-4F2BF2B501C1
 369	C0426B6B-0661-A84C-0047-74171350BE3C
 370	23EE8973-FDFB-11EE-A4F2-04ED334DD7C0
 371	32AC266A-C18C-95BF-4327-D8D23FD09195
 372	23F0372B-FDFB-11EE-B42B-04ED334DD7C0
 373	8C73565A-046A-03C1-838E-1A8701A90F37
 374	23F6C748-FDFB-11EE-90DC-04ED334DD7C0
 375	-1112 -665 -160
 376	23F148B6-FDFB-11EE-B1F0-04ED334DD7C0
 377	94A4996B-EE95-5FF1-E96F-18119D1B33AD
 378	23E9CE3A-FDFB-11EE-87AB-04ED334DD7C0
 379	E3E60515-C34C-B40E-66B4-E93DE47E4A4C
 380	-1088 -220 -176
 381	0 269.999 0
 382	050AAEB0-FF32-B0BC-8F96-B4589A06C00E
 383	-960 184 -176
 384	A07340B5-CF5F-AD62-6102-03A4089C2DA1
 385	01945A96-B420-886E-8FE4-6C51ABA71AF5
 386	68CEC5F7-165B-1EEA-E7A5-0177A8E6D74E
 387	23ED77F0-FDFB-11EE-8FF3-04ED334DD7C0
 388	-304 408 -184
 389	E4608A2D-3C28-13AC-686D-39F4EF531677
 390	23EDC612-FDFB-11EE-8F78-04ED334DD7C0
 391	A5BB1BD6-FC7F-BD58-EC2A-C83C09D28AEE
 392	23EFE918-FDFB-11EE-A078-04ED334DD7C0
 393	-288 -880 -168
 394	60970E60-AD53-BE7E-C639-F320B2B122A9
 395	-944 392 -184
 396	DEF42259-AE11-831D-321D-E002DF729857
 397	23F56799-FDFB-11EE-96CD-04ED334DD7C0
 398	-1088 340 -172
 399	23F08560-FDFB-11EE-810B-04ED334DD7C0
 400	-744 464 -168
 401	23F20C12-FDFB-11EE-83D7-04ED334DD7C0
 402	-1117.8 301.629 -168
 403	23F344A9-FDFB-11EE-8591-04ED334DD7C0
 404	695FCA04-7B88-A807-40D1-8FA1B7D95CD6
 405	-288 -864 -160
 406	23F0D382-FDFB-11EE-9242-04ED334DD7C0
 407	23EF4CCD-FDFB-11EE-8BCF-04ED334DD7C0
 408	23EED795-FDFB-11EE-8DF3-04ED334DD7C0
 409	23EE6258-FDFB-11EE-9071-04ED334DD7C0
 410	-472 256 -176
 411	24B89AD5-2159-CA5E-DCA1-4169FEB24668
 412	77AD0EAB-CA54-1EAB-CBE7-B4436FA452B1
 413	692B1C15-8B59-A822-0B01-7439A50B4828
 414	23ED77E8-FDFB-11EE-B774-04ED334DD7C0
 415	0 145 0
 416	23EEFEA4-FDFB-11EE-9797-04ED334DD7C0
 417	0 150 0
 418	12A5F758-A4B9-CFD5-8FC9-F228E5C0FCF5
 419	-966 386.039 -176
 420	23F0855E-FDFB-11EE-B5E9-04ED334DD7C0
 421	23F0AC6C-FDFB-11EE-BB96-04ED334DD7C0
 422	12A46891-6A1F-B1DE-2597-7E45DDE15C28
 423	pf62f71130a15cb2ad_auto2108
 424	-1072 424 -176
 425	-34 -870.039 -160
 426	23E9CE38-FDFB-11EE-8786-04ED334DD7C0
 427	-1064 160 -176
 428	23F6EE56-FDFB-11EE-B038-04ED334DD7C0
 429	-943.3 424.18 -180.007
 430	23EF73DF-FDFB-11EE-B5D8-04ED334DD7C0
 431	vfx_shipment_alt_toon_sparks_ch_02
 432	2893807B-97C0-0998-DC7B-CA7BBD79E56C
 433	-1112 264 -160
 434	-914 442.039 -176
 435	vfx/jup/level/mp_jup_shipment_alt_toon/vfx_shipment_alt_toon_fluorescent_lensflare_01
 436	-840 312 -176
 437	23EA919A-FDFB-11EE-9870-04ED334DD7C0
 438	-1009.8 177.301 -168
 439	23F344A4-FDFB-11EE-B86F-04ED334DD7C0
 440	23F4F278-FDFB-11EE-980F-04ED334DD7C0
 441	140 -872 -176
 442	7E07E4D0-C947-BC5B-BD98-4284AB9FC528
 443	23F6EE52-FDFB-11EE-8AE3-04ED334DD7C0
 444	-1116 440 -160
 445	23EEFEA7-FDFB-11EE-84F1-04ED334DD7C0
 446	146 -522.039 -156
 447	-304 448 -160
 448	-1110 166.039 -176
 449	152F9907-6E73-6850-33D9-AA643DD40FF1
 450	033A8D43-B57B-0E2A-6533-D795FEB38889
 451	-1040 404 -172
 452	-8 440 -184
 453	-72 432 -168
 454	23F3E0ED-FDFB-11EE-906E-04ED334DD7C0
 455	72 -740 -184
 456	336FED07-F11B-3C01-2791-B12BC220382F
 457	23EEB084-FDFB-11EE-90CE-04ED334DD7C0
 458	136 -523 -168
 459	144 192 -184
 460	23EF25B0-FDFB-11EE-8D29-04ED334DD7C0
 461	5692F993-C92D-3A00-4257-F475E1B66765
 462	mp_cyber_spawn_axis
 463	A04AD1BA-099E-15AC-2037-38481BFFB6FD
 464	vfx_shipment_alt_toon_stream_medium_01
 465	23EEFEA3-FDFB-11EE-B25A-04ED334DD7C0
 466	3EC12821-C5D9-D225-7182-0703C6F7A5EE
 467	3E3AF61E-1670-3A93-34B0-E5D0A3157EF4
 468	-888 -872 -168
 469	23F0D37F-FDFB-11EE-BE71-04ED334DD7C0
 470	vfx_shipment_alt_toon_sparks_ch_03
 471	23F16FCD-FDFB-11EE-933B-04ED334DD7C0
 472	23ED9EFF-FDFB-11EE-9C5A-04ED334DD7C0
 473	-504 -872 -176
 474	23F0D384-FDFB-11EE-BF8B-04ED334DD7C0
 475	90310CAA-05AC-5DB8-AF18-B023E9565600
 476	-184 -882 -164
 477	82A2F1D6-B5DA-A683-ECF7-88E3E350B71E
 478	D1EC9841-6E5F-3F20-C05B-8C84E25F795A
 479	0 315 0
 480	vfx_shipment_alt_toon_wind_lines_ch_01
 481	94CE1AEF-F248-2015-8C9A-7C94C12C0AA2
 482	23EAB8A7-FDFB-11EE-9CCD-04ED334DD7C0
 483	209879EC-173E-F64F-AA5A-16D19E7FD4D9
 484	23F05E45-FDFB-11EE-9B83-04ED334DD7C0
 485	23EED793-FDFB-11EE-8AE6-04ED334DD7C0
 486	23F1E4FA-FDFB-11EE-992E-04ED334DD7C0
 487	23EDC618-FDFB-11EE-AF5E-04ED334DD7C0
 488	-6 -798.039 -160
 489	-1082 154.039 -168
 490	vfx/jup/level/mp_jup_shipment_alt_toon/vfx_shipment_alt_toon_smoke
 491	738D5E99-C28B-E0F9-7417-7CEBA8CBA424
 492	pf84bd3c97672cb2c4_auto3181
 493	23F08562-FDFB-11EE-B762-04ED334DD7C0
 494	23F1219F-FDFB-11EE-9277-04ED334DD7C0
 495	23F16FC5-FDFB-11EE-A77D-04ED334DD7C0
 496	B667DC08-109E-27E3-FEFC-4FE4A49C870A
 497	-70 -813 -176
 498	hardpoint_5_chevrons
 499	D05FD546-B708-D03F-F093-4778704BEA67
 500	23F4A443-FDFB-11EE-89DC-04ED334DD7C0
 501	2794C3B7-08C8-9C18-C022-B6AE7B27CE9C
 502	23F42F0D-FDFB-11EE-B978-04ED334DD7C0
 503	E31FE782-9C81-B920-F0DE-BC1203B325D3
 504	23F0D388-FDFB-11EE-BDB5-04ED334DD7C0
 505	-848 452 -160
 506	9158F7BC-5F1A-6798-5535-438508621B65
 507	94 -870.039 -152
 508	-1105.8 421.629 -168
 509	23EE6265-FDFB-11EE-8EDB-04ED334DD7C0
 510	23F407F8-FDFB-11EE-9132-04ED334DD7C0
 511	23EE8974-FDFB-11EE-BBAA-04ED334DD7C0
 512	01EEEB5D-FC1F-B90A-961E-748907BBBB70
 513	23F08558-FDFB-11EE-9C7C-04ED334DD7C0
 514	C9ACF7D4-9E75-ACB2-8EAE-3749038CD0F1
 515	0 330 0
 516	-1040 -472 -160
 517	91DF7538-E54E-1AFA-F554-836BF95D7F94
 518	23F4CB57-FDFB-11EE-960F-04ED334DD7C0
 519	5278A91D-51DE-9460-3F5F-B0E3ECEEA9C8
 520	-492 360 -174
 521	23F42F09-FDFB-11EE-BC28-04ED334DD7C0
 522	C82770A2-F02D-1EFA-229A-93C60B3CA97E
 523	4574FEB3-0EE2-FB8C-31C5-76725B4698F0
 524	23EE625C-FDFB-11EE-8991-04ED334DD7C0
 525	5944E0D5-995A-0D91-33E7-6427A220325E
 526	2C9391C1-593A-A1D7-CD6D-268CD8F764E7
 527	23EA6A84-FDFB-11EE-A702-04ED334DD7C0
 528	6BAE4939-EB5B-C035-EF17-D1A742CE2C51
 529	-976 212 -172
 530	-1110 330.039 -176
 531	8E6C01CB-1832-21FD-F2DE-EF6AA0A56705
 532	138 -758.039 -148
 533	pf75e72a14ce8cc57d_auto2108
 534	-1032 -488 -152
 535	23EED78C-FDFB-11EE-A60B-04ED334DD7C0
 536	23F01026-FDFB-11EE-A2A0-04ED334DD7C0
 537	3233F094-25BD-117A-14F5-B7E57975E28D
 538	23F1E505-FDFB-11EE-A956-04ED334DD7C0
 539	23EE3B48-FDFB-11EE-B037-04ED334DD7C0
 540	28.3008 -868.18 -172.007
 541	-864 -108 -160
 542	-952 392 -184
 543	-1054 106.039 -176
 544	2BEC1C19-9648-4907-6DDA-8C05379291E9
 545	4C3A3367-AF46-8183-9B71-DF4DC5F76FCE
 546	AF331161-8143-F585-6AE9-1EBCC8410F67
 547	23F05E4D-FDFB-11EE-AB19-04ED334DD7C0
 548	23F45623-FDFB-11EE-8245-04ED334DD7C0
 549	23EE3B45-FDFB-11EE-8928-04ED334DD7C0
 550	23EA436F-FDFB-11EE-A8B9-04ED334DD7C0
 551	23F3E0EC-FDFB-11EE-B1EA-04ED334DD7C0
 552	57FF6934-8B06-3E02-0A1E-5C9EA870DA3D
 553	E3313705-670E-AABF-108C-D0E0DAF50B89
 554	D186F158-5615-2560-7A3B-082DD2980FB4
 555	-944 392 -176
 556	A44D2234-833B-9500-9AB8-A5E6DB552772
 557	E884EE19-B664-3776-B53A-60D8D8314818
 558	17573EC6-733E-6A6B-145E-CC08B8E173E2
 559	E7BC710D-CD4E-7683-E7ED-970961CA3050
 560	23EFE91D-FDFB-11EE-991C-04ED334DD7C0
 561	23F01024-FDFB-11EE-9086-04ED334DD7C0
 562	5B8B797E-6471-F04D-B28C-DF61A8031C58
 563	23F6EE53-FDFB-11EE-A410-04ED334DD7C0
 564	-1077.9 -151.73 -172
 565	vfx/jup/level/mp_jup_shipment_alt_toon/vfx_shipment_alt_toon_smoke_fire_column
 566	23F42F08-FDFB-11EE-93C9-04ED334DD7C0
 567	23EF25B2-FDFB-11EE-B682-04ED334DD7C0
 568	82140D11-CAB2-9C9E-82CE-8474257B0BCE
 569	23EFC1FA-FDFB-11EE-B70A-04ED334DD7C0
 570	4EF851B7-A3CA-F125-5DF3-28FB7A0C98F0
 571	9633F9D1-FEA8-C916-9915-30642EA7AC33
 572	23F08559-FDFB-11EE-92DB-04ED334DD7C0
 573	23EDED1E-FDFB-11EE-A15A-04ED334DD7C0
 574	23F0AC6B-FDFB-11EE-B716-04ED334DD7C0
 575	34EBF735-EC0C-7D85-A50D-F4EDC3E9C4EA
 576	-16 -880 -176
 577	23EAB8A4-FDFB-11EE-AE38-04ED334DD7C0
 578	-1056 -860 -160
 579	23EF9AE9-FDFB-11EE-8A2F-04ED334DD7C0
 580	-2.6992 -823.18 -172.007
 581	pf1dd1468465f990fb_auto2108
 582	23F01023-FDFB-11EE-8660-04ED334DD7C0
 583	83DD5BC1-F0D9-8544-93FD-77E7B56E5250
 584	-892 440 -184
 585	23F05E52-FDFB-11EE-9BB0-04ED334DD7C0
 586	23F08561-FDFB-11EE-9A28-04ED334DD7C0
 587	6D69784E-B9B1-4B44-B01C-67BCCA6742CE
 588	166340B5-1DDB-5D54-FFD9-CED664AA01E5
 589	5D4473F4-96AE-4580-0F90-28F166BA5403
 590	132 400 -168
 591	232C04A5-E484-B846-44BB-BB9B535870F2
 592	D47F00B8-2F61-C401-6D4F-052E2D2E79F5
 593	23F1219C-FDFB-11EE-A597-04ED334DD7C0
 594	23EA919D-FDFB-11EE-922F-04ED334DD7C0
 595	0 255 0
 596	136 -506 -168
 597	0 240 0
 598	23ED9F03-FDFB-11EE-B3EC-04ED334DD7C0
 599	23EF9AF2-FDFB-11EE-9286-04ED334DD7C0
 600	F0CC1C83-E8BC-7331-58DC-697E098FDF5F
 601	23ED50DC-FDFB-11EE-A01A-04ED334DD7C0
 602	23F4A442-FDFB-11EE-AF3A-04ED334DD7C0
 603	-116 -872 -176
 604	23EF25AE-FDFB-11EE-8B6B-04ED334DD7C0
 605	23F20C0A-FDFB-11EE-911E-04ED334DD7C0
 606	-648 -880 -168
 607	484DEC80-915F-649E-8EFC-CFFE8AAD1ECB
 608	prefabs/createfx/mp_jup_shipment_alt_toon_cfx.map
 609	23EA9198-FDFB-11EE-9B19-04ED334DD7C0
 610	-1120 -488 -168
 611	23EDC614-FDFB-11EE-8D87-04ED334DD7C0
 612	E8D2AD7D-17D5-3E39-36C1-5A068F59B348
 613	5B14F508-2677-8C90-E8FD-C60F9CCC21C3
 614	-830 410.039 -176
 615	146 -518.039 -148
 616	23EA6A79-FDFB-11EE-A453-04ED334DD7C0
 617	8F3965D8-CE80-0401-5C85-183DFE5AD7CF
 618	23EE896B-FDFB-11EE-AD2D-04ED334DD7C0
 619	23EE8971-FDFB-11EE-939B-04ED334DD7C0
 620	6670EE3C-5559-31ED-DD3F-A256D0C2CEEE
 621	89AF7157-E07A-9FCD-56FE-C00C119CBE9C
 622	6AFF4302-37ED-83B8-D755-CDD34832D596
 623	F3E9040A-C3C8-8CA4-C9DE-6B0F9D8ACEB0
 624	-834 410.039 -176
 625	23F31D98-FDFB-11EE-B8D5-04ED334DD7C0
 626	D5A8A5CA-76D7-BF9A-A935-379C8E123971
 627	23EFE916-FDFB-11EE-847C-04ED334DD7C0
 628	-1048 408 -184
 629	39D893E5-901C-048B-3EC4-93A58512B022
 630	23F47D36-FDFB-11EE-8C7F-04ED334DD7C0
 631	9AE32416-6FE3-375C-968B-909A26BA4A9B
 632	48 -820 -176
 633	23EED790-FDFB-11EE-9306-04ED334DD7C0
 634	23EE896E-FDFB-11EE-A856-04ED334DD7C0
 635	0 80 0
 636	pffa480090ea16febe_auto2108
 637	FBAA7A05-1CC2-4F5F-EF4C-73B755E2A7A4
 638	58F06139-3D20-EB7A-3E61-DBBA34BECC20
 639	FD4E557C-1B87-FD55-F834-8DDB0D33AEE5
 640	-744 392 -160
 641	23EF73DE-FDFB-11EE-9ECA-04ED334DD7C0
 642	446DD80A-DDEF-B2E6-56F8-195B68077A79
 643	23EDC60D-FDFB-11EE-925B-04ED334DD7C0
 644	23F23325-FDFB-11EE-AEFE-04ED334DD7C0
 645	2F5BFE5E-DD69-6673-1AE8-1F70D9FC87C9
 646	8FA28D2E-4984-84DF-8145-DF077CB3994B
 647	539203E0-F8BB-5DEE-150C-235694222FCD
 648	318AD7D5-16C9-A489-FDCA-8E4001794733
 649	89F4B12A-CC14-DF3A-AC19-52F21428BC31
 650	86E23EAF-D135-1A0D-75E9-04A90FCAF774
 651	58 -806.039 -156
 652	-1095.3 352.18 -180.007
 653	23E9A71D-FDFB-11EE-B1A8-04ED334DD7C0
 654	-752 448 -168
 655	-1056 -220 -176
 656	148 -800 -176
 657	-1120 -504 -160
 658	655EFE92-FAE4-B8D8-2E59-81DAA5A121BF
 659	A7681337-3722-EE84-106B-A64FA6B878D1
 660	23F05E48-FDFB-11EE-8D45-04ED334DD7C0
 661	152FAC8D-743B-AE9D-4CC4-9208B3423D54
 662	mp_sd_spawn_defender
 663	-866 306.039 -176
 664	-976 208 -184
 665	8E78DFBE-AACD-CD4F-3313-14CAFBD0423B
 666	23EFE91C-FDFB-11EE-BF75-04ED334DD7C0
 667	EA291979-5158-DDB3-8701-E87D84AF7107
 668	37D07D8C-9774-1E78-7794-E7EAB908EBE5
 669	987F1324-0836-C9BA-646B-7BD312D31307
 670	23F23321-FDFB-11EE-B581-04ED334DD7C0
 671	3DD103D2-96A7-9BE3-47EE-210657BEB5A5
 672	-944 -64 -160
 673	23EE625A-FDFB-11EE-B4AB-04ED334DD7C0
 674	23F47D3A-FDFB-11EE-A713-04ED334DD7C0
 675	144 320 -184
 676	CAA6446E-47CD-D1E0-71F4-A48605058247
 677	23EEFE9F-FDFB-11EE-95CC-04ED334DD7C0
 678	8CE1DBC0-F565-2B6A-CA0F-C66F4F5FA65E
 679	140 -128 -176
 680	-1038 250.039 -168
 681	-952 396 -172
 682	E9D810D7-3BD1-2F0F-EDFA-1C990E1DEFBC
 683	C0300892-4D4D-F1D3-D631-67F443B765EB
 684	23EF9AF0-FDFB-11EE-ACC6-04ED334DD7C0
 685	69C0D529-841B-8766-9988-AA2A1726DD0E
 686	ACACABB4-E225-E3C4-3F8C-4DAB9C0DE8FD
 687	EE603CAA-1F30-936D-3428-C88F8CDE6D8D
 688	242C603C-DF22-9AD5-4E6C-A91130497445
 689	09F71D2A-C0EC-BC54-E375-B482E442BB60
 690	DF698035-39C5-A5A6-1704-8050F01002EC
 691	DA84A2DE-5CDA-39D7-9D2D-47259D1145F2
 692	2D3847BD-5167-13FC-D9DA-E97F27778B1C
 693	136 -448 -176
 694	23EF4CC9-FDFB-11EE-8642-04ED334DD7C0
 695	23ED50D9-FDFB-11EE-9981-04ED334DD7C0
 696	70CDE392-32F3-DEB8-57BD-56C088B2760A
 697	671465D5-CBF6-4839-9B57-2D1512B0C98A
 698	8953A19F-FBC5-732B-D681-D5CA6D473811
 699	-1120 296 -168
 700	23ED9F02-FDFB-11EE-8AE6-04ED334DD7C0
 701	152 -610 -168
 702	23F4561D-FDFB-11EE-A02A-04ED334DD7C0
 703	23F36BB3-FDFB-11EE-994F-04ED334DD7C0
 704	-1071.3 472.18 -180.007
 705	23F47D32-FDFB-11EE-A672-04ED334DD7C0
 706	23F4A446-FDFB-11EE-B70D-04ED334DD7C0
 707	23F0D383-FDFB-11EE-AB94-04ED334DD7C0
 708	mp_koth_spawn
 709	0 325 0
 710	23F3E0EF-FDFB-11EE-83D8-04ED334DD7C0
 711	21EB0E2E-10CC-A314-81BF-E7B1C171B608
 712	23F2CF6D-FDFB-11EE-BE2B-04ED334DD7C0
 713	pfcfa73392a8177b81_auto2108
 714	-644 -880 -168
 715	9EEAB02D-392E-1F79-9EA7-B5D88EC31FC8
 716	5FD3CE31-10AA-0D6E-E09D-F0D249E1D470
 717	23F196D8-FDFB-11EE-9C71-04ED334DD7C0
 718	0 129.999 0
 719	4BC3A414-30EE-25CD-A431-EC482B6C87FA
 720	-1112 144 -160
 721	1B75C370-A3A6-C07D-8A4F-2FA7D4E3A27A
 722	88 -600 -184
 723	23EE8969-FDFB-11EE-8953-04ED334DD7C0
 724	E5C0418D-AE55-3AD2-CDE4-E52BEC971F9C
 725	23ED77EE-FDFB-11EE-AE1A-04ED334DD7C0
 726	-16 -864 -184
 727	662C3804-0A4D-0F08-3B0D-F321449DE249
 728	23F407F9-FDFB-11EE-884E-04ED334DD7C0
 729	0DC8F315-953A-1D1E-588A-3E936F426AF3
 730	128 -860 -176
 731	40706860-1B5B-4514-EFAB-FDBC278A07E1
 732	-456 -872 -176
 733	1011BE8F-BF41-298D-8CB3-C5840519B1F9
 734	vfx/jup/level/mp_jup_shipment_alt_toon/vfx_shipment_alt_toon_sparks_ch_01
 735	EA66F09D-DAA0-FD7D-C3C9-47FA81BBAAE5
 736	472E27D8-612B-A785-E872-4D69819549C0
 737	132 -692 -176
 738	8812850D-1635-E33B-C3E5-9841457CC317
 739	BE3CEB7F-481F-9C85-3BD2-6E10CA7B7C97
 740	23F6C747-FDFB-11EE-99BF-04ED334DD7C0
 741	-1022 226.039 -176
 742	-2 -866.039 -152
 743	23F6EE5B-FDFB-11EE-A6B3-04ED334DD7C0
 744	0 135 0
 745	23EA9196-FDFB-11EE-AC5A-04ED334DD7C0
 746	23F31D93-FDFB-11EE-ADB0-04ED334DD7C0
 747	2830AD72-79D3-7E5F-2A42-228CF4C2401D
 748	811C1888-DF58-8670-F1EA-21F70F5E0046
 749	6BBE90A9-1632-398C-373A-4CA89FC1E00B
 750	-970 386.039 -176
 751	-936 368 -176
 752	124 398 -164
 753	0 270 0
 754	-68 -816 -184
 755	2D035F2B-A656-EF6D-E21B-D5F1CB4423EC
 756	23E958FE-FDFB-11EE-AB44-04ED334DD7C0
 757	23ED77F2-FDFB-11EE-A027-04ED334DD7C0
 758	mp_dd_spawn_defender_start
 759	AE0AC244-5742-DDFF-7B29-BFF1DDBA6957
 760	23F7156B-FDFB-11EE-8A36-04ED334DD7C0
 761	74F5CCCD-1C7D-57C2-F65F-3ACC2AFF74AD
 762	23EFC1FB-FDFB-11EE-B5E8-04ED334DD7C0
 763	23F71566-FDFB-11EE-B57F-04ED334DD7C0
 764	23F4A441-FDFB-11EE-AEFE-04ED334DD7C0
 765	-456 352 -172
 766	23EF9AE7-FDFB-11EE-8F37-04ED334DD7C0
 767	auto_mp_jup_shipment_alt_toon_cfx.map
 768	23EA1C5E-FDFB-11EE-ACEB-04ED334DD7C0
 769	-1120 -616 -184
 770	23EF25B1-FDFB-11EE-A1BF-04ED334DD7C0
 771	45FD05D2-1EC3-07FF-2613-704627F74418
 772	-1112 216 -160
 773	mp_control_spawn_defender
 774	-102 -794.039 -160
 775	-1112 -512 -168
 776	23F31D94-FDFB-11EE-90A8-04ED334DD7C0
 777	-840 368 -176
 778	23EA9193-FDFB-11EE-B35A-04ED334DD7C0
 779	9D394DF3-3CF6-BD4E-87D4-FA2ACA5DEF6C
 780	90 -686.039 -156
 781	23EE143A-FDFB-11EE-AD45-04ED334DD7C0
 782	23EFE915-FDFB-11EE-94DC-04ED334DD7C0
 783	04767100-9BE4-EF7F-B1F0-FA045AD23CCE
 784	-112 448 -184
 785	-1064 168 -184
 786	-100 -318 -164
 787	23F0855C-FDFB-11EE-8835-04ED334DD7C0
 788	23EA6A81-FDFB-11EE-B85D-04ED334DD7C0
 789	23F0372C-FDFB-11EE-A12D-04ED334DD7C0
 790	1BC2FBD6-2121-B065-DA2F-BACE4B03AA54
 791	120 -660 -176
 792	7AD56A25-7AA4-6ACA-3DB2-9965DBBCA549
 793	144 -736 -176
 794	23EF73D8-FDFB-11EE-989D-04ED334DD7C0
 795	23E9A728-FDFB-11EE-AE2E-04ED334DD7C0
 796	23F0D389-FDFB-11EE-8B92-04ED334DD7C0
 797	23EE1431-FDFB-11EE-ACA7-04ED334DD7C0
 798	23E9CE35-FDFB-11EE-B7F1-04ED334DD7C0
 799	23F2CF72-FDFB-11EE-A41F-04ED334DD7C0
 800	E45E4304-D4B0-F20A-C6B9-8652B8385ED3
 801	E4075856-58B8-1791-7877-D28A82E81450
 802	23ED50D6-FDFB-11EE-B98A-04ED334DD7C0
 803	23F121A3-FDFB-11EE-B321-04ED334DD7C0
 804	E99AB8EF-1F5E-D406-A7D1-A46484410B21
 805	DADA817B-E947-D0AD-A778-1035E29B06D0
 806	440CFC3B-DD46-B8D2-8476-67D1B6481177
 807	vfx/jup/level/mp_jup_shipment_alt_toon/vfx_shipment_alt_toon_dripping_water_01
 808	23EE1434-FDFB-11EE-9A6F-04ED334DD7C0
 809	23ED50D8-FDFB-11EE-8B57-04ED334DD7C0
 810	mp_dd_spawn_attacker
 811	-512 -872 -176
 812	23EEB07F-FDFB-11EE-B5BB-04ED334DD7C0
 813	DE23D2AC-280A-C618-0C7F-BA76C3BF9DB2
 814	-898 362.039 -176
 815	-1092 216 -180
 816	23F407FA-FDFB-11EE-88D2-04ED334DD7C0
 817	23ED50DD-FDFB-11EE-AB81-04ED334DD7C0
 818	23EAB8AA-FDFB-11EE-9A5E-04ED334DD7C0
 819	7EAC414A-CFCA-0DC3-C033-664AF5D7D8F9
 820	23EED794-FDFB-11EE-8BA7-04ED334DD7C0
 821	0F8455C2-1EA4-FB9F-08CD-8D909057DA14
 822	mp_cyber_spawn_allies
 823	mp_dm_spawn_secondary
 824	-720 -872 -168
 825	23F0AC6E-FDFB-11EE-AB26-04ED334DD7C0
 826	23F407F4-FDFB-11EE-8500-04ED334DD7C0
 827	vfx_shipment_alt_toon_smoke_fire_column
 828	4C7CD13D-AE6B-1052-BB2E-EEBF2844C66A
 829	-848 316 -172
 830	-376 -504 -176
 831	23F36BB1-FDFB-11EE-86A7-04ED334DD7C0
 832	91540A6F-DF72-365C-70EB-DF362EA99546
 833	6F4025FE-70AF-D1BB-C0B5-0A7F31107799
 834	23F1BDF2-FDFB-11EE-BFFA-04ED334DD7C0
 835	23F2CF6A-FDFB-11EE-81BA-04ED334DD7C0
 836	23EE1436-FDFB-11EE-BAE0-04ED334DD7C0
 837	23EDC611-FDFB-11EE-BB6B-04ED334DD7C0
 838	mp_tdm_spawn_secondary
 839	-1064 64 -160
 840	608138EC-3786-B1F7-DF24-CFE795747CDB
 841	136 0 -168
 842	23F121A2-FDFB-11EE-B555-04ED334DD7C0
 843	-680 432 -168
 844	23F2CF6C-FDFB-11EE-A7F4-04ED334DD7C0
 845	C6BB36F3-7CFC-EBB9-67B3-98D77F58761B
 846	23F392C5-FDFB-11EE-8066-04ED334DD7C0
 847	136 -513 -168
 848	mp_dd_spawn_defender_a
 849	D0C5F504-75F2-EFF3-7D53-65FD5E35390E
 850	23EA6A83-FDFB-11EE-8A12-04ED334DD7C0
 851	23F42F11-FDFB-11EE-847A-04ED334DD7C0
 852	23EF73DD-FDFB-11EE-A22D-04ED334DD7C0
 853	A472BC9E-42D6-AA67-DEF7-6913F569DCF2
 854	23F71565-FDFB-11EE-9009-04ED334DD7C0
 855	-977.801 377.301 -168
 856	-1032 172 -172
 857	2023E39E-1B77-562B-3224-D8ADE5C712BF
 858	0 130 0
 859	03227B5A-FD66-9979-C6D4-56A66EFF5ABD
 860	7BCBED65-6CBB-1DC4-13A7-46FC079399D9
 861	-72 448 -160
 862	23EFC1FE-FDFB-11EE-B824-04ED334DD7C0
 863	C56AA491-ADC8-B2D2-390F-2884032D1383
 864	FD00135F-9491-22E6-0290-50DCD09E4606
 865	23F4CB56-FDFB-11EE-817B-04ED334DD7C0
 866	mp_dd_spawn_attacker_a
 867	-848 432 -168
 868	traverse
 869	-536 -872 -176
 870	3E400FB8-7423-E62D-D565-6C7F7E1A4476
 871	23F23320-FDFB-11EE-9953-04ED334DD7C0
 872	7F748416-729B-7CA9-4C89-594521986B79
 873	128 360 -184
 874	-1064 444 -160
 875	A49F7289-DC7B-8D27-A108-4B97266DEDD6
 876	23EE1432-FDFB-11EE-8F61-04ED334DD7C0
 877	23F4A43E-FDFB-11EE-969F-04ED334DD7C0
 878	-108 -120 -176
 879	23F05E50-FDFB-11EE-BC14-04ED334DD7C0
 880	23EA9199-FDFB-11EE-A7EF-04ED334DD7C0
 881	23F47D38-FDFB-11EE-A138-04ED334DD7C0
 882	23F01020-FDFB-11EE-A37C-04ED334DD7C0
 883	62A21224-3AB9-EA9C-B5F7-78CFD19B9979
 884	23ED9EFD-FDFB-11EE-A1E5-04ED334DD7C0
 885	48 -880 -168
 886	2837721C-79B9-E481-D6C0-04ED9E65CDEF
 887	96CA5D4C-7726-7C14-33FD-F5720B87D400
 888	CCB03B29-38F8-614F-BF38-473DD0BC171F
 889	23EEFEA8-FDFB-11EE-8DB9-04ED334DD7C0
 890	-1000 104 -184
 891	23F20C0B-FDFB-11EE-9F34-04ED334DD7C0
 892	762FECEB-E029-61FB-5B05-A4A5C62B5265
 893	23F3E0F0-FDFB-11EE-B9AC-04ED334DD7C0
 894	-248 -880 -176
 895	33BB21C8-DC48-3379-3033-A1A84993564B
 896	FC10A4B3-6383-4E9D-05F7-C83F298B1B05
 897	98EF5C0B-3BA3-1C61-B068-6BAFBD0C5F5C
 898	48E036CF-8635-5A01-4E13-FF7400FA5DA4
 899	19ABCAEC-CA2D-5585-57FF-CB761CC2F574
 900	-1032 408 -184
 901	-416 352 -176
 902	BFCE6E96-3E32-04EE-A928-0E0DA0E08119
 903	BF70868C-CEE5-22DD-9D5D-CA98894152A6
 904	23EE1439-FDFB-11EE-8B13-04ED334DD7C0
 905	9F0C6571-BCDE-D62E-7F62-F55DA3E9A421
 906	-304 -752 -160
 907	-1040 244 -172
 908	3BD3F74C-08A0-51E9-2257-9EEF596CCC9C
 909	144 4 -184
 910	mp_arena_spawn
 911	vfx/jup/level/mp_jup_shipment_alt_toon/vfx_shipment_alt_toon_sparks_03
 912	5D920638-85C9-C999-AAA0-6CD372A78C82
 913	-1072 -144 -168
 914	pf319b512ff7959a8b_auto2108
 915	23F0FA92-FDFB-11EE-BE88-04ED334DD7C0
 916	C126AEB9-2CD1-BCFB-A9E0-674AA9AAFEE2
 917	-526 -872 -172
 918	-304 456 -184
 919	24FCDD57-AEA2-9173-AEF0-852300F155B4
 920	6D85DE93-EAE4-988F-FB6E-EDF2EF1242B5
 921	-1048 248 -184
 922	0 74.9998 0
 923	57B9FBA4-5BAF-2FD9-8C5B-2B74DEF9FFFB
 924	-1112 -568 -160
 925	23F05E4A-FDFB-11EE-903A-04ED334DD7C0
 926	23F45621-FDFB-11EE-9151-04ED334DD7C0
 927	23ED29CD-FDFB-11EE-9042-04ED334DD7C0
 928	130 -854.039 -160
 929	-1120 360 -160
 930	23F6C742-FDFB-11EE-9E40-04ED334DD7C0
 931	104 -824 -160
 932	23EF9AEA-FDFB-11EE-B216-04ED334DD7C0
 933	mp_control_spawn_attacker_start
 934	23EF4CCC-FDFB-11EE-B7D3-04ED334DD7C0
 935	-376 -472 -176
 936	23F31D96-FDFB-11EE-88B1-04ED334DD7C0
 937	6CC5A074-CB0E-DF4F-5536-41D7B16D0B25
 938	0339421C-8D32-216D-340E-E5C7AB382858
 939	23ED29C8-FDFB-11EE-A110-04ED334DD7C0
 940	23EFE91B-FDFB-11EE-8712-04ED334DD7C0
 941	8AD4607A-1340-31B7-D1A0-49B9DC08FBF7
 942	C0E276C8-30F1-7C43-60E4-F02ECF70E47E
 943	790F4AF4-2597-F813-37C6-C2F10FA1865F
 944	23E9CE3F-FDFB-11EE-AE2E-04ED334DD7C0
 945	0 319.999 0
 946	-224 432 -168
 947	pf9cfe7e7b760df6d_auto2108
 948	23EE625D-FDFB-11EE-B917-04ED334DD7C0
 949	23F0D386-FDFB-11EE-B6CB-04ED334DD7C0
 950	23EF4CD1-FDFB-11EE-8148-04ED334DD7C0
 951	23F0102A-FDFB-11EE-87FC-04ED334DD7C0
 952	vfx/jup/level/mp_jup_shipment_alt_toon/vfx_shipment_alt_toon_light_02
 953	40 448 -160
 954	23EE625B-FDFB-11EE-9619-04ED334DD7C0
 955	23EA6A7B-FDFB-11EE-B314-04ED334DD7C0
 956	23F03735-FDFB-11EE-AF74-04ED334DD7C0
 957	23F4CB58-FDFB-11EE-9E6D-04ED334DD7C0
 958	23F0372E-FDFB-11EE-842C-04ED334DD7C0
 959	23EE8975-FDFB-11EE-B612-04ED334DD7C0
 960	9AA9DC9D-5530-33EF-A2C7-09A06EEF805F
 961	46D6B6F4-79B1-B904-5E6B-6CE164BC845C
 962	9C57A480-00A5-778A-FF85-2853C9EFF376
 963	66 -790.039 -152
 964	-96 -122 -164
 965	-714 -884 -164
 966	0 89.9999 0
 967	6C35C3C1-072F-809F-7251-C3ABAD2FDF78
 968	-296 456 -184
 969	23ED50DE-FDFB-11EE-9F89-04ED334DD7C0
 970	4D983F7B-3A89-B00F-D1D3-A0716994AEBB
 971	-1072 0 -160
 972	F3B8A906-BD3E-89FE-5961-40260EDE33BC
 973	788F9286-619E-E5A8-AF13-C7DBD2500403
 974	vfx/jup/level/mp_jup_shipment_alt_toon/vfx_shipment_alt_toon_steam_ch_01
 975	1805AF99-23CE-D931-828A-354C484977FC
 976	23EDED1C-FDFB-11EE-B526-04ED334DD7C0
 977	72 -328 -168
 978	23EFE912-FDFB-11EE-BC1E-04ED334DD7C0
 979	23EE8968-FDFB-11EE-8DC1-04ED334DD7C0
 980	1F2E5715-D2F5-81FF-A26E-F1009F5CAAFC
 981	5A91C754-3384-540E-D7BA-48F34130243D
 982	23EF9AEB-FDFB-11EE-92B6-04ED334DD7C0
 983	-72 -812 -176
 984	-848 388 -172
 985	BFC8DC28-A659-0ADF-6846-21397BB65A8A
 986	15AAB240-318C-4B9F-4144-C4CF9A71CF5F
 987	8E2E325B-FAFD-D414-F837-7017ECF75F02
 988	23ED77EA-FDFB-11EE-8CFA-04ED334DD7C0
 989	393C9B34-9A75-0048-C272-84AB3711F165
 990	0DBDCAF8-F6CD-4FD5-43A5-C8AA47659E34
 991	23F01029-FDFB-11EE-A0B2-04ED334DD7C0
 992	23EA6A80-FDFB-11EE-8CB9-04ED334DD7C0
 993	A6CA2EE5-0ECD-7060-308B-DE60B6684F8D
 994	scriptable_hardpoint_chevron
 995	0 320 0
 996	-1120 -768 -184
 997	23EF73D4-FDFB-11EE-86D2-04ED334DD7C0
 998	13D5619D-DCC4-A4CF-2C0B-499AC41ADC77
 999	23F0372A-FDFB-11EE-B455-04ED334DD7C0
1000	40137C16-F28B-C4B2-6B26-8810045791D6
1001	-1072 72 -152
1002	23F71563-FDFB-11EE-B36F-04ED334DD7C0
1003	D9681482-CD2C-B6AC-AE5A-D96290E18B65
1004	144 260 -184
1005	-1021.8 441.629 -168
1006	89FA84E1-99D5-CEF7-1300-CC5CCD3481E7
1007	pf6a89e2c4cb290fea_auto2108
1008	23F6EE57-FDFB-11EE-A35D-04ED334DD7C0
1009	23F23327-FDFB-11EE-A670-04ED334DD7C0
1010	0124D377-6988-7964-4AB3-B8AF97A17F7E
1011	23ED9F07-FDFB-11EE-9027-04ED334DD7C0
1012	jump_up_80
1013	jump_up_40
1014	-977.801 385.301 -168
1015	23ED9F00-FDFB-11EE-8656-04ED334DD7C0
1016	-1106 166.039 -176
1017	23EE896A-FDFB-11EE-847B-04ED334DD7C0
1018	23F05E47-FDFB-11EE-B714-04ED334DD7C0
1019	mp_rugby_spawn_axis
1020	23F344A5-FDFB-11EE-A768-04ED334DD7C0
1021	23F71569-FDFB-11EE-9DDF-04ED334DD7C0
1022	C43381EF-7B00-8966-6863-53AB60E5723F
1023	144 132 -184
1024	25279B60-E534-1F5C-2AF5-67A93C2284FA
1025	-878 -880 -164
1026	23EFE917-FDFB-11EE-8075-04ED334DD7C0
1027	vfx_shipment_alt_toon_sparks_03
1028	9916E3C2-255E-A76F-899E-3B696A76AB8F
1029	-864 -120 -160
1030	-935.5 452.539 -168
1031	DB8521F9-A654-68BB-B917-34C9EF63AD9D
1032	CA4E8D66-8CB2-467C-A6F3-2A25DE7A9A71
1033	88 -848 -184
1034	-168 -880 -168
1035	23F344AE-FDFB-11EE-AFDE-04ED334DD7C0
1036	-634 -884 -164
1037	74 -578.039 -156
1038	mp_koth_spawn_secondary
1039	C5EA60E7-3A1B-ED5F-461D-B11E3011E7D9
1040	A5185335-9C11-231C-AF38-DB84FEC0AE3F
1041	116 416 -168
1042	23F7156C-FDFB-11EE-9EE6-04ED334DD7C0
1043	6EC8BBE7-F8B7-3F7C-8138-3822CFF888DA
1044	23EED798-FDFB-11EE-9EBA-04ED334DD7C0
1045	DF2C9EA2-09C7-B798-03A8-BBBF6C1F01D1
1046	23EA6A7A-FDFB-11EE-A60E-04ED334DD7C0
1047	23F45624-FDFB-11EE-9DA2-04ED334DD7C0
1048	9FA4026E-6262-D5F5-747D-67122E67D6FC
1049	C2ABC909-BA6B-B684-F8DE-AB39646A1943
1050	ACD10690-3B14-D917-06FD-7B98D2DB2D3D
1051	4C82F57F-582D-41E7-90F2-FFC4D5FDFED1
1052	23ED77EC-FDFB-11EE-AF26-04ED334DD7C0
1053	-142 -870.039 -160
1054	23F20C11-FDFB-11EE-8269-04ED334DD7C0
1055	23EE625E-FDFB-11EE-AF6E-04ED334DD7C0
1056	pf5d68d2d72cc03a1b_auto2108
1057	-976 432 -168
1058	-868 -316 -160
1059	E980D76C-40D4-3BE3-AA01-7AD93D346D45
1060	-901.801 389.301 -168
1061	23F392C2-FDFB-11EE-993F-04ED334DD7C0
1062	vfx/jup/level/mp_jup_shipment_alt_toon/vfx_shipment_alt_toon_sun_lensflare_01
1063	mp_rugby_spawn_allies
1064	23F0D387-FDFB-11EE-9546-04ED334DD7C0
1065	mp_ctf_spawn_axis_start
1066	23F121A4-FDFB-11EE-A299-04ED334DD7C0
1067	-1112 80 -168
1068	C0C829A5-D9F9-E4F0-DC41-A454972EAB9C
1069	7E7D2B1E-ACA8-BA32-DF3B-10E280EDFD9A
1070	-1088 312 -184
1071	23EF25B4-FDFB-11EE-83A2-04ED334DD7C0
1072	-808 456 -160
1073	23EED792-FDFB-11EE-BCC0-04ED334DD7C0
1074	23F2332C-FDFB-11EE-AFDB-04ED334DD7C0
1075	-1080 -144 -164
1076	23EF73D6-FDFB-11EE-A7D5-04ED334DD7C0
1077	E506FB5E-A796-0AA2-D670-40F4B1D32D53
1078	-100 -144 -168
1079	CCAE545B-2A51-7D90-F206-A94A04BEBB92
1080	23F25A34-FDFB-11EE-B8A4-04ED334DD7C0
1081	23EE625F-FDFB-11EE-9428-04ED334DD7C0
1082	hardpoint_3_chevrons
1083	23F6C741-FDFB-11EE-A431-04ED334DD7C0
1084	23F23323-FDFB-11EE-91B3-04ED334DD7C0
1085	23F0AC68-FDFB-11EE-97DB-04ED334DD7C0
1086	4F1374C2-29CA-68DA-FC80-06AEC1803BDB
1087	7C6BCA4F-1F0B-4EF9-81FD-7524A27523FB
1088	15A86276-C91F-420D-F24E-215373F92AF1
1089	-64 440 -176
1090	23EF4CCE-FDFB-11EE-9B5B-04ED334DD7C0
1091	4C243D42-8CCC-8473-EE42-1AA8B3FDAB3C
1092	-910 442.039 -176
1093	804D57FF-45DF-0260-C297-79C6CB974D84
1094	85AC0A25-0072-426F-4F03-BF5D73D01AD0
1095	134 -654.039 -160
1096	23EEFE9E-FDFB-11EE-9B51-04ED334DD7C0
1097	8460C2F8-14BA-A5E8-CB41-C59E67944CA0
1098	23F196DD-FDFB-11EE-AF6B-04ED334DD7C0
1099	mp_sd_spawn_attacker
1100	23EAB8A6-FDFB-11EE-AA9C-04ED334DD7C0
1101	78D7064C-5359-710C-0444-AC41EE2058AD
1102	23EF9AEC-FDFB-11EE-B934-04ED334DD7C0
1103	23F2F681-FDFB-11EE-B92E-04ED334DD7C0
1104	23EF25B8-FDFB-11EE-BAD4-04ED334DD7C0
1105	-8 440 -168
1106	F7C1B6AB-4CA6-0251-3E64-E70B321CB538
1107	-98 -798.039 -160
1108	58C9DD9A-EAFA-61A7-F63C-91D8AA04839B
1109	25D9E344-13AD-28F8-E1E1-E0164FB6D961
1110	23EADFB4-FDFB-11EE-9EDA-04ED334DD7C0
1111	23F03728-FDFB-11EE-AC36-04ED334DD7C0
1112	B939E9C3-979F-492E-FB43-62A840ACBA5A
1113	65C4EA5C-6CF8-938C-6D4E-C65E2292D7B5
1114	23EE3B46-FDFB-11EE-AC82-04ED334DD7C0
1115	23EDC60E-FDFB-11EE-800D-04ED334DD7C0
1116	-66 -822.039 -156
1117	23F05E4E-FDFB-11EE-BECB-04ED334DD7C0
1118	0 160 0
1119	6004AC41-F734-D0DF-8A34-08840959C66F
1120	CD248CA4-9010-3E1F-9CE4-15BF47D25451
1121	23F6C744-FDFB-11EE-9BDB-04ED334DD7C0
1122	128 -556 -176
1123	E9404E08-F0C5-0A7D-9FD8-C1B4EEE3128F
1124	C62FF9B3-A378-07FE-A3E0-AEB086A899E0
1125	83C2C558-ED73-0791-C102-E4D3A4E583C3
1126	0 115 0
1127	vfx_shipment_alt_toon_steam_ch_01
1128	23EF25B6-FDFB-11EE-86AF-04ED334DD7C0
1129	08167443-AF2E-140F-D77B-BCBBAD4272A9
1130	23ED9EFC-FDFB-11EE-BE46-04ED334DD7C0
1131	674B5C66-5502-FAB7-D882-B54D09124C06
1132	272F0B0F-B51A-0D5C-E004-0EFDFA7ACA40
1133	23F2F682-FDFB-11EE-BDCD-04ED334DD7C0
1134	-688 460 -160
1135	136 -800 -184
1136	23EDC619-FDFB-11EE-893C-04ED334DD7C0
1137	allies_endzone_vis
1138	23F0101F-FDFB-11EE-987E-04ED334DD7C0
1139	23F0AC66-FDFB-11EE-BB25-04ED334DD7C0
1140	23EADFC0-FDFB-11EE-B059-04ED334DD7C0
1141	139 -788.039 -160
1142	30E55318-15BF-BD6A-D711-CCED5A25A6A5
1143	136 -736 -168
1144	-1120 248 -160
1145	23EF9AF1-FDFB-11EE-B696-04ED334DD7C0
1146	pf57c5d3382177a657_auto2108
1147	-1048 248 -176
1148	7000AD38-A873-A3AE-E770-08096F17416D
1149	2FB105CB-F69C-7D80-9CE7-9687AD79408B
1150	8160F97E-40BD-9871-1B3B-7BD1A4A284A1
1151	7C9BD8F3-F051-B554-3D2C-C00358AB3473
1152	D3C44BD1-6154-99B1-C154-9696A2D75AFB
1153	7E1BA6F7-D2D9-9042-7FD0-D58CEDDC0184
1154	24 -808 -184
1155	0243141C-5034-73CF-170A-B0566C21D6C3
1156	23ED77E7-FDFB-11EE-955C-04ED334DD7C0
1157	26E9D653-1638-B9C4-08B6-4DB7335CC6AB
1158	23EDC60F-FDFB-11EE-9321-04ED334DD7C0
1159	23E98018-FDFB-11EE-9759-04ED334DD7C0
1160	F02A4DE2-BE83-B6AF-8301-9F83E667B97D
1161	D6F50030-C48D-770C-654C-9DBE426C24EA
1162	23EA6A7D-FDFB-11EE-990C-04ED334DD7C0
1163	23F1BDEE-FDFB-11EE-A214-04ED334DD7C0
1164	4 -872 -176
1165	-74 -808.039 -160
1166	mp_rugby_spawn_allies_start
1167	75B9EA4E-A301-567E-0869-9C1788BEFBCD
1168	-128 432 -168
1169	-1023.3 416.18 -180.007
1170	30F4F921-55A3-EE51-D8B8-61E624CB7E96
1171	F40CF7A8-16AE-85BD-F22A-FE6E401D4F02
1172	0F6B9C3B-E41E-45C6-01F8-FD0DCD84942B
1173	16E7F05E-5C97-5CA0-D042-87E5C4D07D48
1174	69239E3E-880A-A26E-22F6-56D940F8E57E
1175	-1088 312 -176
1176	23F45626-FDFB-11EE-8011-04ED334DD7C0
1177	-1064 -24 -160
1178	C58E71FC-5140-803E-0A12-4D4B6AB08684
1179	B4541625-BDA4-B7EA-2897-96EE924DC0A6
1180	-264 -810 -164
1181	-1120 136 -168
1182	110 -304 -172
1183	661F1928-7D6A-A8E2-9EAD-9A53797770A1
1184	42F0C918-AB63-37E2-CCA3-595348A13E87
1185	9FBF354C-C62E-3FF8-0F92-F1C72F97B345
1186	A7AE5E0A-1A77-474B-C7B8-11677CEAFE3F
1187	BCAF63A4-C561-D669-2C8A-A1BADA6257F7
1188	88DC3196-FF06-8274-FE26-25603369F59E
1189	23F56798-FDFB-11EE-98B3-04ED334DD7C0
1190	0 335 0
1191	F50A6BF4-785D-6015-C326-B4D5315E0222
1192	128 -672 -184
1193	136 -440 -168
1194	23EAB89F-FDFB-11EE-9CD0-04ED334DD7C0
1195	23F4CB5A-FDFB-11EE-AE44-04ED334DD7C0
1196	23EA6A78-FDFB-11EE-B3B8-04ED334DD7C0
1197	-138 -874.039 -160
1198	142 -822.039 -152
1199	23F0AC69-FDFB-11EE-8D0B-04ED334DD7C0
1200	23F1BDF1-FDFB-11EE-8B23-04ED334DD7C0
1201	EE3885B0-6425-B0F3-26CA-9FB9B6807CDB
1202	23EC3F5F-FDFB-11EE-9872-04ED334DD7C0
1203	pfcef04f893fb6be4f_auto2108
1204	B93F35CE-88F5-A715-7384-F149318C46BB
1205	122 -538.039 -160
1206	68CBEE97-3F08-CB21-1EC5-F55A5A47F51F
1207	23EDED20-FDFB-11EE-89B9-04ED334DD7C0
1208	23ED9F09-FDFB-11EE-822C-04ED334DD7C0
1209	-30 -874.039 -160
1210	136 -784 -184
1211	0D0F3865-9E13-353B-EB21-877D03F5370E
1212	D01B0BAE-D819-FDB4-C6F2-2326E16D701C
1213	5F30EED4-9F24-7296-A1A8-82577A8B0E32
1214	72556205-9BFB-D750-34B3-E3CC5E7C8377
1215	23F5679B-FDFB-11EE-9B91-04ED334DD7C0
1216	23EADFBE-FDFB-11EE-9655-04ED334DD7C0
1217	-935.5 444.539 -168
1218	23F23322-FDFB-11EE-A9E9-04ED334DD7C0
1219	FE7D0465-EA0B-0F73-2853-AFE5775EC61D
1220	23F7156A-FDFB-11EE-ABAB-04ED334DD7C0
1221	mp_ctf_spawn_secondary
1222	D84C643A-500D-3063-0BA6-7D1ABB5426F9
1223	vfx_shipment_alt_toon_stream_medium_02
1224	264E12FF-171A-3129-6083-09D4A6103C90
1225	02F08A11-9416-FA09-AAAF-42687FBF1B8F
1226	B1609A02-6C7F-5819-3AF1-D1FB90D57A44
1227	F6A34357-EFD3-8E95-BF82-D7D0FBA24196
1228	hardpoint_1_chevrons
1229	23F344A6-FDFB-11EE-ABD7-04ED334DD7C0
1230	23F25A30-FDFB-11EE-BC5C-04ED334DD7C0
1231	41FC84C1-9F41-8543-5681-1F6709FC2B99
1232	23EF9AEF-FDFB-11EE-AC9C-04ED334DD7C0
1233	23EE8972-FDFB-11EE-A940-04ED334DD7C0
1234	CA3FF64C-F318-2D35-C5F9-B77511BD5DAF
1235	23EEFEA1-FDFB-11EE-842C-04ED334DD7C0
1236	24CFCE0C-C8B2-98DD-9545-A3374878CE31
1237	BF7C7934-748E-22FA-7EDC-B187053E14AD
1238	57F7BDA9-DDB5-E018-1B32-1FA7B51AECC1
1239	23EF73DA-FDFB-11EE-8419-04ED334DD7C0
1240	23F2CF70-FDFB-11EE-B624-04ED334DD7C0
1241	-1112 8 -160
1242	23F42F0A-FDFB-11EE-9D91-04ED334DD7C0
1243	0DB971D5-3F60-F90F-761C-FF6CF418B524
1244	-1050 106.039 -176
1245	-116 -884 -176
1246	23F2A858-FDFB-11EE-B2DA-04ED334DD7C0
1247	C79A72E8-E0AD-3B67-93C9-57655CF15B8B
1248	DDED0D5C-0C8A-663B-070D-3976AF0D49DE
1249	23F47D39-FDFB-11EE-A506-04ED334DD7C0
1250	23F196D6-FDFB-11EE-B254-04ED334DD7C0
1251	BDDB7061-CE20-29B1-C31E-45A8A0608D2F
1252	87AFA4D3-10DD-C182-E77D-5938B859715A
1253	23F31D8E-FDFB-11EE-BA72-04ED334DD7C0
1254	134 -866.039 -148
1255	8A427CF8-2B84-30D8-BDBB-C9D3095736DB
1256	EC757714-6F1D-0703-8A6D-373CF03B02B3
1257	351682DF-E90A-2064-B042-0B2D6B2DD7D4
1258	84 -596 -184
1259	48 432 -184
1260	23F1BDE9-FDFB-11EE-9056-04ED334DD7C0
1261	23F4A43F-FDFB-11EE-9985-04ED334DD7C0
1262	031DF20D-C579-69A6-8755-61C0DFAFFBAF
1263	-864 -120 -168
1264	vfx/jup/level/mp_jup_shipment_alt_toon/vfx_shipment_alt_toon_wind_lines_01
1265	D57DDAF7-740A-ECE9-3A47-B4968BA2016C
1266	5567EAA9-772D-3E0D-9EC4-748E3AAFAA33
1267	03E2CE05-BAAF-573B-5FE5-A059A231434A
1268	A6627595-5EED-7468-6E70-D53A6AD44F8B
1269	-1026 226.039 -176
1270	4C05769E-70FE-32E8-E330-ACD3AB6E3786
1271	152 -736 -160
1272	23EF73D7-FDFB-11EE-AC50-04ED334DD7C0
1273	0 180 0
1274	23ED9F08-FDFB-11EE-86E2-04ED334DD7C0
1275	138 -762.039 -156
1276	mp_koth_spawn_axis_start
1277	23EAB8A5-FDFB-11EE-993B-04ED334DD7C0
1278	F1C97769-B17B-B4A0-5A83-676A8396D7B4
1279	23F0AC6A-FDFB-11EE-995C-04ED334DD7C0
1280	80 432 -184
1281	23EE3B47-FDFB-11EE-A2C3-04ED334DD7C0
1282	23F0855D-FDFB-11EE-B610-04ED334DD7C0
1283	23F4A447-FDFB-11EE-BD85-04ED334DD7C0
1284	D82F2A6C-940D-4E96-82FA-59C26106F83D
1285	0 340 0
1286	4DD20EE7-F383-D602-C87B-57FB6143971C
1287	mp_tdm_spawn
1288	23EDED25-FDFB-11EE-93AC-04ED334DD7C0
1289	23F6C746-FDFB-11EE-9BBB-04ED334DD7C0
1290	1C627CEB
1291	AB1B34AD-37D5-5CCF-1C11-6269EE2496F9
1292	23ED77E9-FDFB-11EE-821E-04ED334DD7C0
1293	-720 456 -160
1294	-1096 -832 -168
1295	-472 -872 -176
1296	02752542-C39D-4704-7127-C5F2C0BB6763
1297	1
1298	142 -618.039 -148
1299	23F31D92-FDFB-11EE-BA0A-04ED334DD7C0
1300	1DE5AD52-6D71-0AF3-F89F-7536C4722116
1301	B428EFD2-E1FE-F49F-3D69-35B598529EC2
1302	653949E6-3726-337D-987F-526396AEF8C1
1303	23F344A2-FDFB-11EE-BDCF-04ED334DD7C0
1304	6F684DA4-543C-ECDC-C50B-0E9B4B630E6F
1305	-848 420 -180
1306	mp_rugby_spawn_allies_secondary
1307	142 -622.039 -156
1308	-960 184 -184
1309	23F31D8F-FDFB-11EE-AD84-04ED334DD7C0
1310	23F4A440-FDFB-11EE-9555-04ED334DD7C0
1311	23F47D35-FDFB-11EE-BDB8-04ED334DD7C0
1312	53265F4C-3A03-EBE5-8901-02F96061E23A
1313	-1112 240 -176
1314	9EDBF61D-DA74-A6A7-29F1-C2779255F46C
1315	23F0AC63-FDFB-11EE-8D31-04ED334DD7C0
1316	-984 -40 -168
1317	vfx_shipment_alt_toon_sparks_ch_01
1318	-1128 -672 -184
1319	D3D6DA3D-2386-CB50-9E0E-9BEA420717FB
1320	AAC34711-14D6-C22D-0BEF-0D65D3189302
1321	23ED77F1-FDFB-11EE-B793-04ED334DD7C0
1322	CAAA8A74-E920-CAF9-EB05-BF4F6D44B7AF
1323	120 404 -168
1324	-1111.3 432.18 -180.007
1325	23EA4367-FDFB-11EE-BACE-04ED334DD7C0
1326	A5E40E79-3089-89E1-94D7-3EF032C74BDE
1327	23F148B4-FDFB-11EE-9201-04ED334DD7C0
1328	23EEB081-FDFB-11EE-9ABE-04ED334DD7C0
1329	23F0372F-FDFB-11EE-97BD-04ED334DD7C0
1330	-1038 258.039 -168
1331	74 -574.039 -148
1332	23F01025-FDFB-11EE-9E66-04ED334DD7C0
1333	23EA4368-FDFB-11EE-B984-04ED334DD7C0
1334	-1104 432 -168
1335	23EEB086-FDFB-11EE-86A5-04ED334DD7C0
1336	94B9B3A0-A008-D7D6-2181-E3EB22412497
1337	vfx_shipment_alt_toon_smoke
1338	23F36BAE-FDFB-11EE-87C3-04ED334DD7C0
1339	-712 -880 -160
1340	23AEECE9-8F11-BAEF-B82E-66DA9FE9F264
1341	23F03734-FDFB-11EE-AA6C-04ED334DD7C0
1342	23F121A1-FDFB-11EE-8851-04ED334DD7C0
1343	C48AC002-5123-9FE4-DB7B-2E1F641ECE4C
1344	23F31D99-FDFB-11EE-A5C1-04ED334DD7C0
1345	23F407FE-FDFB-11EE-946C-04ED334DD7C0
1346	550525C6-B490-0014-891B-EAE18FF53FA6
1347	7BA99F7F-4B8B-FB2C-FAF8-DCB99A09B8D8
1348	-1064 168 -176
1349	23EED78D-FDFB-11EE-827B-04ED334DD7C0
1350	23F54096-FDFB-11EE-858E-04ED334DD7C0
1351	-1118 226.039 -168
1352	C3EACAEF-D2BE-EA6A-87AA-FB381E29075D
1353	D20B9898-4586-2AA4-531E-F5085DEFB057
1354	148 306 -164
1355	vfx_shipment_alt_toon_light_02
1356	pff17063f6105b6fec_auto2108
1357	23F0AC6D-FDFB-11EE-96A0-04ED334DD7C0
1358	-840 304 -184
1359	23F28146-FDFB-11EE-9CA6-04ED334DD7C0
1360	2260C1CC-D714-E18B-47E8-8B079E2501ED
1361	vfx/jup/level/mp_jup_shipment_alt_toon/vfx_shipment_alt_toon_stream_medium_02
1362	vfx/jup/level/mp_jup_shipment_alt_toon/vfx_shipment_alt_toon_sparks_02
1363	33A3C801-4D56-5A7D-C62D-B8C6FDB07737
1364	F14CF8C6-336F-645F-E0DA-4D669727DE80
1365	23F6EE58-FDFB-11EE-9FC1-04ED334DD7C0
1366	23F47D37-FDFB-11EE-9882-04ED334DD7C0
1367	88 -868 -176
1368	mp_tdm_spawn_axis_start
1369	-1032 168 -184
1370	23EE3B4A-FDFB-11EE-8EA2-04ED334DD7C0
1371	4D9C77FB-384D-171C-6CF6-803B39189A1F
1372	7BDDF806-BB11-D12D-DF30-A81A33916889
1373	23EEB089-FDFB-11EE-A9CA-04ED334DD7C0
1374	-1104 312 -184
1375	4F377790-F711-A602-6A0F-21802A1015E1
1376	B1EB2262-A0A3-C873-7B24-27E8367AA3B3
1377	A1AFB088-B6CE-BCD9-2753-19FE03718665
1378	23F0AC65-FDFB-11EE-A9C5-04ED334DD7C0
1379	521ED6D3-A169-3C5D-C579-B4D03B561E5F
1380	51620020-4736-CCCC-5EE7-220294ED0F3F
1381	23EFC1FC-FDFB-11EE-84A8-04ED334DD7C0
1382	-1112 232 -168
1383	AD8BEA8A-82AA-A0FC-24BD-3FF723E1ED81
1384	868F68D8-4510-6226-E7D7-FFB592349EFA
1385	132 416 -184
1386	48 -882 -164
1387	8AE78193-48CA-EAED-E793-1351ED11F2DC
1388	-136 -880 -176
1389	130 -754.039 -160
1390	23F5679A-FDFB-11EE-9F08-04ED334DD7C0
1391	-304 368 -168
1392	-1060 140 -180
1393	238FAD8F-F6B7-D478-F658-F873C712E9F1
1394	-1064 -24 -168
1395	pf3ee62a6afb452776_auto2108
1396	38BDFBEB-762C-02B1-C8D7-36DBBBD96BD6
1397	0 329.999 0
1398	23F407F6-FDFB-11EE-8ECD-04ED334DD7C0
1399	23F392C4-FDFB-11EE-9913-04ED334DD7C0
1400	EBE62BD2-0966-01E6-B1AC-1B8EF151605A
1401	-896 -864 -168
1402	23F71564-FDFB-11EE-BA4A-04ED334DD7C0
1403	A10B13E0-EE5C-F975-1DB8-6BD778C262CB
1404	-1021.8 449.629 -168
1405	23ED50DF-FDFB-11EE-9B93-04ED334DD7C0
1406	144 -808 -176
1407	vfx/jup/level/mp_jup_shipment_alt_toon/vfx_shipment_alt_toon_light_01
1408	23F1BDEF-FDFB-11EE-A994-04ED334DD7C0
1409	23F407FB-FDFB-11EE-BBBD-04ED334DD7C0
1410	2188A893-EA44-3152-76BA-26038EC75E39
1411	B73291B9-7571-BB82-ACC9-CA559B3F2CA6
1412	136 -496 -176
1413	23EAB8A9-FDFB-11EE-BAC5-04ED334DD7C0
1414	9CD449C0-BD01-480D-C942-F2680A6D10DD
1415	-168 440 -176
1416	-1072 -304 -168
1417	867C52E7-9595-B0CC-7E0C-BCE7052E0E2A
1418	89600F86-2377-25B2-DF5B-5A3F8297FDAC
1419	23EE6263-FDFB-11EE-AAC6-04ED334DD7C0
1420	23EF9AE6-FDFB-11EE-96D5-04ED334DD7C0
1421	0 0 0
1422	-1112 24 -168
1423	23E958FD-FDFB-11EE-AD71-04ED334DD7C0
1424	183B324D-CA49-45BD-A13D-875C56476876
1425	23F0D381-FDFB-11EE-AFDA-04ED334DD7C0
1426	23F2F67B-FDFB-11EE-97DA-04ED334DD7C0
1427	142 -690.039 -152
1428	7F6E3B8A-F438-708D-17A2-2FDC746C6F48
1429	C2158FB7-72AA-61AF-50E4-83C426125EB6
1430	E9DC5268-BCDE-DC07-0B3B-9791D10E5AA2
1431	6E7BB41F-2A70-3393-FE0C-A38C715F2F09
1432	85FA12FB-4B85-BD48-5368-44C9CABF111A
1433	0 165 0
1434	23EF25B9-FDFB-11EE-A09C-04ED334DD7C0
1435	23F16FCB-FDFB-11EE-97AE-04ED334DD7C0
1436	23E9801D-FDFB-11EE-8AEE-04ED334DD7C0
1437	23E958FB-FDFB-11EE-99FA-04ED334DD7C0
1438	103FCB53-D88C-D741-6570-A5913D8E5889
1439	-924 356 -180
1440	12E1DE14-8E20-F36D-F469-E6215446A170
1441	A84F391B-62DD-6BC4-C9AE-66375EC61AC7
1442	23EF25BA-FDFB-11EE-A309-04ED334DD7C0
1443	A0E93FA0-CF32-59B2-0ABE-3C692E7EA398
1444	1790A618-A546-F1B0-781E-64F3D3811715
1445	50 -866.039 -160
1446	3D10B085-8A89-A1E9-7144-0ACF7459062F
1447	732842AE-B827-7068-A94C-CBD9999D07F3
1448	23EEB087-FDFB-11EE-B520-04ED334DD7C0
1449	-368 -488 -176
1450	23F407F7-FDFB-11EE-844D-04ED334DD7C0
1451	EE1B619D-FC04-FF47-A034-7755C47F7169
1452	-1112 8 -168
1453	B8A5C2DA-E004-5B3D-D7B5-0592F69C1DAE
1454	F5BCDA37-C19D-3F3C-C003-9C8BDFAD3324
1455	CC8064FF-0B4F-C3F5-28EA-7231EAA8C745
1456	ED9755E0-D7C1-9E50-03BE-3602E4033565
1457	0 310 0
1458	C1888866-F14A-9F93-3460-8F0FD93A5529
1459	277C54A9-F10F-C467-06C2-21153BF113AD
1460	-1088 -832 -160
1461	23EF25B5-FDFB-11EE-A826-04ED334DD7C0
1462	-864 -304 -160
1463	c2
1464	38054C3D-88EC-267A-ED15-5FA58650DCFA
1465	23F36BAD-FDFB-11EE-8481-04ED334DD7C0
1466	98C7DF72-4A12-BA2B-BE0B-9B16C8C8DA22
1467	-110 -878.039 -148
1468	3757B363-EDE1-3373-C9C6-417AB7621C81
1469	E2EFEA61-A0E6-D878-6507-EE147C69A909
1470	CED3322A-4FD3-B0A6-6DAF-A0A4DEC92CCD
1471	mp_ctf_spawn_allies_start
1472	0 140 0
1473	3
1474	-768 96 -160
1475	23ED9EFE-FDFB-11EE-8C8B-04ED334DD7C0
1476	118 -534.039 -160
1477	23F45622-FDFB-11EE-869C-04ED334DD7C0
1478	23EF4CC7-FDFB-11EE-8944-04ED334DD7C0
1479	-776 -872 -168
1480	-960 -408 -160
1481	-200 -880 -176
1482	-66 -818.039 -148
1483	BE2FA449-9083-1A8B-DE6F-BF9489DD4E15
1484	-1040 248 -176
1485	-768 452 -160
1486	40 432 -168
1487	23F1BDF3-FDFB-11EE-8AEE-04ED334DD7C0
1488	23EE896D-FDFB-11EE-BF46-04ED334DD7C0
1489	23EFC203-FDFB-11EE-8AF3-04ED334DD7C0
1490	mp_tdm_spawn_allies_start
1491	-1112 308 -180
1492	-1118 218.039 -168
1493	72343DAD-F42C-C3E4-964C-911F54AC6252
1494	-864 -296 -168
1495	397C9CC6-EE8C-CC3F-1DBD-D6385773E676
1496	88 -456 -176
1497	23F2CF73-FDFB-11EE-97C9-04ED334DD7C0
1498	342B1532-89C9-3BE2-5BAB-EAFE4E0EA70E
1499	23EDED1F-FDFB-11EE-8FD0-04ED334DD7C0
1500	23ED9F06-FDFB-11EE-996A-04ED334DD7C0
1501	1A8BED39-3256-0985-910B-E9C0FA0F4E7B
1502	23F3E0EE-FDFB-11EE-8BAD-04ED334DD7C0
1503	23ED9F05-FDFB-11EE-98E2-04ED334DD7C0
1504	23EE3B4E-FDFB-11EE-B80E-04ED334DD7C0
1505	23F6C749-FDFB-11EE-B857-04ED334DD7C0
1506	D1BF0FE0-80F2-35C2-35D9-2CB09B598E1C
1507	23F1E504-FDFB-11EE-9FCB-04ED334DD7C0
1508	-488 344 -176
1509	traversal_door
1510	23E9CE3E-FDFB-11EE-B874-04ED334DD7C0
1511	109.301 -711.18 -172.007
1512	23F0855B-FDFB-11EE-9AB3-04ED334DD7C0
1513	23F344AD-FDFB-11EE-8DD7-04ED334DD7C0
1514	-988 448 -176
1515	23F392CB-FDFB-11EE-B897-04ED334DD7C0
1516	23EEB082-FDFB-11EE-95AB-04ED334DD7C0
1517	23F4CB5B-FDFB-11EE-B456-04ED334DD7C0
1518	23F4CB54-FDFB-11EE-95AD-04ED334DD7C0
1519	23F47D33-FDFB-11EE-B817-04ED334DD7C0
1520	-110 -882.039 -156
1521	23EFC1FF-FDFB-11EE-B477-04ED334DD7C0
1522	-264 -768 -168
1523	92C1D1B9-F1E9-6113-662E-2DBF120C3C72
1524	24 -824 -184
1525	B23BA975-1947-F79F-0C7A-EBC2F58C53D4
1526	-960 192 -176
1527	23EE3B49-FDFB-11EE-9B44-04ED334DD7C0
1528	-950 186.039 -176
1529	-528 -872 -176
1530	23F47D3C-FDFB-11EE-A0D9-04ED334DD7C0
1531	0 210 0
1532	EAAD77E2-0D66-BF09-2F50-8704F5DEC1CE
1533	882BF824-D025-5F2C-457F-DA5F5F0648B9
1534	23EA4372-FDFB-11EE-84A6-04ED334DD7C0
1535	90E4B735-ECDD-A116-DFC9-719FA557BE10
1536	23F2CF6F-FDFB-11EE-9CA1-04ED334DD7C0
1537	mp_ctf_spawn
1538	75 -574.039 -160
1539	0 225 0
1540	23F0AC64-FDFB-11EE-BE93-04ED334DD7C0
1541	EC694BE7-08A0-6B93-71EF-F3EE38A98C65
1542	BAD1306A-E9DE-ED73-CB7B-EE4611FE846F
1543	5A0AC022-9283-997B-2110-B89ED1F70BB2
1544	23EEFEA6-FDFB-11EE-8AC7-04ED334DD7C0
1545	45D79F6A-3FEA-0220-E2D1-E498CF257940
1546	E282D3EB-1C57-6A81-CC3E-90E3C66EB4E2
1547	DDE6C720-E6E1-C11D-B193-BFD4CDC87F13
1548	23F45620-FDFB-11EE-AABF-04ED334DD7C0
1549	23EEB08A-FDFB-11EE-9A48-04ED334DD7C0
1550	23EFC1F9-FDFB-11EE-BA19-04ED334DD7C0
1551	-832 400 -176
1552	-1040 -440 -168
1553	23EE6259-FDFB-11EE-B4BE-04ED334DD7C0
1554	23EF9AEE-FDFB-11EE-B56C-04ED334DD7C0
1555	518D62E5-133D-EC17-D8D7-DE5D04E9035E
1556	mp_dom_spawn_axis_start
1557	04D270F6-6A15-79C4-6DA2-E370377BF29F
1558	-1072 -56 -160
1559	23F4F270-FDFB-11EE-87B9-04ED334DD7C0
1560	-1009.8 185.301 -168
1561	-648 -784 -168
1562	6913F25C-4A5A-7B83-AB6C-6BCC2AFEE6AA
1563	mp_rescue_spawn_attacker
1564	3823CE1E-464D-014F-F589-8170D8C77623
1565	5F15E4CD-9B66-F203-74F9-8B818F10A106
1566	23EAB89E-FDFB-11EE-AC2A-04ED334DD7C0
1567	10C2A49B-5138-EA55-6079-1552149B96DB
1568	-1082 146.039 -168
1569	23EE1438-FDFB-11EE-8B2C-04ED334DD7C0
1570	23ECB48B-FDFB-11EE-8E99-04ED334DD7C0
1571	DAABBFBC-6BA0-5712-1DBD-9D2C5E8E42EC
1572	A6F77541-9865-A279-239F-772D83C80CEC
1573	23F407FC-FDFB-11EE-9170-04ED334DD7C0
1574	1A080092-2690-A42C-F48D-365781D9E261
1575	6B79B23D-F1DA-4425-4470-9315DB7C00D0
1576	CFB5B7C8-D8F5-6CA4-8E39-F9A8B009F172
1577	AC60E289-34BB-E59C-EF73-EBC992487A90
1578	0E9D9A47-E590-29F8-A6E0-5C00206B54D7
1579	23F08557-FDFB-11EE-8E6A-04ED334DD7C0
1580	pf691f7cf25e2244e9_auto2108
1581	-1104 424 -180
1582	4263D06B-71B6-4CFC-14E9-EBB5EC6B7552
1583	-492 -880 -176
1584	F7C4FC60-10D2-82E3-77AE-CBF7129221CD
1585	c1
1586	8145B655-ED4A-693E-EFE5-FF80FE204317
1587	32147CE7-F10C-ED46-B84C-7E133D128523
1588	-1040 240 -184
1589	-1112 176 -160
1590	23F1E501-FDFB-11EE-8E7D-04ED334DD7C0
1591	90 -682.039 -148
1592	609EA454-DF00-6D7A-CBE4-B013A9FD2CFA
1593	23EE3B4D-FDFB-11EE-AF15-04ED334DD7C0
1594	23EF9AE8-FDFB-11EE-A81F-04ED334DD7C0
1595	AB0FBD67-403E-88E2-9869-A257A0B88E1E
1596	6272C65F-D5AC-FA03-B029-C86995671092
1597	722BB5A7-FC81-0E92-22E6-AEF287095503
1598	136 -672 -184
1599	697B8535-16FE-9282-B916-271960F9B26D
1600	A6389F3B-B9C9-85D5-525F-2B39E46F1A77
1601	136 -538 -176
1602	23F42F0C-FDFB-11EE-930C-04ED334DD7C0
1603	23F05E4B-FDFB-11EE-ABD5-04ED334DD7C0
1604	23EF25AF-FDFB-11EE-B1BF-04ED334DD7C0
1605	23EEFEA2-FDFB-11EE-8277-04ED334DD7C0
1606	3B16601D-D7BA-487C-6358-FA35751A4AC4
1607	23EEFEA9-FDFB-11EE-A79F-04ED334DD7C0
1608	23EED78E-FDFB-11EE-9627-04ED334DD7C0
1609	82 -598.039 -152
1610	23F2CF67-FDFB-11EE-BF6D-04ED334DD7C0
1611	82C87F21-4721-588A-8CE6-36EF72C316B1
1612	52F89656-EE56-D31E-DE0C-06E5144B6BD8
1613	23F344AC-FDFB-11EE-9FA3-04ED334DD7C0
1614	412E575E-C941-D2B8-CD46-456144AF5C03
1615	58C4F9F8-327F-59DE-5AB5-37210EF31AF6
1616	F6CCADFB-6088-3BA2-7AAE-0185CF6C4025
1617	8F0D5E49-8EEB-B2E8-326C-3BCB98556FBC
1618	F9CB02C9-81A1-1BB0-B864-34FA73B54579
1619	1879DBAB-D541-4F7C-3BB3-2BB8AB3F528E
1620	23F6C743-FDFB-11EE-B75E-04ED334DD7C0
1621	89 -682.039 -160
1622	-304 448 -168
1623	A378E23B-66F1-43BE-373F-EAB9286ACF8B
1624	23EFC202-FDFB-11EE-9021-04ED334DD7C0
1625	1AD0A3CA-86C8-4556-6781-6CBEDDF781ED
1626	mp_arena_spawn_allies_start
1627	23ED77E6-FDFB-11EE-A8D6-04ED334DD7C0
1628	A1E16DF3-4DAE-6627-8F1C-8407E063B3B7
1629	23EFE91E-FDFB-11EE-BADA-04ED334DD7C0
1630	default
1631	23F4561B-FDFB-11EE-B0CD-04ED334DD7C0
1632	B5808DA1-36B7-4D4A-D556-36535CC1AF67
1633	23EF73D9-FDFB-11EE-8AFD-04ED334DD7C0
1634	23EADFBF-FDFB-11EE-B5BF-04ED334DD7C0
1635	144 312 -168
1636	B6A25B82-654C-DAB0-3708-510389E9AC44
1637	23F0FA8D-FDFB-11EE-BA29-04ED334DD7C0
1638	92437267-C05A-D049-9132-0696C39BF2B0
1639	23E9A71F-FDFB-11EE-9DEF-04ED334DD7C0
1640	23F20C0C-FDFB-11EE-A3BA-04ED334DD7C0
1641	vfx/jup/level/mp_jup_shipment_alt_toon/vfx_shipment_alt_toon_steam_01
1642	23F4561F-FDFB-11EE-ADDF-04ED334DD7C0
1643	-848 312 -184
1644	23F392C7-FDFB-11EE-913B-04ED334DD7C0
1645	E79EB646-333D-60A3-D9DC-2024D865CA27
1646	-80 -880 -176
1647	-892 440 -176
1648	0 284.999 0
1649	23F4561E-FDFB-11EE-A5EC-04ED334DD7C0
1650	136 -602 -164
1651	23F42F10-FDFB-11EE-94AB-04ED334DD7C0
1652	136 -536 -184
1653	66A9CDF0-C0E6-2194-96B6-2680A1CAFA2F
1654	23E95900-FDFB-11EE-90DD-04ED334DD7C0
1655	1F002554-86D3-7099-D120-31A619E384E1
1656	-840 304 -176
1657	133.301 -783.18 -172.007
1658	23EEB07E-FDFB-11EE-90C5-04ED334DD7C0
1659	-176 -472 -160
1660	54AA1139-4E19-B282-CDED-11FB345D22F1
1661	23F36BA9-FDFB-11EE-BEF1-04ED334DD7C0
1662	23EF4CC6-FDFB-11EE-8A4C-04ED334DD7C0
1663	23F1E4FE-FDFB-11EE-899B-04ED334DD7C0
1664	136 -864 -168
1665	5575D930-FBD8-013E-D327-4C09385E12A5
1666	F365BF86-3244-2C4F-FF52-F3F4F6AF8639
1667	212363F3-A9FE-1E7A-E395-8C4B032827FE
1668	-1128 240 -160
1669	74 -582.039 -160
1670	BE08ABD3-B562-7979-A50E-5EB9796BA94E
1671	vfx_shipment_alt_toon_steam_01
1672	0 300 0
1673	186E6C58-479C-EAB3-431C-BA6B0AC5583F
1674	74C33F04-24C9-0A24-EFAA-20D27A71CF3A
1675	23EDED26-FDFB-11EE-8BE6-04ED334DD7C0
1676	23F4CB5C-FDFB-11EE-A285-04ED334DD7C0
1677	23EA436B-FDFB-11EE-9654-04ED334DD7C0
1678	23EF4CCF-FDFB-11EE-90E6-04ED334DD7C0
1679	E9873E0E-C6B1-4F17-B6D7-B0553447F25C
1680	23F0855F-FDFB-11EE-8BBA-04ED334DD7C0
1681	23F2CF68-FDFB-11EE-B43E-04ED334DD7C0
1682	AC7A9E4C-5B4D-59FA-D019-145BE6709291
1683	-116 -884 -184
1684	23F0AC61-FDFB-11EE-A275-04ED334DD7C0
1685	-312 -880 -184
1686	-1000 448 -160
1687	7237F5D8-1BC9-F165-2061-A6E3B541E220
1688	23EE6264-FDFB-11EE-BFE7-04ED334DD7C0
1689	vfx_shipment_alt_toon_dripping_water_01
1690	23EDED1B-FDFB-11EE-BB4A-04ED334DD7C0
1691	23F31D91-FDFB-11EE-A6B3-04ED334DD7C0
1692	44E566E8-CBB2-F4C2-1AF3-68F168748DCA
1693	23F4F26F-FDFB-11EE-B736-04ED334DD7C0
1694	0 64.9999 0
1695	C3BBA065-4C03-3473-EC98-A919636C4606
1696	-988 448 -184
1697	23EA91A0-FDFB-11EE-A758-04ED334DD7C0
1698	9BD67898-82AA-7F0B-C990-B6720A86C767
1699	-680 -880 -168
1700	5117BE97-94E3-1E41-279F-A3AE3BB8A9C5
1701	vfx_shipment_alt_toon_sparks_02
1702	23ED50DB-FDFB-11EE-A60A-04ED334DD7C0
1703	23EF4CC8-FDFB-11EE-B5A9-04ED334DD7C0
1704	126 -750.039 -160
1705	F15F3D90-2ECB-3126-0DCD-BBBB62CDE4CF
1706	23EF4CD2-FDFB-11EE-992F-04ED334DD7C0
1707	3CAB3F6B-0E17-F9DD-5D0E-A5AED4E3EF58
1708	23F42F0B-FDFB-11EE-8226-04ED334DD7C0
1709	C2298896-67F8-3D56-8A2D-7E0322703130
1710	jump_down_40
1711	jump_down_80
1712	81B0E0BB-12E3-7757-8D23-9A82EDCEEA90
1713	-16 -884 -176
1714	3E8BD4D5-6A47-8933-18B8-F86BA3AF407C
1715	1644E338-A833-1458-46AD-B066D867BA04
1716	23EAB8A8-FDFB-11EE-8825-04ED334DD7C0
1717	BF89E41E-A61B-3450-6610-31F90821BFDE
1718	23F31D95-FDFB-11EE-9D63-04ED334DD7C0
1719	5CC6995A-893B-18C7-49F9-D980AE6A4152
1720	23EED791-FDFB-11EE-ADE7-04ED334DD7C0
1721	23EED796-FDFB-11EE-99B8-04ED334DD7C0
1722	6538A765-1410-F0AC-81CA-86C2048353F0
1723	-1056 104 -168
1724	23F5679D-FDFB-11EE-8FF1-04ED334DD7C0
1725	-840 368 -184
1726	38E4B9A3-DAD7-1E1B-B4D6-225EF60DB978
1727	92273364-376E-C076-91F6-1C1F0B8F781D
1728	A9746FB3-390D-7775-7573-48DC7F348342
1729	AB57E228-039F-90E3-6668-51A0CB30CD1D
1730	23F36BAF-FDFB-11EE-88FD-04ED334DD7C0
1731	0 105 0
1732	23F05E51-FDFB-11EE-9452-04ED334DD7C0
1733	E8EA2C9F-16B2-E1BA-7E76-AB07916B3BFA
1734	-1064 136 -160
1735	FDB0648B-CDBD-9EC5-5DCF-CE65F33C8AA1
1736	vfx_shipment_alt_toon_sun_lensflare_01
1737	-640 456 -160
1738	20D62AD6-454A-FD49-A85C-A27678782EB0
1739	23F0D385-FDFB-11EE-A66A-04ED334DD7C0
1740	23F01021-FDFB-11EE-A7DF-04ED334DD7C0
1741	B4EE3DFE-9544-1197-729D-03D6D96760AD
1742	-944 444 -160
1743	-952 -860 -160
1744	23F392C1-FDFB-11EE-97D4-04ED334DD7C0
1745	23EFE919-FDFB-11EE-9945-04ED334DD7C0
1746	D82D4D99-C7B6-B4B5-5438-E4886FCA4FD8
1747	23F407F5-FDFB-11EE-ABE6-04ED334DD7C0
1748	23EA1C5F-FDFB-11EE-AB55-04ED334DD7C0
1749	23ED77F3-FDFB-11EE-9F12-04ED334DD7C0
1750	23F05E4C-FDFB-11EE-8AB4-04ED334DD7C0
1751	23EFC1F8-FDFB-11EE-8B7D-04ED334DD7C0
1752	-2 -802.039 -160
1753	23F4CB5D-FDFB-11EE-999A-04ED334DD7C0
1754	A7A76A65-2A83-DC0A-DCAC-7646383253F2
1755	CAE437CA-B067-D39D-C299-F223949FDCCF
1756	pfe9da7c8a99f8f2eb_auto2108
1757	23F47D34-FDFB-11EE-822F-04ED334DD7C0
1758	18AE0C80-410B-3C6A-6473-E0078CF43712
1759	09A8BA2E-78B6-54EE-E821-F16A9F917B84
1760	A926BEE7-696B-E773-39B3-CB002A33F7AA
1761	-1000 108 -172
1762	23F4A444-FDFB-11EE-8166-04ED334DD7C0
1763	23EEB088-FDFB-11EE-B73F-04ED334DD7C0
1764	23F36BB4-FDFB-11EE-918A-04ED334DD7C0
1765	2E750788-5408-5A27-AE69-D68CF9208919
1766	23F05E46-FDFB-11EE-810A-04ED334DD7C0
1767	23F7156D-FDFB-11EE-8D0C-04ED334DD7C0
1768	99076D2B-0D3A-B8C7-C9D2-1D3214E28676
1769	132 -870 -164
1770	23EEFEA5-FDFB-11EE-880A-04ED334DD7C0
1771	D8571C8F-4749-F8DA-05FD-EC2A24C47BD1
1772	1C914DF2-CE2E-50A8-CC65-D52A0CDA9A28
1773	2E01D4C3-7D47-DEA8-B241-04E5D5A8F348
1774	23F01028-FDFB-11EE-A87C-04ED334DD7C0
1775	8D9EF887-C919-8C73-7B55-AE888FB1C984
1776	56C5407C-2A60-B86E-D999-6D4B04C499C8
1777	F5704BCF-EBD1-6E6B-5A5A-B64B6932C629
1778	mp_control_spawn_defender_start
1779	23F407FD-FDFB-11EE-8C84-04ED334DD7C0
1780	-688 456 -160
1781	23ED9F04-FDFB-11EE-98F1-04ED334DD7C0
1782	-1112 -616 -168
1783	EC123800-7528-FCBF-B67B-61BC22249D23
1784	-6 -866.039 -160
1785	52.3008 -772.18 -172.007
1786	31C8F386-1505-1B6D-BA30-EEB2064B3E64
1787	8B9D6C6A-2DBD-D4DB-7D5C-07D4F8DBE3DE
1788	pf6f4095c4bd62250a_auto2108
1789	mp_rugby_spawn_axis_start
1790	852E9E60-59AE-1AA9-4359-8E449735CEB6
1791	148 94 -164
1792	mp_koth_spawn_allies_start
1793	6EFC806C-2C9C-AAAC-9249-63BACB8CDA67
1794	23F344A3-FDFB-11EE-9DC3-04ED334DD7C0
1795	-240 456 -184
1796	23F20C15-FDFB-11EE-A660-04ED334DD7C0
1797	7B4843FC-ED4D-CBE7-33DB-9A4076D3BE73
1798	23EE8970-FDFB-11EE-9397-04ED334DD7C0
1799	23EFC200-FDFB-11EE-A7EE-04ED334DD7C0
1800	23EFC204-FDFB-11EE-BFD4-04ED334DD7C0
1801	2E3E7802-413E-7BE4-85E4-6849F08D7102
1802	C2E01EC1-043D-3827-8EB1-6AB6D0FB251F
1803	F6AE39CA-7AC1-80CD-0F0B-663CB575D730
1804	23EE6261-FDFB-11EE-B6F5-04ED334DD7C0
1805	-124 -877.039 -152
1806	23F5679C-FDFB-11EE-84A3-04ED334DD7C0
1807	23F05E4F-FDFB-11EE-B934-04ED334DD7C0
1808	23F71567-FDFB-11EE-ADAD-04ED334DD7C0
1809	908FC000-65DA-F070-E505-650462F22CAE
1810	0 220 0
1811	23EF25B7-FDFB-11EE-9BA7-04ED334DD7C0
