   1	22186CAE-552C-9DDF-7441-C0E7AB1EC060
   2	3C0C620E-174A-F786-731C-27FE47E4B80E
   3	6A71B38F-1E95-BB49-DC04-9FC9E903ECB9
   4	67B006DB-2BB0-4A86-125D-92FA952D9657
   5	07C7D671-BE9E-11ED-8AF4-50EBF67A58D8
   6	2D03DE9C-A77F-F13F-4625-904CCB9C532F
   7	-3844 2018 80
   8	7025D0D3-6E52-11EE-9592-68545AD2D871
   9	CB5F172A-CB9C-56E4-EDE4-949933BEC945
  10	A6F4F3B3-DF19-225E-E319-9687C2B1F1D1
  11	jup_infil_mi8_player_land
  12	me_kitchen_coffee_plate_01
  13	playerasm_patch_mp_infil_mi8
  14	0 156.1 0
  15	pf157733ca1be563f8_auto2108
  16	00A53D73-A3D6-AA39-1741-199609207158
  17	-3780 2082 80
  18	2144 -1464 64
  19	5CD744DA-F75E-DA2D-1B48-BDAE033F7D61
  20	pf92353f65c622b754_auto2108
  21	0 18.9986 0
  22	D9C4329A-0B83-11EE-8B13-50EBF67A58D8
  23	cockpit_glass_2
  24	2985.4 -1520.3 90
  25	0 352.999 0
  26	3026.9 -1706.7 58
  27	F6EB2A39-6E4F-11EE-9592-68545AD2D871
  28	pf9b9e734c07596f58_auto2108
  29	E9D221AC-8739-C2E0-EAE4-73E743695D25
  30	pfec97e48b04fa7cb0_auto2108
  31	3158 -1991 56
  32	full
  33	-3941 2075 56
  34	-3941 2075 72
  35	0 120 0
  36	scriptable_ee_book_office_folder_04
  37	900CB10B-F58B-11ED-8B0E-50EBF67A58D8
  38	0 14.9995 0
  39	ik_out_start_right_hand
  40	0 285 0
  41	E5FB52F5-0B6D-11EE-8B13-50EBF67A58D8
  42	6AF1D9E0-0475-11EE-8B11-50EBF67A58D8
  43	35C9CAD8-D021-F762-C85E-15BC0D54A9E7
  44	31884225-49F4-9967-B915-1CA2FAA3E129
  45	tag_origin
  46	infil_mbravo_alt_exit_3
  47	C9CA4BE4-DD97-617D-6D3C-EFB9E62BE48B
  48	1941 1742 -105.249
  49	C6BB8DF6-0B85-11EE-8B13-50EBF67A58D8
  50	8D46D2E6-BBE1-0208-8AB8-5187F373B5C9
  51	2874.2 -1639.6 82
  52	807F66BF-BEB1-FEBD-EA9E-E9161C85CED3
  53	AE42FF4D-9755-ABC0-C21F-4C82C261728A
  54	pffd16f0e4ad921647_auto2108
  55	6496A5B9-E5CA-11ED-8B03-50EBF67A58D8
  56	scriptable_uk_electrical_geiger_meter_01
  57	36ED29FA-0B86-11EE-8B13-50EBF67A58D8
  58	pf50ccc457af9822c3_auto2108
  59	A30426E9-047C-11EE-8B11-50EBF67A58D8
  60	DC71782D-8DDA-AC36-80C0-C319C26081B2
  61	F350EAB7-0B6A-11EE-8B13-50EBF67A58D8
  62	pfdc996b43c1018cca_auto2108
  63	445D46E7-0B6E-11EE-8B13-50EBF67A58D8
  64	99A7D7F5-0475-11EE-8B11-50EBF67A58D8
  65	0 159.998 0
  66	F350EAAB-0B6A-11EE-8B13-50EBF67A58D8
  67	0 89.9997 0
  68	1696 -392 -32
  69	-448 225 82.5187
  70	scriptable_decor_potted_plant_dead_03
  71	pf66eeba92e124237b_auto2108
  72	red
  73	-2456 2760 64
  74	mp_dd_spawn_attacker_start
  75	9929DB19-6E4A-11EE-9592-68545AD2D871
  76	05E5AD29-046E-11EE-8B11-50EBF67A58D8
  77	6A0F54E6-6E52-11EE-9592-68545AD2D871
  78	-3780 2082 88
  79	BDA5DE0D-1DF1-2315-3869-77EC83A5A88C
  80	pf1dddcf53279bf54a_auto2108
  81	602FB5FB-06D2-AE3E-DBED-C814A845FBF3
  82	AB2BAF93-0229-13E3-BB13-E9B746D8A11D
  83	C4547DE9-8B75-1947-BD61-C37564894DCF
  84	scriptable_uk_newspaper_stack_01
  85	infil_mbravo_luxury_intro_5
  86	02E7E0C0-57B6-80C3-8E1F-8A9D8E7EE8CF
  87	scriptable_base_book_stack_01a
  88	mp_dd_spawn_defender_b
  89	F3812AEC-6E52-11EE-9592-68545AD2D871
  90	pff708e051447a8219_auto2108
  91	0 190.999 0
  92	cockpit_glass_8
  93	infil_mbravo_exit_1
  94	116DE8EF-0B6B-11EE-8B13-50EBF67A58D8
  95	9EF98CD1-E5C8-11ED-8B03-50EBF67A58D8
  96	mp_control_spawn_attacker
  97	E2C43594-924D-DB33-146D-ECFE5023F5C7
  98	64CBE773-F58B-11ED-8B0E-50EBF67A58D8
  99	-3308.8 -570.3 38.0746
 100	54E21FC1-F588-11ED-8B0E-50EBF67A58D8
 101	1436 -3173 107
 102	-2775.9 1282 41
 103	0 90 0
 104	3098.1 -1402.2 82
 105	dmg_2
 106	mp_dd_spawn_attacker_b
 107	0 45 0
 108	-2520 2496 88
 109	jup_infil_blima_rope_kick_right
 110	3121.5 -1685.6 82
 111	D2382A59-2B64-5128-2C25-5CC3FCCBD90B
 112	3480 -856 40
 113	mp_dom_spawn_secondary
 114	scn_infil_mbravo_heli_npc3
 115	D30CEAB4-6E51-11EE-9592-68545AD2D871
 116	infil_blima_4
 117	45F3C089-954D-FEE9-9353-73897DF4C089
 118	2857 -1740.8 82
 119	1E3C912A-58DF-25F2-730A-0C90B97032F2
 120	832EC5B8-F7AA-0995-4622-1AF3B0207B47
 121	0EB53519-8016-67F1-D9C3-F84F0E8E8F96
 122	116DE8FE-0B6B-11EE-8B13-50EBF67A58D8
 123	pf95c50d9ca860f9f9_auto2108
 124	2358 -257 -2.0415
 125	182A4C8F-652E-CFDD-3CAA-B09BEAF97E71
 126	07C7D69B-BE9E-11ED-8AF4-50EBF67A58D8
 127	74284A21-8A5A-9148-2E9D-508AC494C6B9
 128	vfx
 129	E2E44903-98E9-FD62-30E8-4A553F140F0D
 130	pfb5d985407878b01a_auto2108
 131	ECCB2D34-0B6E-11EE-8B13-50EBF67A58D8
 132	07C7D6EF-BE9E-11ED-8AF4-50EBF67A58D8
 133	4B3DC4EB-3A75-F446-E0B3-45E5F116CDFE
 134	C2DCFE11-CAF2-398E-CE98-F42B5FE3E65B
 135	tag_off
 136	AB0AFB88-86E9-26E3-BFD7-69A1D4C88652
 137	F350EAB4-0B6A-11EE-8B13-50EBF67A58D8
 138	pf2a90baa9ccd1a99b_auto2108
 139	116DE8EC-0B6B-11EE-8B13-50EBF67A58D8
 140	F9B8F80A-0B6E-11EE-8B13-50EBF67A58D8
 141	2985.4 -1520.3 82
 142	2985.4 -1520.3 42
 143	2985.4 -1520.3 66
 144	A977C419-C320-9320-3A4C-8DDEE18EE517
 145	-3472 2688 56
 146	playerasm_patch_mp_infil_mbravo
 147	-3941 2075 88
 148	4FAF1713-5403-CE7A-B182-B00C97593332
 149	85E1B4E2-6E52-11EE-9592-68545AD2D871
 150	116DE8E3-0B6B-11EE-8B13-50EBF67A58D8
 151	190 1792 -8.64916
 152	mp_dm_spawn_start
 153	E8FC6AB8-6E4F-11EE-9592-68545AD2D871
 154	D4010B9C-0B82-11EE-8B13-50EBF67A58D8
 155	scriptable_decor_misc_props_01_bottle
 156	pf175affc02c513dbf_auto2108
 157	-1816 1696 96
 158	7025D0DD-6E52-11EE-9592-68545AD2D871
 159	A1EA93F3-B909-53E5-04AA-AFCDACBFD553
 160	16996B03-0470-11EE-8B11-50EBF67A58D8
 161	1857 -2606 59
 162	infil_mbravo_alt_exit_4
 163	mp_dom_spawn_allies_start
 164	9EF98CD4-E5C8-11ED-8B03-50EBF67A58D8
 165	B932D0D5-38F1-316A-C299-F2FE4C5D0884
 166	bink4
 167	2874.2 -1639.6 90
 168	6A0F54C3-6E52-11EE-9592-68545AD2D871
 169	C3EFB7F9-0B82-11EE-8B13-50EBF67A58D8
 170	E47D3204-0B95-11EE-8B13-50EBF67A58D8
 171	infil_blima_3
 172	pf7c70472ea2017d1f_auto2108
 173	pf72d5fd5774006e1b_auto2108
 174	2857 -1740.8 74
 175	931FBB22-6E4D-11EE-9592-68545AD2D871
 176	pf26e5a73543ee1d72_auto2108
 177	64CBE77F-F58B-11ED-8B0E-50EBF67A58D8
 178	pf2d7f8eeae81918e_auto2108
 179	2B166A1F-E5CA-11ED-8B03-50EBF67A58D8
 180	-2179 2172 3.46817
 181	2872 1208 -80
 182	DB92E41E-504B-078B-0EDB-468120C19E61
 183	auto_mp_jup_wasteland_cfx.map
 184	E3F693B7-3B2F-43F0-F210-84AD90E3C5F7
 185	-1777 1734 96
 186	4A9416C8-8607-BF23-6506-D11AF180C9D8
 187	infil_mbravo_intro_5
 188	6A0F54EB-6E52-11EE-9592-68545AD2D871
 189	2360 224 48
 190	22D560E8-047A-11EE-8B11-50EBF67A58D8
 191	uk_newspaper_stack_01
 192	82E417AA-9F50-CEA5-B882-54E57E0DD2AB
 193	pfc0035937927c57b1_auto2108
 194	tag_tail_rotor_motion
 195	B068B386-6E4E-11EE-9592-68545AD2D871
 196	0 189.799 0
 197	-1936 -2048 0
 198	10EEF215-96F6-BCBA-9F4C-8AE47C72CBA0
 199	DB060AF3-F57B-11ED-8B0E-50EBF67A58D8
 200	5
 201	FCEF2DAB-3B69-8E35-4181-CFE7BA5A26A2
 202	pfebe1abb4f957798e_auto2108
 203	900CB108-F58B-11ED-8B0E-50EBF67A58D8
 204	-3872 2129 64
 205	-3872 2129 48
 206	7489E1BF-C787-8836-262B-C184A9AE0B3B
 207	-4274 2064.1 57
 208	pfdb11f572c552c433_auto2108
 209	2921.7 -1442.9 90
 210	infil_mi8_7
 211	2F57B2D6-6E4F-11EE-9592-68545AD2D871
 212	87AE8332-F4C9-F728-4B4A-50065F7FAC38
 213	99010F8D-E5C8-11ED-8B03-50EBF67A58D8
 214	E9E55AFD-C89C-1282-844C-96AC7321F12C
 215	B5F49891-6E4D-11EE-9592-68545AD2D871
 216	DE29D0A7-2061-649E-0C0B-C9D11A1E3612
 217	7025D119-6E52-11EE-9592-68545AD2D871
 218	scriptable_toy_teddy_bear_01_brown
 219	7C415CFD-8FAF-242B-516B-9F8E8535810E
 220	AE742DEB-C4C0-11ED-8AF8-50EBF67A58D8
 221	-3719 2545 55
 222	-4010 2019 72
 223	0 8.99953 0
 224	6A0F54A0-6E52-11EE-9592-68545AD2D871
 225	E7F6C2B8-6E4C-11EE-9592-68545AD2D871
 226	pf31322bce76331af6_auto2108
 227	4A8BFDC3-1046-11EE-8B15-50EBF67A58D8
 228	0E680776-C680-C337-B851-4D32814AD2EA
 229	0016376E-F472-7F19-D5B3-59A97BBDD2A5
 230	FF087630-0B6D-11EE-8B13-50EBF67A58D8
 231	D9C432C1-0B83-11EE-8B13-50EBF67A58D8
 232	856D9AA2-5186-CF48-AD59-7FE4BE7F902D
 233	pfd51efac4aaa53bc3_auto2108
 234	0E8C62FE-0B6E-11EE-8B13-50EBF67A58D8
 235	A68C9F4B-6EA1-0E1B-9C1C-D306D4608653
 236	A185E146-C3E7-D3C6-2F51-B6256FA86814
 237	6A0F54AA-6E52-11EE-9592-68545AD2D871
 238	FADC8C1A-F57B-11ED-8B0E-50EBF67A58D8
 239	pfbd08f3bd3da4ed78_auto2108
 240	BB13EC33-79CF-80E3-7EB5-7F661B8C09C3
 241	5433E169-85F9-0494-0F98-14FFED3EAA1E
 242	footstep_left_large
 243	D121CD5D-D2DA-ED65-226E-EF363AC91546
 244	pf2c0e419bbbdf0aae_auto2108
 245	3120 -1848 48
 246	800 -2328 48
 247	5BD84D22-E622-0886-403C-B1B1501F88BB
 248	tag_main_rotor_blade_01
 249	890E7774-0F00-6B92-88A9-BE8D94776AF9
 250	2808.8 -1563.3 58
 251	824 -816 48
 252	6A0F5509-6E52-11EE-9592-68545AD2D871
 253	pfe5ad08441b5e9a9_auto2108
 254	tag_bink1
 255	pf17891a1a399e11a7_auto2108
 256	FE41ADB0-D7DA-04E5-F338-418D64B2C012
 257	2962.4 -1619.2 50
 258	2962.4 -1619.2 90
 259	-4040 2272 48
 260	DC00A8E6-0475-11EE-8B11-50EBF67A58D8
 261	pf179eff908f8e5d6d_auto2108
 262	9565FCB9-3A7E-9082-F094-FD348CD6717B
 263	infil_mbravo_luxury_exit_4
 264	468DA7F5-047A-11EE-8B11-50EBF67A58D8
 265	-2704 416 96
 266	116DE901-0B6B-11EE-8B13-50EBF67A58D8
 267	0 155.999 0
 268	614278CE-0858-762F-D868-441AD1362309
 269	7754D712-4848-28BB-5A3A-657EACFB4C36
 270	onoff
 271	EB0B5E36-6E4E-11EE-9592-68545AD2D871
 272	FA0461CB-43B5-ABFB-544B-C317BDA5F4CF
 273	0 162.999 0
 274	187DA79B-0B6F-11EE-8B13-50EBF67A58D8
 275	64CBE770-F58B-11ED-8B0E-50EBF67A58D8
 276	-2442 2736 54.8187
 277	pf8b3de3d7c03ad97b_auto2108
 278	-872 176 88
 279	-3164.8 -194.3 22.4027
 280	F1ED2B8C-0537-80F0-DBA7-662B0D5C867E
 281	moving
 282	0A903BB3-2C15-C5DE-7189-3796079D5452
 283	0A632529-F588-11ED-8B0E-50EBF67A58D8
 284	0 25.999 0
 285	-3796 1954 72
 286	-3796 1954 56
 287	F3F1FBA5-6E4E-11EE-9592-68545AD2D871
 288	092E8A2B-F583-11ED-8B0E-50EBF67A58D8
 289	0 15 0
 290	tag_cockpit_glass_6_1
 291	468DA7E6-047A-11EE-8B11-50EBF67A58D8
 292	F4E1ADC1-F57B-11ED-8B0E-50EBF67A58D8
 293	512 -464 -40
 294	fingers_out_start_left_hand
 295	6C36AD9B-168E-FFCB-5BF6-E0EB39CAF9D5
 296	infil_mbravo_swapmeet_intro_1
 297	1363115C-5695-1DD6-5F76-3ABA0A4FB092
 298	0 345 0
 299	31F2940F-3D33-6549-85A8-2BC1506BFA40
 300	4C4DD63A-9D43-DADA-0BB2-E2490ABC3FAA
 301	vector_field
 302	3CD36155-F25C-6F3F-8B2C-91748257145A
 303	9F48EAAF-EEC1-9B92-38B2-E3EC43297DD4
 304	87ED1633-E5CA-11ED-8B03-50EBF67A58D8
 305	-3844 2018 72
 306	969F9348-39A6-70C9-BA5A-3C915519448A
 307	3FF92AA3-047C-11EE-8B11-50EBF67A58D8
 308	C08C73C7-F586-11ED-8B0E-50EBF67A58D8
 309	730C1BAE-0B6E-11EE-8B13-50EBF67A58D8
 310	pf55029221ac5684f_auto2108
 311	-3860 1890 80
 312	EC87AA4C-46DE-A2D9-BC73-9D7496CBC384
 313	scripted_anim
 314	8BCB9546-0475-11EE-8B11-50EBF67A58D8
 315	0 179.999 0
 316	4F088EFA-1C4E-E2D3-178B-A6E67D582632
 317	6EE11AB7-C37E-9D57-A5B5-7C73852700C1
 318	-2920 544 16
 319	EB2293C4-6E52-11EE-9592-68545AD2D871
 320	pfc30c8291ac3bf6d3_auto2108
 321	cockpit_glass_3
 322	22BA1067-9FDD-8F6E-351B-5F451C5C27B3
 323	pfecfe92471e467fcd_auto2108
 324	6768B48C-375E-7D1A-637D-9C8D38DF924C
 325	-1176 -1936 48
 326	9EF98CB6-E5C8-11ED-8B03-50EBF67A58D8
 327	AE742E09-C4C0-11ED-8AF8-50EBF67A58D8
 328	116DE8F8-0B6B-11EE-8B13-50EBF67A58D8
 329	1905 -2606 51
 330	07D75D46-D12E-B686-3986-8E2851DB9F3F
 331	AudioOneShot
 332	pffa5b911104fa0afa_auto2108
 333	6A0F54D2-6E52-11EE-9592-68545AD2D871
 334	D037EEB4-0478-11EE-8B11-50EBF67A58D8
 335	pf458eed61fc28df9e_auto2108
 336	pf292ad910b29da7d8_auto2108
 337	F3812AF7-6E52-11EE-9592-68545AD2D871
 338	E8ABE2E3-F585-11ED-8B0E-50EBF67A58D8
 339	2008 1240 -112
 340	BF816C1A-8E53-EC5A-8166-75FCA751C5ED
 341	3098.1 -1402.2 90
 342	E9B3ACA3-B246-001A-14DD-7FC59CE21F89
 343	676 -2485 67
 344	infil_mbravo_alt_exit_2
 345	E7DB0401-35F0-C993-3B99-0EDD6A666574
 346	E47D320F-0B95-11EE-8B13-50EBF67A58D8
 347	0 55.9993 0
 348	-2352.8 -164.3 40.91
 349	F3812AF1-6E52-11EE-9592-68545AD2D871
 350	8B4E52A2-92C5-1D73-AB70-9FA8012A93E2
 351	07C7D674-BE9E-11ED-8AF4-50EBF67A58D8
 352	AE742E27-C4C0-11ED-8AF8-50EBF67A58D8
 353	469.5 -33 -35
 354	AF03620E-AD31-F0DC-D15A-448EFADB0A63
 355	D7C952A7-7C55-45D8-AD75-F777FAC43169
 356	6A0F5491-6E52-11EE-9592-68545AD2D871
 357	mp_dd_spawn_defender
 358	2857 -1740.8 58
 359	BAAE2813-9C1A-11ED-A59F-68545AD2D871
 360	3596954D-A429-4ED2-3866-663E6814EF98
 361	
 362	pf6647353c1bc22ca5_auto2108
 363	pf1c082c859d42920d_auto2108
 364	2833.5 -1463.2 74
 365	85E1B4DD-6E52-11EE-9592-68545AD2D871
 366	pfdedaebd0446e551e_auto2108
 367	2786.1 -1659.9 66
 368	7372A42E-046E-11EE-8B11-50EBF67A58D8
 369	871 -650 41.3148
 370	-3080 464 16
 371	-3644 1986 56
 372	D556B8BF-8125-0CFB-11CE-DC48F3780ED2
 373	tag_bink4
 374	363EC59C-D501-5402-233F-D23E508C7E27
 375	mp_dm_spawn
 376	23ACF5EA-92D1-0B2A-EFA7-EC0093AAE275
 377	jup_infil_mi8_player_run
 378	BCC504FF-4892-2258-18B6-61267A18A4A7
 379	pf48e5b6ca39e04890_auto2108
 380	-3708 1922 48
 381	infil_mbravo_luxury_exit_1
 382	189669AC-609D-3C6E-26F0-E12BD7713ED5
 383	4026F258-CC70-D5E3-49CF-66D5564D4EE2
 384	DB060AE4-F57B-11ED-8B0E-50EBF67A58D8
 385	-2508.8 -650.3 55.0138
 386	3296 -1320 24
 387	F0E36446-8DE9-36AC-7627-31BAB9E859EB
 388	tag_tail_rotor_blade_01_blur
 389	2890 -1986 51.5972
 390	pf15425b092a73112e_auto2108
 391	3120 536 -88
 392	0 21.9993 0
 393	07C7D6A1-BE9E-11ED-8AF4-50EBF67A58D8
 394	E54DEC49-C38D-57D9-509D-06CA91F3322E
 395	pfceccdf38925e843e_auto2108
 396	4C9A3B2F-7712-4EFC-BC13-95C22669A7BE
 397	0 263 0
 398	-3796 1954 80
 399	0 0.999417 0
 400	A826835F-3C7F-A39C-FD90-D9393EBF7022
 401	BAAE2812-9C1A-11ED-A41A-68545AD2D871
 402	B129B899-B104-EB98-1C86-7243130CFBAD
 403	A24230C7-C9E8-D337-E035-8D888A4C2439
 404	-2656 2728 64
 405	tag_cockpit_glass_4_2
 406	tag_cockpit_glass_3_3
 407	tag_cockpit_glass_7_3
 408	tag_cockpit_glass_2_2
 409	07C7D6F2-BE9E-11ED-8AF4-50EBF67A58D8
 410	512 -464 -32
 411	87B60171-047C-11EE-8B11-50EBF67A58D8
 412	1396 -3197 107
 413	C763C6D0-5575-E6FE-6C4F-16DD94FEE0B1
 414	pf90b09ee7462a0d07_auto2108
 415	pf74771f2f37a61133_auto2108
 416	53DEB46D-625B-A92E-FA17-BB47A094F560
 417	C4E72500-A3D9-8BC2-3EED-D5B476EAE17B
 418	8F053EB6-6856-4BD2-F0D5-6C1B96E8B6A8
 419	5F53ED9F-8671-9BA3-3E81-1CD7CEE8B21B
 420	CC60322B-0B82-11EE-8B13-50EBF67A58D8
 421	F8EE3121-046D-11EE-8B11-50EBF67A58D8
 422	3073 -1500.8 82
 423	3073 -1500.8 66
 424	2
 425	-8 144 -32
 426	5D7B8518-055B-1BAB-542C-8C6FDA3928A5
 427	330FD747-0B70-11EE-8B13-50EBF67A58D8
 428	-2408 2758 57.7406
 429	pfc59d5378dcb2426_auto2108
 430	0 174 0
 431	73755336-2F36-D506-31E9-14EE803F3A27
 432	85DC72B3-E7DF-35BD-DF78-16FE088B22C2
 433	B61775D5-CC51-2D78-E7A9-483F64A7A655
 434	pf9e7946bee220bfe2_auto2108
 435	-3772 1858 48
 436	1FE1B14D-0941-9147-2CA8-FD1DD429225D
 437	A3BCAB4B-40CB-25B6-F823-6721415C6B59
 438	9D673995-C741-9E36-E31D-5505DB248510
 439	288022DB-607A-D894-BAEC-970AED940719
 440	pf5ee25919e1b7c9ba_auto2108
 441	468A3AF9-EF96-F426-5520-4893BD86AFD3
 442	8D32FD00-77E3-57D2-F5B5-24B677B5BDD0
 443	92F5A34F-4B26-A0F7-F061-2EB13C14715E
 444	mp_dom_spawn
 445	-4010 2019 64
 446	pf465863d1ef2dc6b6_auto2108
 447	1024 -144 -8
 448	312 -22 -31.3108
 449	07C7D698-BE9E-11ED-8AF4-50EBF67A58D8
 450	-3908 1954 80
 451	hardpoint_vis_05
 452	73033EA5-6E4B-11EE-9592-68545AD2D871
 453	15C1312C-3F0E-05DF-020F-51F7B6C9FDE8
 454	18AEADBA-D434-6F6D-5371-6D67191CE1EB
 455	11979878-0B96-11EE-8B13-50EBF67A58D8
 456	2897.4 -1542.1 82
 457	2897.4 -1542.1 42
 458	2897.4 -1542.1 66
 459	pf6285c663204326a0_auto2108
 460	0 43.9996 0
 461	87ED1639-E5CA-11ED-8B03-50EBF67A58D8
 462	F35BC4E6-F143-03AD-F01D-8255425C24EF
 463	-3016 624 16
 464	988330FD-67CE-E5C9-F627-A73F7103C343
 465	27C2EBDD-6E4B-11EE-9592-68545AD2D871
 466	0 135.999 0
 467	250BC62A-AB9E-45A5-3BD2-808D056DD500
 468	pf455c066fb84b868f_auto2108
 469	scriptable_food_cans_bottles_and_jars_can_01
 470	DD4F1F1A-0B95-11EE-8B13-50EBF67A58D8
 471	22D560C7-047A-11EE-8B11-50EBF67A58D8
 472	2872 1208 -72
 473	22D560D6-047A-11EE-8B11-50EBF67A58D8
 474	93A5E253-0475-11EE-8B11-50EBF67A58D8
 475	2937 -1724.8 82
 476	2937 -1724.8 42
 477	2937 -1724.8 66
 478	0F47B710-F3FB-D1E0-E903-1B343A92D055
 479	4DCC704F-0479-11EE-8B11-50EBF67A58D8
 480	3220 -2067 58.206
 481	CB6F8474-BDB0-C945-B9ED-ACC44E8A2EE4
 482	-3696 424 56
 483	0 287.9 0
 484	900CB0F0-F58B-11ED-8B0E-50EBF67A58D8
 485	cp_generator_toggleable
 486	tag_cockpit_glass_11_3
 487	tag_cockpit_glass_10_2
 488	A66F08DC-4339-347F-0DDF-6B184EF2F261
 489	900CB0EA-F58B-11ED-8B0E-50EBF67A58D8
 490	cockpit_light
 491	pf1bf8d014b72eddf1_auto2108
 492	pff5f81c313dd4c71_auto2108
 493	7025D0FB-6E52-11EE-9592-68545AD2D871
 494	0 269.999 0
 495	BBA868C6-E39D-8330-B36F-1241D72C1C82
 496	78CE5F15-C3C0-65ED-3EB1-ECC7289FCAE8
 497	static
 498	B5DFFB4B-48B7-DB33-2C1C-9D4944834B17
 499	9BBEB598-5A16-A61A-49C3-762F7B5CEF7C
 500	A186CAFA-8C65-2C8B-D883-259CBFC80D8C
 501	pf63935f386810866c_auto2108
 502	-1768 72 0
 503	fx_stop_exploder( infil_heli_trash )
 504	3050.6 -1598.9 50
 505	3050.6 -1598.9 90
 506	3F018076-2A62-3A95-34D7-EF8236B0590D
 507	F350EA9C-0B6A-11EE-8B13-50EBF67A58D8
 508	471A2ABE-CF4B-0BD3-2847-B245EBFF0B3E
 509	-4010 2019 80
 510	900CB105-F58B-11ED-8B0E-50EBF67A58D8
 511	AE742DDF-C4C0-11ED-8AF8-50EBF67A58D8
 512	552DA547-0479-11EE-8B11-50EBF67A58D8
 513	517B1376-D6AA-21D0-C19D-74417196E943
 514	jup_infil_blima_player_slide
 515	pfccdb87290a8f9b72_auto2108
 516	F8587ED5-DFE8-959B-CF76-77CA62A1382C
 517	705C6CE9-90FB-AC98-67A3-6C142C2D3739
 518	tag_broken
 519	-3976 2280 48
 520	4D0F2EAC-6E53-11EE-9592-68545AD2D871
 521	0 314 0
 522	-1912 3032 64
 523	-4138 424.1 73
 524	playerasm_patch_mp_infil_blima
 525	D0876FAB-EAA5-CD7F-6F29-E32AA3690E1A
 526	D4513DB8-9976-F497-BF1B-0003E344CB69
 527	116DE8E9-0B6B-11EE-8B13-50EBF67A58D8
 528	07C7D689-BE9E-11ED-8AF4-50EBF67A58D8
 529	7FFE85FD-B54D-4A03-9773-62AE728FDDD3
 530	0 358 0
 531	playerasm
 532	CC230722-0B6E-11EE-8B13-50EBF67A58D8
 533	6773DBD9-53C8-A87D-EB95-C67310347ABE
 534	infil_mbravo_intro_2
 535	-998 2272 -66.3239
 536	0 85.9994 0
 537	44C61BD5-F587-11ED-8B0E-50EBF67A58D8
 538	770 189 105
 539	E3BFF163-7BA1-87C1-A898-9D6D2960A6A4
 540	0 150 0
 541	60E557F5-F581-11ED-8B0E-50EBF67A58D8
 542	-3872 2129 56
 543	87A8FE0C-C465-C130-DA2D-19D809BB100B
 544	dead
 545	3064 352 -80
 546	-1189 -215.5 -38
 547	6A3578BC-3E08-B648-A4FB-726437F73EE5
 548	2921.7 -1442.9 82
 549	2921.7 -1442.9 66
 550	2921.7 -1442.9 42
 551	BA69E556-0B6D-11EE-8B13-50EBF67A58D8
 552	BD48D299-675C-4CB8-0DBA-F0730B9159BC
 553	CB3915E9-7898-5B59-818F-6FE40E142F39
 554	D17B55CB-0B86-11EE-8B13-50EBF67A58D8
 555	-179.7 -3104.8 88
 556	pfd9d00429dbe6d5da_auto2108
 557	770 189 92.8108
 558	D89C2501-0478-11EE-8B11-50EBF67A58D8
 559	-4010 2019 88
 560	-4010 2019 48
 561	D892574B-D66F-7AB3-70C9-ED04B15D82EA
 562	3450 -891 49
 563	-3908 1954 64
 564	fingers_in_start_right_hand
 565	6A0F54F0-6E52-11EE-9592-68545AD2D871
 566	hardpoint_vis_01
 567	1426 2251 -49.6858
 568	B34C86C6-F587-11ED-8B0E-50EBF67A58D8
 569	7C7296D6-7B3F-DE83-E946-679B73862D02
 570	2C881387-0B70-11EE-8B13-50EBF67A58D8
 571	decor_wooden_radio_old_01
 572	99010F9F-E5C8-11ED-8B03-50EBF67A58D8
 573	6B214095-2AFA-A278-CB81-6EAA0D9C9416
 574	BE6B8F86-32EF-6D02-1DE0-9B582E0757AF
 575	pf4ebe570271d13ea1_auto2108
 576	pf96bd49a7ec7619b_auto2108
 577	tag_full
 578	0AA273AB-E166-6000-C9E7-4D9EC79C83BE
 579	8B6FB3E2-6E53-11EE-9592-68545AD2D871
 580	-560 -16 -8
 581	900CB0ED-F58B-11ED-8B0E-50EBF67A58D8
 582	infil_mbravo_intro_3
 583	scriptable_ee_cardboard_box_01
 584	pf8bc755b77770732_auto2108
 585	pfc357c3e1c751aa75_auto2108
 586	pff6fb58ebcf54f99f_auto2108
 587	-3668 2082 72
 588	C7A6C082-07B0-ACF7-1393-01ACAA602CD1
 589	3009.9 -1422.5 74
 590	AED8C999-EF8B-B370-D7D5-3935A9211534
 591	ee_cardboard_box_01
 592	-3872 2129 88
 593	85E1B4F6-6E52-11EE-9592-68545AD2D871
 594	C7A78AB9-F589-11ED-8B0E-50EBF67A58D8
 595	tag_tail_rotor_blade_01
 596	-3772 1858 72
 597	2921.7 -1442.9 50
 598	infil_mi8_1
 599	AF512BCF-F7FD-E8AD-669D-956F4CB06754
 600	pf67ac06da3cf819df_auto2108
 601	77DEA7F5-DAE0-65B1-B02A-91BDA3DCE0F2
 602	DFE70A38-0B82-11EE-8B13-50EBF67A58D8
 603	736A26B8-1002-5DC4-3AC3-8453925002FC
 604	07C7D65C-BE9E-11ED-8AF4-50EBF67A58D8
 605	4950AD51-F657-FE35-181F-29190C970D4A
 606	5CA34D5D-CDE2-ED2D-2F7E-AC4989247365
 607	6D07294A-0456-B019-F8CC-3FE0B282A9AD
 608	1952 -2568 48
 609	pf468f46699a88a37b_auto2108
 610	3E8C7820-3BD9-5026-8E01-0F90349AC209
 611	22D560E2-047A-11EE-8B11-50EBF67A58D8
 612	F350EABA-0B6A-11EE-8B13-50EBF67A58D8
 613	8DF69CA1-543A-DAD7-898A-61CE80B507ED
 614	2C022AF3-0DE5-E7A0-693A-9515A20CAD72
 615	0 59.9996 0
 616	fingers_out_end_left_hand
 617	0 315 0
 618	92B411C2-7950-4131-C647-A2FE32628F17
 619	EE1DD633-6E4C-11EE-9592-68545AD2D871
 620	pfd5c8543f8fb50ac3_auto2108
 621	0 91.9999 0
 622	infil_mbravo_alt_intro_4
 623	2833.5 -1463.2 42
 624	pfae575cf155edf72b_auto2108
 625	F45F623C-5B25-410C-2732-66F3D4904B4E
 626	2786.1 -1659.9 90
 627	51895297-2A83-DD59-30B5-8F6D81B214A5
 628	06143000-00E8-21C4-C839-E3EFCAC66E94
 629	900CB10E-F58B-11ED-8B0E-50EBF67A58D8
 630	infil_mi8_11
 631	D5ABCF79-7652-5918-4D2D-69C79AFB942D
 632	pf42d861158d259d51_auto2108
 633	AE742E0C-C4C0-11ED-8AF8-50EBF67A58D8
 634	-3644 1986 64
 635	tag_bink3
 636	AE742DF4-C4C0-11ED-8AF8-50EBF67A58D8
 637	pfa2989a1b9bb663e9_auto2108
 638	3818DF77-0474-11EE-8B11-50EBF67A58D8
 639	0 103 0
 640	1216 -344 -16
 641	99010F90-E5C8-11ED-8B03-50EBF67A58D8
 642	infil_mbravo_luxury_exit_6
 643	player_lock_look_1_second
 644	30A6BEDE-F38A-DAF9-CD2B-F2BB5CC01F85
 645	DDBCA8F0-10B1-DB3A-8AA4-B7D56AFA8AE8
 646	5F1E0FE8-01FF-2E5E-51E1-FC90D1A496CD
 647	3342 -1375 56
 648	pfa3a3683bbe21bfca_auto2108
 649	-2122 3038 114
 650	-3732 2018 72
 651	CC2DCDF3-5412-1F3D-3043-5DDA192AED5C
 652	EEB3336F-F7F3-0AEB-E70D-E83C9DEBB2F4
 653	-3776 424 64
 654	DFE70A35-0B82-11EE-8B13-50EBF67A58D8
 655	pf56c02afd9ab75be3_auto2108
 656	0 313.9 0
 657	0 154.998 0
 658	-3819 2188 72
 659	0 330 0
 660	1396 -3197 99.2758
 661	C6FDA29B-0473-11EE-8B11-50EBF67A58D8
 662	-770 2814 24.3896
 663	infil_mbravo_swapmeet_intro_3
 664	025211CD-D7CE-B8EF-166C-3D35B3515EA9
 665	toy_riding_horse_01
 666	pfb4e9e09891de4391_auto2108
 667	2872 1208 -88
 668	-4490 1512.1 61.3344
 669	on
 670	pf983ddf47b3f3ccd5_auto2108
 671	BD7A2D98-CC30-147E-089E-0B4E5A3BF86D
 672	2937 -1724.8 90
 673	9EF98CE0-E5C8-11ED-8B03-50EBF67A58D8
 674	0 85.9993 0
 675	85E1B4EC-6E52-11EE-9592-68545AD2D871
 676	64CBE791-F58B-11ED-8B0E-50EBF67A58D8
 677	9548B077-0B6D-11EE-8B13-50EBF67A58D8
 678	-1968 32 -8
 679	3073 -1500.8 74
 680	B8A19BBC-97C5-A9EE-3760-A95C916CFE7D
 681	34EBF3B5-5CF3-4F19-985E-2A85E5CAD61D
 682	scriptable_base_book_01b
 683	1E1DAE9A-F3D1-D24F-D933-3D26DCBB8D7B
 684	2921.7 -1442.9 58
 685	infil_mi8_9
 686	1AAECB37-7468-3AB7-FE83-2D71C6CCBC35
 687	bucket_plastic
 688	3050.6 -1598.9 82
 689	CAC0886C-6E51-11EE-9592-68545AD2D871
 690	353CCEBB-01BD-9FFD-EFBD-7D0741366688
 691	D9C432AC-0B83-11EE-8B13-50EBF67A58D8
 692	-2984 1192 0
 693	99010F99-E5C8-11ED-8B03-50EBF67A58D8
 694	0 87 0
 695	07C7D6E9-BE9E-11ED-8AF4-50EBF67A58D8
 696	-3908 1954 56
 697	9DB8FE2A-0994-223D-1C30-4AE629BCD9C6
 698	pf8330c86c26c412e7_auto2108
 699	8D33E4A0-BCAD-0789-2C41-AA0B7C057074
 700	-2632.8 -862.3 56.123
 701	pfaad756778662f549_auto2108
 702	F7C34B67-B472-092F-121F-C0F234F7F954
 703	scriptable_for_table_lamp_01
 704	-3290 1856.1 25
 705	28F0EA06-6E4F-11EE-9592-68545AD2D871
 706	A63BC181-0B85-11EE-8B13-50EBF67A58D8
 707	07C7D653-BE9E-11ED-8AF4-50EBF67A58D8
 708	9EF98CB9-E5C8-11ED-8B03-50EBF67A58D8
 709	468DA80A-047A-11EE-8B11-50EBF67A58D8
 710	footstep_right_small
 711	5506B358-2776-F8AC-347D-E00A0A5558ED
 712	637707E6-8771-04D0-3467-6E1DB78ABB54
 713	E9CF91D5-62B1-A1FE-E197-BB39F69CC754
 714	DDA539B2-0B6D-11EE-8B13-50EBF67A58D8
 715	900CB0F3-F58B-11ED-8B0E-50EBF67A58D8
 716	4A8BFDC9-1046-11EE-8B15-50EBF67A58D8
 717	DC1D50D4-9075-54AA-F08C-42F73A78F796
 718	2776F841-6D4B-5A41-9A9A-CDFED84293FF
 719	998 -124 -2.02052
 720	-3440 2472 56
 721	AE742E1B-C4C0-11ED-8AF8-50EBF67A58D8
 722	07C7D6A4-BE9E-11ED-8AF4-50EBF67A58D8
 723	77FFD522-E5C9-11ED-8B03-50EBF67A58D8
 724	2786.1 -1659.9 50
 725	2786.1 -1659.9 74
 726	tag_main_rotor_blade_03_blur
 727	pfa20ff802b7e9a54c_auto2108
 728	-2952 464 16
 729	9EF98CBF-E5C8-11ED-8B03-50EBF67A58D8
 730	-4274 1512.1 57
 731	929FB50A-A172-5560-4F79-C2FECDD03CE5
 732	DB75C71D-597A-7FEE-49FF-DB0C8075D52A
 733	scriptable_base_book_group_02b
 734	96 2240 -64
 735	1DCA4B91-237D-3841-5B54-A1E39EDE8C6A
 736	8D441D13-6E4F-11EE-9592-68545AD2D871
 737	B5D15CCE-0478-11EE-8B11-50EBF67A58D8
 738	594BC260-1DDC-FFCB-450D-07DC698596A3
 739	ADD7B080-0B85-11EE-8B13-50EBF67A58D8
 740	F4E1ADD6-F57B-11ED-8B0E-50EBF67A58D8
 741	AA5A76BA-0B6E-11EE-8B13-50EBF67A58D8
 742	BAAE280F-9C1A-11ED-BDFE-68545AD2D871
 743	jup_infil_shared_movement_run_pre
 744	104 -456 -40
 745	6A0F54A5-6E52-11EE-9592-68545AD2D871
 746	pf747a3d82f4e526c6_auto2108
 747	582CEE93-3D9D-98BF-F4C7-04D0421F36F9
 748	pf4a968f972c95effa_auto2108
 749	j_rope_200
 750	mp_xfire_spawn_allies_start
 751	0 255 0
 752	FB2DDCB3-0B85-11EE-8B13-50EBF67A58D8
 753	jup_infil_blima_rope_crank_right
 754	64CBE776-F58B-11ED-8B0E-50EBF67A58D8
 755	0 240 0
 756	C5FD8509-0CBA-E88F-67CA-E805204A346F
 757	069D07F0-0470-11EE-8B11-50EBF67A58D8
 758	scriptable_decor_wooden_radio_old_01
 759	5019F747-518C-3779-5804-40CE866C10D1
 760	0 332 0
 761	AE742E21-C4C0-11ED-8AF8-50EBF67A58D8
 762	1FAC0896-959F-57AA-7C5A-4E3DFF1CB939
 763	B2DD9A98-B14A-18CB-7B72-0D5451413ABC
 764	facial_infils
 765	pf7fa3cf13a7678985_auto2108
 766	3256 232 -48
 767	-1164.8 -2662.5 46.4555
 768	pf91e32425c85c6a28_auto2108
 769	FB2E67F4-A59D-8462-E34D-9291771FAE83
 770	j_ball_le
 771	j_ball_ri
 772	-1936 -2048 -8
 773	tag_cockpit_glass_3_2
 774	tag_cockpit_glass_7_2
 775	tag_cockpit_glass_2_3
 776	tag_cockpit_glass_4_3
 777	07C7D67D-BE9E-11ED-8AF4-50EBF67A58D8
 778	infil_mbravo_swapmeet_exit_1
 779	BD94C623-0B95-11EE-8B13-50EBF67A58D8
 780	07C7D6E0-BE9E-11ED-8AF4-50EBF67A58D8
 781	pf4bfd76550a6b1824_auto2108
 782	CF9160C4-E5C8-11ED-8B03-50EBF67A58D8
 783	808C0160-5D56-2EA5-CE05-049E2FEE610C
 784	-155 -631 41.3915
 785	infil_mbravo_intro_4
 786	2360 224 56
 787	F350EAA5-0B6A-11EE-8B13-50EBF67A58D8
 788	AECAAFC6-78A3-FD47-D1A8-4CA1BAF23872
 789	3B303F22-1057-9B47-3A20-F8ED56CEA96F
 790	0 335.9 0
 791	-2888 464 16
 792	scriptable_device_laptop_01_open
 793	F441753C-9D6D-2D73-B91B-B45931AD6E8D
 794	960 -120 -8
 795	-3668 2082 88
 796	-3668 2082 64
 797	8DD790EE-AF7B-A857-CF78-5E7A608B6CDF
 798	AE742E30-C4C0-11ED-8AF8-50EBF67A58D8
 799	AE803D8D-FB90-DE8D-38E9-B47CEECA200F
 800	3009.9 -1422.5 82
 801	3009.9 -1422.5 66
 802	A83D5C69-5026-3564-F94D-533B96CDABCF
 803	B1A2C3CD-F583-11ED-8B0E-50EBF67A58D8
 804	4
 805	base_book_group_02b
 806	3F4A47CB-2D85-88BD-3B55-6BF2616A497D
 807	6A0F54FF-6E52-11EE-9592-68545AD2D871
 808	01B7953C-A5AA-A7BF-AB4F-777E07B96FEF
 809	147D5BF6-0479-11EE-8B11-50EBF67A58D8
 810	tag_tail_rotor_blade_02
 811	-3772 1858 88
 812	-3772 1858 64
 813	infil_mi8_6
 814	9BE3FCAC-0A32-9417-9BAC-7070FECBC7F2
 815	98E34395-B5AE-14B4-76E9-D76B065B33AF
 816	F6194CCE-AF9B-705A-CA00-2C58619E5C38
 817	A5F5830C-A18E-EE76-9820-D24F29AF92D3
 818	3050.6 -1598.9 74
 819	CC603228-0B82-11EE-8B13-50EBF67A58D8
 820	DB060AEA-F57B-11ED-8B0E-50EBF67A58D8
 821	999257CB-F57E-11ED-8B0E-50EBF67A58D8
 822	0 47.9994 0
 823	CDCDF486-F1BF-FE0B-E289-233EA54329DA
 824	30D31144-6E4E-11EE-9592-68545AD2D871
 825	387686B5-E5CA-11ED-8B03-50EBF67A58D8
 826	10C39B24-E2C6-7479-C73F-8CF9F4DD8AF7
 827	DDE868CF-E878-8E65-52CF-33F34DB120E7
 828	3206 -2055 48
 829	AE742DE5-C4C0-11ED-8AF8-50EBF67A58D8
 830	pf2a053b06284cbf50_auto2108
 831	55D50BC8-0470-11EE-8B11-50EBF67A58D8
 832	8FF27FAC-4D68-CDA5-0711-F56C725E7E57
 833	pfd5d74d7006dd89ad_auto2108
 834	E70FFDFC-5346-FCB3-E7F1-FAC12F3A3C8E
 835	-4144 480 64
 836	7031E3FB-047C-11EE-8B11-50EBF67A58D8
 837	06807DD8-C17A-E2D1-4097-80D5E5B11866
 838	0 74.9999 0
 839	-2096 -1416 40
 840	-3844 2018 88
 841	F350EAA2-0B6A-11EE-8B13-50EBF67A58D8
 842	fingers_out_start_right_hand
 843	D8B0B866-046F-11EE-8B11-50EBF67A58D8
 844	A8ACE7E9-D91C-C189-ED5F-AA276771A438
 845	1005 -2462 46.1133
 846	76C6ABFC-022A-6D2B-EEBF-5785115019C3
 847	infil_mbravo_luxury_intro_3
 848	6FD517AD-3B3A-B781-8FCF-B5A58AF88C8F
 849	1C996E6F-0470-11EE-8B11-50EBF67A58D8
 850	B84E9570-2D39-0185-80AA-6E6B9F69A6D5
 851	677A0847-047C-11EE-8B11-50EBF67A58D8
 852	BD1E94F0-21C5-36AA-C453-B98C49DACF7E
 853	0 166 0
 854	1DAB20A7-E5C9-11ED-8B03-50EBF67A58D8
 855	3026.9 -1706.7 50
 856	1656 -2920 72
 857	43FD229A-1B39-11BE-93BC-C84C64681648
 858	E81C3EA3-B174-25A9-112D-8DB0C1351E96
 859	76D6EAD9-6E8D-AF1A-90BD-5AE3B2925583
 860	3302 -1327 20.517
 861	6A0F54C8-6E52-11EE-9592-68545AD2D871
 862	mp_sd_spawn_defender
 863	scriptable_bucket_plastic
 864	676 -2485 59
 865	tag_tail_rotor_static
 866	89281156-7974-D5A2-6C4D-6BBDFAEAC427
 867	dmg_0
 868	pfceb8af75d5ffc67d_auto2108
 869	464 -104 -48
 870	07C7D69E-BE9E-11ED-8AF4-50EBF67A58D8
 871	64CBE782-F58B-11ED-8B0E-50EBF67A58D8
 872	bink1
 873	barrier_wooden_slats_02_woodslats_kit_128x64
 874	-2984 -888 40
 875	0 314.9 0
 876	pf7be5d534712884c6_auto2108
 877	-3716 2146 80
 878	scn_infil_mbravo_heli_npc5
 879	infil_blima_6
 880	BC2C75AE-7893-AE37-71EC-D85D1DD0E1B0
 881	2859983F-F587-11ED-8B0E-50EBF67A58D8
 882	-3580 2050 72
 883	CC603225-0B82-11EE-8B13-50EBF67A58D8
 884	AE742DD6-C4C0-11ED-8AF8-50EBF67A58D8
 885	-1128 2200 -48
 886	j_wrist_ri
 887	decor_misc_props_01_bottle
 888	24C9FC38-C1D3-1716-3935-A9E2460D8EF4
 889	7025D0F6-6E52-11EE-9592-68545AD2D871
 890	infil_mbravo_luxury_intro_2
 891	pff2cca4e731c65204_auto2108
 892	1078 2239 -60.12
 893	CC6222B3-991E-B2F2-68B8-C2C200B8B0BC
 894	-4144 648 40
 895	pf608f12a69a97dfa_auto2108
 896	872D0D25-CE50-3E06-9395-A406309D71C1
 897	6EE3B1AA-8268-AAEA-B691-C57D01C4B30B
 898	infil_mbravo_exit_6
 899	5BC453B0-FFAB-5803-3D95-17B44429BC4B
 900	DBEE742D-6844-5EDA-DFE7-D4AEEAA370D7
 901	pf8042dcce26962cce_auto2108
 902	2585 -2670 59
 903	window_over_40
 904	152 -2506 26
 905	vfx_farm_sunflare
 906	-3941 2075 64
 907	EF0C8231-3856-71BE-7DDF-6F592C959DAE
 908	pfe717d15d372e6150_auto2108
 909	157B5537-3BCA-F78D-FD52-616AD565A698
 910	92276901-3B67-08E7-9A8A-C807019CEA42
 911	0BEB58A6-F4E6-AEF6-49A9-15A1DEAB1949
 912	F350EAC9-0B6A-11EE-8B13-50EBF67A58D8
 913	41CB1F33-56AF-374E-3061-E0CAF8461062
 914	3098.1 -1402.2 74
 915	676 -2485 43
 916	FE085358-1DBB-E0B3-AA7C-C53CC49A6677
 917	167FEFDB-6FBA-4281-A298-38B37A16C74D
 918	dmg_1
 919	B63BB1F8-0B85-11EE-8B13-50EBF67A58D8
 920	649BB6EE-9950-FFF7-D201-90F7E36DD1D7
 921	DB060AF0-F57B-11ED-8B0E-50EBF67A58D8
 922	CD63E28D-B841-EEE1-9368-67D98C075E6F
 923	mp_koth_spawn
 924	22D560D0-047A-11EE-8B11-50EBF67A58D8
 925	2874.2 -1639.6 58
 926	07C7D692-BE9E-11ED-8AF4-50EBF67A58D8
 927	0 277 0
 928	C89E4D2D-212A-27C7-09AD-64D135A5A1E6
 929	0 75 0
 930	-3048 704 16
 931	38D8247C-0AEF-5430-092E-1B9577CE0E74
 932	scn_infil_mbravo_heli_npc4
 933	equip_nvg
 934	6A0F54E1-6E52-11EE-9592-68545AD2D871
 935	B2A4C53B-F586-11ED-8B0E-50EBF67A58D8
 936	-3580 2050 88
 937	-1934 50 -12.0812
 938	-208 2920 40
 939	EBBDEC7A-A27B-46B9-CD77-0E06029E7279
 940	07C7D6DD-BE9E-11ED-8AF4-50EBF67A58D8
 941	DFEC728D-F57E-11ED-8B0E-50EBF67A58D8
 942	30148D8C-B826-F7FF-B6D9-64567FC20FA2
 943	2769 1400 -92.1111
 944	DB060AED-F57B-11ED-8B0E-50EBF67A58D8
 945	4304136E-A353-4259-6F07-77D1F0FC849A
 946	0A88E6C2-0B96-11EE-8B13-50EBF67A58D8
 947	-3860 1890 72
 948	-3860 1890 56
 949	517F5975-26E2-9AB7-57F2-158462843919
 950	B56F74DC-7E20-9E4B-0165-438FD5B4273B
 951	-3780 2082 64
 952	3A6861A4-FA67-B908-E1F2-0696E7CC4EE1
 953	cockpit_glass_4
 954	5AE09E61-EB2B-E5AB-62FF-52973DFA6A36
 955	2585 -2670 43
 956	DB060B0B-F57B-11ED-8B0E-50EBF67A58D8
 957	-1792 2934 52.3681
 958	AC2A482C-0BF0-232F-3D45-AD8079B53A9C
 959	887D82A5-DBAA-47D0-BEC1-8DAFE18B9A8C
 960	0 135 0
 961	6A0F54BE-6E52-11EE-9592-68545AD2D871
 962	B86D96E7-047B-11EE-8B11-50EBF67A58D8
 963	C092D0F5-4A3A-558F-E393-E1985F4120D8
 964	A2B93FE8-EBD9-EC65-6CA3-E705EBAF5C3A
 965	468DA7F2-047A-11EE-8B11-50EBF67A58D8
 966	3098.1 -1402.2 42
 967	22D560D3-047A-11EE-8B11-50EBF67A58D8
 968	1934 -53 68.1624
 969	911A7B6E-732A-3CDE-862A-2C6A4AC3A8CA
 970	infil_mbravo_alt_exit_1
 971	toy_teddy_bear_01_brown
 972	0 270 0
 973	64CBE78B-F58B-11ED-8B0E-50EBF67A58D8
 974	F4E1ADD9-F57B-11ED-8B0E-50EBF67A58D8
 975	3121.5 -1685.6 42
 976	-2808.8 -964.3 37.9596
 977	-3716 2146 48
 978	-3716 2146 64
 979	-3716 2146 88
 980	mp_dd_spawn_defender_start
 981	F350EA9F-0B6A-11EE-8B13-50EBF67A58D8
 982	scriptable_decor_metal_bucket_small_02
 983	628F9B05-C64D-26D4-7A58-BD1559EB1887
 984	ACB41ED7-8A74-DC3C-4BAB-CB3ECF0D073D
 985	-3580 2050 56
 986	food_cans_bottles_and_jars_jar_03
 987	2C4FFD0C-475D-428A-1C85-8F30CF58B820
 988	pfc8ec871d51f2f559_auto2108
 989	B55A7C27-0475-11EE-8B11-50EBF67A58D8
 990	fingers_in_start_left_hand
 991	pfc937acc0262caa53_auto2108
 992	539B96E8-0474-11EE-8B11-50EBF67A58D8
 993	B6E96472-C9FB-0175-0411-4248965F51B3
 994	AE742DD9-C4C0-11ED-8AF8-50EBF67A58D8
 995	AD3DD1A2-E97D-85EA-4B60-64CFF9C29BE8
 996	infil_mbravo_alt_intro_5
 997	0 29.9997 0
 998	-604 223 77.977
 999	-3150 -695 39
1000	2786.1 -1659.9 42
1001	9F55085A-25F5-767D-E75C-4505C013E8F8
1002	mp_control_spawn_defender
1003	01E3626B-3DF2-F7B4-E12A-428E74632B99
1004	-784 2830 24
1005	800 -2328 56
1006	6A0F548C-6E52-11EE-9592-68545AD2D871
1007	infil_mi8_10
1008	2808.8 -1563.3 66
1009	pfee705208c6fc2c9d_auto2108
1010	256CB37C-CBC8-7D0D-BCBE-20EB743101BF
1011	tag_bink2
1012	-1848 -536 -16
1013	07C7D67A-BE9E-11ED-8AF4-50EBF67A58D8
1014	2962.4 -1619.2 42
1015	2962.4 -1619.2 82
1016	4B743ADF-DB2D-73B0-C613-59096EAFE737
1017	311.5 25 -27.5755
1018	pfd794218e2dc067ae_auto2108
1019	1401 -2190 51
1020	6CCE18B9-42FE-68F2-8F0E-6D554763166C
1021	-2536 2544 56
1022	D0D57F9B-2DAC-C19A-1E1A-2AADB9EA47F6
1023	AE742DE2-C4C0-11ED-8AF8-50EBF67A58D8
1024	AE742E2D-C4C0-11ED-8AF8-50EBF67A58D8
1025	-1608 2760 40
1026	8B6FB3D3-6E53-11EE-9592-68545AD2D871
1027	-2736 240 80
1028	neutral
1029	116DE8E6-0B6B-11EE-8B13-50EBF67A58D8
1030	900CB0FC-F58B-11ED-8B0E-50EBF67A58D8
1031	pf6812fbe4211a46e4_auto2108
1032	pfa1568013db2e44ff_auto2108
1033	5021635E-046E-11EE-8B11-50EBF67A58D8
1034	07C7D6EC-BE9E-11ED-8AF4-50EBF67A58D8
1035	1C7809B1-F588-11ED-8B0E-50EBF67A58D8
1036	pf61d611ffb87c2ad4_auto2108
1037	-3796 1954 64
1038	61.5 125 -33.7676
1039	pf64c5c81ab545dfd9_auto2108
1040	9E1249EE-473B-1773-451C-C9002804D8FD
1041	03B52981-E79A-29AB-7997-B4EC79543CA7
1042	0 354.999 0
1043	2207 -2386 8
1044	1A4212FE-6A3E-D8B7-E9CA-0F5330D739F5
1045	pf83e6ac657d242a4a_auto2108
1046	infil_mbravo_swapmeet_intro_2
1047	7025D0BA-6E52-11EE-9592-68545AD2D871
1048	981D698A-F587-11ED-8B0E-50EBF67A58D8
1049	22D560DC-047A-11EE-8B11-50EBF67A58D8
1050	64CBE788-F58B-11ED-8B0E-50EBF67A58D8
1051	668E7C52-C477-5898-3844-EBEF7E8DBBCA
1052	cockpit_glass_12
1053	1984 1336 -112
1054	07C7D65F-BE9E-11ED-8AF4-50EBF67A58D8
1055	scriptable_toy_riding_horse_01
1056	j_wrist_le
1057	A4F469AB-2EC6-7E3E-D2D3-D92509B38770
1058	-496 1952 -88
1059	0F2DA02B-DF5D-8454-6CAB-E9D4F4B71C75
1060	5810144C-21D6-C508-AB1A-527E80F45E6C
1061	2737C006-56BF-6550-883E-7E3F03B3FF8D
1062	mp_dd_spawn_attacker
1063	8A2867E4-0B6D-11EE-8B13-50EBF67A58D8
1064	pf18f09cb002c5f365_auto2108
1065	07C7D6AD-BE9E-11ED-8AF4-50EBF67A58D8
1066	64CBE78E-F58B-11ED-8B0E-50EBF67A58D8
1067	507 -1902 45.792
1068	footstep_left_small
1069	cockpit_glass_5
1070	07C7D665-BE9E-11ED-8AF4-50EBF67A58D8
1071	3026.9 -1706.7 82
1072	3026.9 -1706.7 66
1073	0BE6851A-5803-6E12-AA9C-046918F12184
1074	D0C6D1BA-0A35-F87E-F201-EFE1D097A35A
1075	07B28509-B442-8DAE-EFF8-D03F2133A5CE
1076	infil_fx_mindia8
1077	619 -2484 67
1078	07C7D656-BE9E-11ED-8AF4-50EBF67A58D8
1079	7025D114-6E52-11EE-9592-68545AD2D871
1080	C161CA52-042D-98B7-F53F-2403123BC114
1081	0 297 0
1082	pf3a09616c57f65c28_auto2108
1083	pf4fff6288e7201e29_auto2108
1084	07C7D6D7-BE9E-11ED-8AF4-50EBF67A58D8
1085	tag_main_rotor_static
1086	-704 2936 24
1087	468DA813-047A-11EE-8B11-50EBF67A58D8
1088	-2128 -112 -8
1089	39432DAF-6E4C-11EE-9592-68545AD2D871
1090	60A33E49-0B8E-BD50-A91F-FC29F3A19268
1091	2874.2 -1639.6 50
1092	D977B3DA-61EC-17E8-B1A1-2613E2314434
1093	843B9E3A-FF1F-16BF-FECF-CA1C1617BDBB
1094	387686AF-E5CA-11ED-8B03-50EBF67A58D8
1095	2F661C25-047C-11EE-8B11-50EBF67A58D8
1096	3121.5 -1685.6 90
1097	9EF98CDD-E5C8-11ED-8B03-50EBF67A58D8
1098	-3716 2146 56
1099	0C2CB05E-3DC2-F304-6A78-F55FD4E1435E
1100	475FFBF8-F2FA-BA48-8F0D-92A446814C66
1101	07C7D68C-BE9E-11ED-8AF4-50EBF67A58D8
1102	E6EF5515-5D2C-1846-71E2-527A7118E9CA
1103	9592F8EC-3630-6E4E-550B-3620FA45F271
1104	2857 -1740.8 90
1105	mp_tdm_spawn_secondary
1106	163D9284-0473-11EE-8B11-50EBF67A58D8
1107	F084D2DB-F91E-3BE5-3554-F9234DAFD48B
1108	-3580 2050 80
1109	-3580 2050 48
1110	food_cans_bottles_and_jars_jar_02
1111	-2376 1512 8
1112	F350EABD-0B6A-11EE-8B13-50EBF67A58D8
1113	cockpit_glass_10
1114	3AB61318-5DAC-4AB5-9A2D-E80C08003C88
1115	5624004B-2B91-B9D1-814C-2D19A147B12A
1116	food_cans_bottles_and_jars_can_01
1117	D4010B93-0B82-11EE-8B13-50EBF67A58D8
1118	-2984 544 16
1119	pf539fc72ae7b08a73_auto2108
1120	-3780 2082 72
1121	-3780 2082 56
1122	2BE038A5-8ECE-4F6E-18BD-8C31D9BF7699
1123	1CD0E51B-E845-44F3-D90F-AE39326BA38F
1124	BC82D51C-6E4A-11EE-9592-68545AD2D871
1125	A2F28FBF-0B6D-11EE-8B13-50EBF67A58D8
1126	9EF98CE3-E5C8-11ED-8B03-50EBF67A58D8
1127	2913 -2374 51
1128	74F5FE74-699D-5D78-94BD-1B5D334D5ABC
1129	infil_mbravo_luxury_intro_6
1130	mp_dd_spawn_defender_a
1131	B0255264-3859-22D1-27C5-A1AA5C9FB05A
1132	79CD3515-FCE3-434A-3515-340CE9279350
1133	shake_running
1134	cockpit_glass_7
1135	infil_mbravo_exit_2
1136	0 178 0
1137	3026.9 -1706.7 42
1138	59F191ED-F586-11ED-8B0E-50EBF67A58D8
1139	6A0DD4B9-6B1C-BE6C-5039-E70A58138C0F
1140	pfb232f9b9cca60089_auto2108
1141	85E1B4F1-6E52-11EE-9592-68545AD2D871
1142	2A4139F6-6E4E-11EE-9592-68545AD2D871
1143	-3941 2075 80
1144	D9C432A6-0B83-11EE-8B13-50EBF67A58D8
1145	0 127 0
1146	pf1ab9713db854db00_auto2108
1147	-2720 312 80
1148	0 267.999 0
1149	9E2821EE-428D-4FC8-F95D-4C5D4E623903
1150	F20181F6-22A2-54D6-03D4-35EB2BAB34B0
1151	AE742E03-C4C0-11ED-8AF8-50EBF67A58D8
1152	1D4CEB92-8597-7E3C-FE1B-6671BE221F3F
1153	3098.1 -1402.2 58
1154	D2B28F8E-8DF1-9D95-1EEC-BCB32619A936
1155	0DECEFBD-6E4D-11EE-9592-68545AD2D871
1156	35E464D9-DE4A-E9E2-7A4E-982B27D39891
1157	-2952 624 16
1158	D3062374-01D1-36D3-4373-05813355D0EC
1159	F255C256-CC3D-837F-3EC3-9C194D245794
1160	mp_dd_spawn_attacker_a
1161	2874.2 -1639.6 74
1162	0 327 0
1163	0A89C4DA-0B87-11EE-8B13-50EBF67A58D8
1164	traverse
1165	nav_door
1166	A99B9358-F57E-11ED-8B0E-50EBF67A58D8
1167	3121.5 -1685.6 58
1168	7025D0BF-6E52-11EE-9592-68545AD2D871
1169	-3016 464 16
1170	D4010B99-0B82-11EE-8B13-50EBF67A58D8
1171	2CE1B2BF-4B43-8CD2-4D4D-4DAB61398FD1
1172	6A0F550E-6E52-11EE-9592-68545AD2D871
1173	A5D9E7A8-F586-11ED-8B0E-50EBF67A58D8
1174	06999020-1AC2-4A67-9E00-D25E82888F2E
1175	F529A7D5
1176	900CB102-F58B-11ED-8B0E-50EBF67A58D8
1177	249B44ED-0B86-11EE-8B13-50EBF67A58D8
1178	54B47D79-0475-11EE-8B11-50EBF67A58D8
1179	pfd5208d3d7a8c45a3_auto2108
1180	2833.5 -1463.2 58
1181	125BBF7C-0B86-11EE-8B13-50EBF67A58D8
1182	02E9F50D-6EDC-6854-2B53-D32C3BA49F2D
1183	B91FBA86-F57E-11ED-8B0E-50EBF67A58D8
1184	-3392 1720 16
1185	AE742DE8-C4C0-11ED-8AF8-50EBF67A58D8
1186	B09B8400-F57E-11ED-8B0E-50EBF67A58D8
1187	1628 1 76.1872
1188	AE742DF1-C4C0-11ED-8AF8-50EBF67A58D8
1189	-1768 72 -8
1190	tag_main_rotor_blade_02
1191	72042A53-9490-C737-DF9A-F64D7AE70F5B
1192	-4478 2004 50
1193	decor_metal_bucket_small_02
1194	ee_book_office_folder_04
1195	116DE8D7-0B6B-11EE-8B13-50EBF67A58D8
1196	jup_infil_blima_step
1197	3E5DFF3B-8F9E-D956-FDF1-252C09582446
1198	infil_mbravo_luxury_exit_3
1199	3B53F50A-2312-8F1B-71FD-B49898CD7434
1200	64CBE77C-F58B-11ED-8B0E-50EBF67A58D8
1201	pff55233ad82861fc6_5
1202	20E69046-F6FB-59D0-23B2-A6815AB2263C
1203	AECEE7B8-0475-11EE-8B11-50EBF67A58D8
1204	E9AD42E3-A724-D23C-14D9-DC7F5251B900
1205	3342 -1375 48
1206	4928A4A2-536C-F719-2829-BF24D28E20B2
1207	468DA801-047A-11EE-8B11-50EBF67A58D8
1208	5927FC49-3BAB-F954-6239-83E18E623753
1209	0C2DA076-D03E-DDC2-6931-05DBAF81FA06
1210	05A16FF7-D5E8-A752-CFE1-B3CF9447EB2F
1211	pf77eea8aa479608c8_auto2108
1212	-3819 2188 88
1213	B264BE55-ED49-ECA8-8C4D-A538C01ECA93
1214	4504871B-C076-BFD7-254F-3CC749CBC467
1215	7025D10F-6E52-11EE-9592-68545AD2D871
1216	ik_in_end_right_hand
1217	tag_cockpit_glass_3_1
1218	tag_cockpit_glass_7_1
1219	tag_cockpit_glass_6_2
1220	infil_mbravo_swapmeet_exit_2
1221	1BC1FAC5-6E53-11EE-9592-68545AD2D871
1222	64CBE76D-F58B-11ED-8B0E-50EBF67A58D8
1223	CAC08867-6E51-11EE-9592-68545AD2D871
1224	324DD448-34F4-97E2-9751-F1A7518D7BA3
1225	0 30 0
1226	AE742E06-C4C0-11ED-8AF8-50EBF67A58D8
1227	-486 2730 23.4634
1228	8F784E70-B347-38C6-BE72-794AE122BF37
1229	1F55B40A-88FB-D7D1-C3A8-F4DD820E501D
1230	FB47A25E-624E-1188-5989-EBFF93E32C2D
1231	-3844 2018 56
1232	DB060AE1-F57B-11ED-8B0E-50EBF67A58D8
1233	E6870241-885A-9388-24D5-B7C3A258E70C
1234	F269D1FF-0478-11EE-8B11-50EBF67A58D8
1235	-3860 1890 48
1236	-1934 50 9
1237	3C4A06AB-F75D-404E-F272-CF6E579B3BF4
1238	61F5A1C0-0A68-037D-6EE2-6E1DD983171E
1239	mp_control_spawn_attacker_start
1240	-3048 544 16
1241	9DE95715-A5E0-BB07-3943-FFB579D79EF6
1242	-265 75 70.3079
1243	468DA7EF-047A-11EE-8B11-50EBF67A58D8
1244	2142 1308 -111.085
1245	infil_mbravo_exit_4
1246	2712 1400 -112
1247	6498C4EE-5A27-E517-81F3-CCBA6B2FCB6E
1248	B4F7BD3F-C4F3-9D3E-1440-88BE4237C97F
1249	pf5cefbcf1b47ee935_auto2108
1250	-3941 2075 48
1251	pff147acdfc96cfccf_auto2108
1252	F4E1ADC7-F57B-11ED-8B0E-50EBF67A58D8
1253	672 -2576 48
1254	0952CBFD-1B09-2AF6-DD69-A3B3E7AB1BA5
1255	pf54f6ce8db7279726_auto2108
1256	7EABE59E-38B2-F2DB-E866-B67A9B81F6F5
1257	F1FEB2E5-047B-11EE-8B11-50EBF67A58D8
1258	3098.1 -1402.2 50
1259	F4E1ADCA-F57B-11ED-8B0E-50EBF67A58D8
1260	27E1A884-046E-11EE-8B11-50EBF67A58D8
1261	5CA71E34-D3DE-D7CD-DD28-010A9C18955A
1262	1388 2159 -57.589
1263	infil_mbravo_alt_exit_6
1264	-2528 -720 48
1265	bink2
1266	-2232.8 -904.3 62.1756
1267	pfbee76d3d5beb9eb3_auto2108
1268	pf5c84e99cfec0e4dd_auto2108
1269	99010F96-E5C8-11ED-8B03-50EBF67A58D8
1270	pfdfed7e29a6b51565_auto2108
1271	3121.5 -1685.6 50
1272	3121.5 -1685.6 74
1273	3232 384 -64
1274	-3716 2146 72
1275	scn_infil_mbravo_heli_npc6
1276	07C7D6DA-BE9E-11ED-8AF4-50EBF67A58D8
1277	FA4C60C8-EAF5-C52B-6DFA-16A9E38637AE
1278	infil_blima_1
1279	0 344.999 0
1280	0 117.999 0
1281	252 -1905 46.6898
1282	ee_fence_wood_plank_post_01
1283	C62FE1CC-046F-11EE-8B11-50EBF67A58D8
1284	EF2835DA-8DF4-C189-197E-562E194E8446
1285	-1544 -896 -8
1286	scriptable_decor_blacksmith_tool_tongs_s_01
1287	E2140CD0-A215-76CB-A83F-7A32D4C3C8CB
1288	468DA7F8-047A-11EE-8B11-50EBF67A58D8
1289	0 89.9999 0
1290	pf44334b6fa3c46a08_auto2108
1291	C3B2B682-0475-11EE-8B11-50EBF67A58D8
1292	food_cans_bottles_and_jars_can_06
1293	-3844 2018 64
1294	-2328.8 -938.3 60.3703
1295	off
1296	jup_infil_shared_movement_post
1297	-2168 -120 -8
1298	DB060B08-F57B-11ED-8B0E-50EBF67A58D8
1299	scriptable_decor_ceramic_statue_dog_sm_01
1300	85EACB38-5765-9870-B142-E6E17F551F1B
1301	BC212B9C-047C-11EE-8B11-50EBF67A58D8
1302	7FFA7A81-4874-F324-B9C5-0C46C7B35C4E
1303	infil_mbravo_luxury_intro_1
1304	4CDD2588-1233-440C-30F4-D7740C5BC6F9
1305	-1069 -1025 16.7201
1306	9EF98CD7-E5C8-11ED-8B03-50EBF67A58D8
1307	763AD85B-39D3-08A3-DC6C-1877E6EC01C4
1308	14618C8F-0AD4-AFC9-C21C-4FEFF749BB8F
1309	572E9401-5512-DB90-4A79-07B6DCB597C5
1310	AAD4F235-0B6D-11EE-8B13-50EBF67A58D8
1311	2985.4 -1520.3 58
1312	191.4 -518.6 -40
1313	infil_mbravo_exit_5
1314	5E4EF23E-6E4E-11EE-9592-68545AD2D871
1315	jup_infil_blima_rope_fall_left
1316	AE742E24-C4C0-11ED-8AF8-50EBF67A58D8
1317	8D441D05-6E4F-11EE-9592-68545AD2D871
1318	AF5F041D-46AA-2DED-21C9-560633968484
1319	E3267B5F-0473-11EE-8B11-50EBF67A58D8
1320	pf7391931438884b7c_auto2108
1321	pfb545b6dfb15aadb0_auto2108
1322	pfab5f5b1db7798496_auto2108
1323	pfcac2cedad1e8b56e_auto2108
1324	6B583176-6E4D-11EE-9592-68545AD2D871
1325	blinking_light
1326	F2005BA4-E5C9-11ED-8B03-50EBF67A58D8
1327	2008 1240 -120
1328	0 268.9 0
1329	3098.1 -1402.2 66
1330	D2684F92-78C6-D52A-95AC-0E55E6D13FF8
1331	40A9C636-0B86-11EE-8B13-50EBF67A58D8
1332	decor_ceramic_statue_dog_sm_01
1333	729F367F-D192-5478-7BE4-F69AE40356D4
1334	6C1E813F-B1D6-3AEA-D2D9-44CA436F790C
1335	D9C43297-0B83-11EE-8B13-50EBF67A58D8
1336	scriptable_hardpoint_chevron
1337	468DA7EC-047A-11EE-8B11-50EBF67A58D8
1338	bink3
1339	0 320 0
1340	-3096 -896 64
1341	decor_blacksmith_tool_tongs_s_01
1342	686FAD45-1DD3-FA02-9B2F-E6C6FC505C25
1343	3121.5 -1685.6 66
1344	AAD812C6-0B86-11EE-8B13-50EBF67A58D8
1345	pfe72c77489875c445_auto2108
1346	-1680 -1544 -16
1347	9AF19848-4B7D-BB0E-C7F3-52C01049D071
1348	BA421013-0960-C210-4234-F7FE22E4A519
1349	scriptable_food_cans_bottles_and_jars_jar_03
1350	F2EBC2E7-0475-11EE-8B11-50EBF67A58D8
1351	85E1B4FB-6E52-11EE-9592-68545AD2D871
1352	infil_mbravo_alt_intro_3
1353	2833.5 -1463.2 90
1354	1717 -1298 20
1355	9EF98CE6-E5C8-11ED-8B03-50EBF67A58D8
1356	pf11ba153b980c9801_auto2108
1357	BEB26F4F-552D-544D-3FA3-0C7DD83BAD2F
1358	F350EAA8-0B6A-11EE-8B13-50EBF67A58D8
1359	2529 -2686 59
1360	jump_up_80
1361	jump_up_40
1362	-3644 1986 72
1363	3676E48A-8983-EEA6-C0FA-A6D476F9F3F6
1364	32 584 16
1365	6A0F54D7-6E52-11EE-9592-68545AD2D871
1366	8A29EF95-0BE4-2726-AAAF-89F427611797
1367	F2240BC6-F57C-11ED-8B0E-50EBF67A58D8
1368	116DE8E0-0B6B-11EE-8B13-50EBF67A58D8
1369	B7E03C8A-79DA-9CAE-254D-930B7FD3FEE0
1370	helimedium
1371	pfec34c9af7c2d1326_auto2108
1372	-3708 1922 80
1373	pf33e9c725ce268f0c_auto2108
1374	pff55233ad82861fc6_1
1375	pf50476134a355e3df_auto2108
1376	046879F2-C3B2-8EED-13A4-D3AFC8B1E4B5
1377	F0E014FF-1EE9-2CF9-08B1-45E18B5451BB
1378	0 195 0
1379	6ADBDE48-0B86-11EE-8B13-50EBF67A58D8
1380	54BD9E8F-7230-D53D-C782-34D96BF80E23
1381	F4E1ADE8-F57B-11ED-8B0E-50EBF67A58D8
1382	492.5 -485 -44
1383	pf48bb86f2a0d23352_auto2108
1384	116DE8F5-0B6B-11EE-8B13-50EBF67A58D8
1385	BD99BA01-0B82-11EE-8B13-50EBF67A58D8
1386	tag_cockpit_glass_8_2
1387	38737D77-6E4B-11EE-9592-68545AD2D871
1388	infil_mbravo_swapmeet_exit_6
1389	pff383e83798e76505_auto2108
1390	B34788FB-2F02-A4C5-DB91-B8076FBAA023
1391	D91E1E36-F587-11ED-8B0E-50EBF67A58D8
1392	0 348 0
1393	fx_exploder( infil_heli_trash )
1394	tag_main_rotor_blade_05_blur
1395	4A8B2105-04CF-9F60-E66F-892386E66F9F
1396	F350EAC3-0B6A-11EE-8B13-50EBF67A58D8
1397	pfe70e86f679189e4e_auto2108
1398	-3860 1890 64
1399	-3860 1890 88
1400	pfcead80a3b1c0300a_auto2108
1401	D1F0AAD7-CC67-EEAD-7BA2-7D88E8BCF832
1402	BAAE2810-9C1A-11ED-B8A3-68545AD2D871
1403	4DAF2802-0475-11EE-8B11-50EBF67A58D8
1404	pf77b19d648191a7ac_auto2108
1405	infil_mbravo_luxury_intro_4
1406	-1632 -656 -24
1407	2941 -2368 52.6902
1408	cockpit_glass_9
1409	-2384 2488 64
1410	07C7D66E-BE9E-11ED-8AF4-50EBF67A58D8
1411	scriptable_decor_drying_rack_01_plate_01
1412	mp_ctf_spawn_axis_start
1413	07C7D6F5-BE9E-11ED-8AF4-50EBF67A58D8
1414	jup_infil_blima_rope_kick_left
1415	pff87a97ffb7377c42_auto2108
1416	B552A720-1342-F23B-2391-BD70DCD9716C
1417	mp_xfire_spawn_team_three_start
1418	07C7D6C8-BE9E-11ED-8AF4-50EBF67A58D8
1419	pfccc39df14522961_auto2108
1420	pfb464709054c87b7a_auto2108
1421	F0B17913-046F-11EE-8B11-50EBF67A58D8
1422	900CB0F6-F58B-11ED-8B0E-50EBF67A58D8
1423	food_cans_bottles_and_jars_bottle_01
1424	0F56491F-0B6F-11EE-8B13-50EBF67A58D8
1425	BBABE8CE-5403-9C98-D1C8-2C1EADA94BB1
1426	dmg_3
1427	AE742E18-C4C0-11ED-8AF8-50EBF67A58D8
1428	F1EF1716-6751-A586-D0D6-62C55C494D56
1429	scn_infil_mbravo_heli_npc2
1430	fingers_out_end_right_hand
1431	infil_blima_5
1432	4C945445-81D3-073D-E86C-726FFE08DABA
1433	DB060B05-F57B-11ED-8B0E-50EBF67A58D8
1434	2857 -1740.8 50
1435	pf3c0cdebaef712876_auto2108
1436	-3580 2050 64
1437	3322C871-9F8F-6B13-1B3D-D65721CD9958
1438	mp_sd_spawn_attacker
1439	07C7D68F-BE9E-11ED-8AF4-50EBF67A58D8
1440	2937 -1724.8 74
1441	0 303.999 0
1442	3E03BCDF-26A0-0EFB-4D34-28A371ACA188
1443	4142DA3E-C19C-EE51-5B92-85342A988F74
1444	E92099E3-6E4B-11EE-9592-68545AD2D871
1445	pf773be51166d2f757_auto2108
1446	tag_cockpit_glass_11_2
1447	tag_cockpit_glass_12_1
1448	tag_cockpit_glass_10_3
1449	1B895F08-C592-7B3E-F654-A97162E8BA83
1450	47416B15-3A89-E1D2-3B8F-A93218B71762
1451	312 -24 -32
1452	64CBE797-F58B-11ED-8B0E-50EBF67A58D8
1453	A4E5570F-2804-C381-8FE5-1056A7284265
1454	1A7B3E78-87B1-9AF3-E0D2-14118F7B987C
1455	AE742DD3-C4C0-11ED-8AF8-50EBF67A58D8
1456	standby
1457	3073 -1500.8 50
1458	-568 -72 -8
1459	-1656 -776 -8
1460	2152 464 56
1461	8257C205-0473-11EE-8B11-50EBF67A58D8
1462	BA07FB86-FFC1-A46E-F55C-56B40F7007DC
1463	FF27450D-7077-1F39-8179-88C6E03C31B2
1464	-3872 2129 80
1465	mp_xfire_spawn_axis_start
1466	46FFBC77-FBF7-9179-5069-E7C8050F3D9E
1467	E1F5BCCB-8CF6-FEA7-E5B9-9C8236799E48
1468	FADC8C1D-F57B-11ED-8B0E-50EBF67A58D8
1469	0 115 0
1470	AEEAADFE-35E0-33CE-8C27-B7F1F1DF042A
1471	3482 -859 41
1472	pf5e19e58b6c569b38_auto2108
1473	6BB6024E-046E-11EE-8B11-50EBF67A58D8
1474	D59ED52A-0B85-11EE-8B13-50EBF67A58D8
1475	base
1476	0 195.998 0
1477	pf9fd543ec1f2227b3_auto2108
1478	2888 1256 -80
1479	7025D0B5-6E52-11EE-9592-68545AD2D871
1480	6A0F54F5-6E52-11EE-9592-68545AD2D871
1481	-3908 1954 72
1482	ik_in_start_left_hand
1483	5FC10F74-3F11-F042-F75F-7663C131975C
1484	-3488 2786 83.4036
1485	07C7D6B6-BE9E-11ED-8AF4-50EBF67A58D8
1486	2897.4 -1542.1 58
1487	2897.4 -1542.1 74
1488	pfce998a7a0f773bd6_auto2108
1489	6A0F54CD-6E52-11EE-9592-68545AD2D871
1490	0 207 0
1491	scriptable_me_kitchen_coffee_cup_01
1492	2773 1406 -86.1032
1493	14CB7DF6-E5B3-6A13-482C-40B44E686FE9
1494	498 -1901 45.67
1495	-2204 1196 -32.9644
1496	61458784-5000-C933-8E77-B893CC0CB735
1497	9EF98CCB-E5C8-11ED-8B03-50EBF67A58D8
1498	jup_infil_shared_movement_run_post
1499	F4E1ADDC-F57B-11ED-8B0E-50EBF67A58D8
1500	D4010B96-0B82-11EE-8B13-50EBF67A58D8
1501	BDECE98C-9FA6-C0F5-9CFC-23404B7BCD1C
1502	-2444.8 -1030.3 53.9883
1503	5DC9A4D4-6E4D-11EE-9592-68545AD2D871
1504	pf37cfda19e4a1c367_auto2108
1505	-3080 624 16
1506	3235D878-F581-11ED-8B0E-50EBF67A58D8
1507	scriptable_barrier_wooden_slats_02_woodslats_kit_128x64
1508	2390 -217 2
1509	cockpit_glass_11
1510	6E97983E-9EBB-D3A8-D90E-C7A3EA0AF0CC
1511	F88B35B7-D124-8081-7E98-35F024E15AEB
1512	me_kitchen_coffee_cup_01
1513	1B5609EC-6FA4-AC56-FCE1-8D773F628592
1514	85E1B4E7-6E52-11EE-9592-68545AD2D871
1515	0 134.999 0
1516	pf32a0cf30a9510747_auto2108
1517	-3780 2082 48
1518	pfeed0cdb0c8c0bbd7_auto2108
1519	EA8EBCC6-0472-11EE-8B11-50EBF67A58D8
1520	1DAB20A1-E5C9-11ED-8B03-50EBF67A58D8
1521	BBCE51C5-9AEA-5632-C1B7-58AA32188B52
1522	097FEE84-DBF4-4BD8-CE7C-36999EABE6D8
1523	468DA7E9-047A-11EE-8B11-50EBF67A58D8
1524	2016 2152 -56
1525	cockpit_glass_6
1526	2985.4 -1520.3 50
1527	191.4 -518.6 -48
1528	infil_mbravo_exit_3
1529	07C7D66B-BE9E-11ED-8AF4-50EBF67A58D8
1530	j_rope_1
1531	3026.9 -1706.7 90
1532	3026.9 -1706.7 74
1533	158BE883-F944-891C-C854-C884F935A26D
1534	3575E570-AE01-212A-A45A-8C8AEB5A5D8B
1535	6A0F5496-6E52-11EE-9592-68545AD2D871
1536	pf75b46a6c43e35eed_auto2108
1537	F4E1ADC4-F57B-11ED-8B0E-50EBF67A58D8
1538	6186F159-B101-D680-C43E-DD96CB43B917
1539	20DB70B0-0775-ED62-C227-4AE4215DC5CA
1540	2241 -2348 8
1541	pf90282e2c80ce3596_auto2108
1542	3184 -1784 48
1543	DB060B02-F57B-11ED-8B0E-50EBF67A58D8
1544	pf27707e5d30a18d06_auto2108
1545	415DF2CE-7AEF-56B5-2964-D85B6AE801E8
1546	EB9923CF-A3ED-BF25-BA53-404C6F37CF96
1547	2874.2 -1639.6 42
1548	2874.2 -1639.6 66
1549	A4329B79-7765-B0B2-98AD-99DF0FBDBB69
1550	pf89f17f6412f19c16_auto2108
1551	0 335 0
1552	pf893ed39f701b75c4_auto2108
1553	99010F9C-E5C8-11ED-8B03-50EBF67A58D8
1554	469.5 -33 -43
1555	D9C432B2-0B83-11EE-8B13-50EBF67A58D8
1556	scn_infil_mbravo_heli_npc1
1557	D9C432B8-0B83-11EE-8B13-50EBF67A58D8
1558	pfc4398ab79b2545c7_auto2108
1559	07C7D686-BE9E-11ED-8AF4-50EBF67A58D8
1560	pf33f81c736b77a766_auto2108
1561	pf77237355fcd3c37f_auto2108
1562	12DA3FDA-B782-DDF3-B762-5DFE564CFF6F
1563	0 299.999 0
1564	462A5AC5-0470-11EE-8B11-50EBF67A58D8
1565	DE1707D7-6E52-11EE-9592-68545AD2D871
1566	435.2 -2632.3 58.5794
1567	DAFD6008-0B6E-11EE-8B13-50EBF67A58D8
1568	4E269892-047C-11EE-8B11-50EBF67A58D8
1569	1002 1511 -66
1570	900CB0FF-F58B-11ED-8B0E-50EBF67A58D8
1571	88ABC5C2-6E50-11EE-9592-68545AD2D871
1572	C5A1847C-440F-D4F4-742C-AC6E446890DF
1573	0 164.999 0
1574	prefabs/createfx/mp_jup_wasteland_cfx.map
1575	-3668 2082 48
1576	ik_in_start_right_hand
1577	276 -2027 42.4575
1578	7025D0E7-6E52-11EE-9592-68545AD2D871
1579	3009.9 -1422.5 42
1580	EABBB001-8448-8061-36C1-DFD2F35C7D03
1581	CD93571B-43D6-0DB7-4875-6053F4E50F33
1582	B024E4C8-CDD2-F9A9-5965-778A49CB79E7
1583	fingers_in_end_left_hand
1584	-2984 704 16
1585	ws_safe_offscreen
1586	scriptable_food_cans_bottles_and_jars_bottle_01
1587	pf3b45ea4f036b0f28_auto2108
1588	D19FFCA1-046F-11EE-8B11-50EBF67A58D8
1589	6A0F54B4-6E52-11EE-9592-68545AD2D871
1590	4EC73289-BB56-D289-B914-32CA89F098EA
1591	infil_mi8_2
1592	fov_63_2
1593	pfc12c75a3bdd1e3a_auto2108
1594	3050.6 -1598.9 58
1595	0 89.999 0
1596	07C7D650-BE9E-11ED-8AF4-50EBF67A58D8
1597	pfd7aef8b572a68656_auto2108
1598	tag_main_rotor_blade_01_blur
1599	086767ED-39F1-42FB-700A-3346166056EA
1600	pf46b1f986ab0ab2dc_auto2108
1601	3E6344BE-046E-11EE-8B11-50EBF67A58D8
1602	-2920 704 16
1603	pfe2d5cf8a5521b617_auto2108
1604	hardpoint_vis_03
1605	-808 2840 16
1606	E3CA65E0-0B85-11EE-8B13-50EBF67A58D8
1607	468DA7FE-047A-11EE-8B11-50EBF67A58D8
1608	tag_tail_rotor_blade_02_blur
1609	248A8327-0473-11EE-8B11-50EBF67A58D8
1610	27891E7E-4625-CF91-0AEA-147CAD81C63B
1611	402C1C8B-4B02-995F-9316-1F955E4C4CE3
1612	F4E1ADD0-F57B-11ED-8B0E-50EBF67A58D8
1613	-1944 -1984 0
1614	64CBE794-F58B-11ED-8B0E-50EBF67A58D8
1615	1A43D808-6E51-11EE-9592-68545AD2D871
1616	F245E07B-C780-949B-B811-588765842416
1617	71A6D1FC-B868-55F5-87EE-C62CDD494A02
1618	CF833728-011E-F95D-5F89-D80CB5468DDF
1619	-2702 2940 114
1620	pfa08b1e58c8f62d36_auto2108
1621	94B86F3F-5DA2-3B8C-1EB1-D7CE80F63262
1622	43E98641-B68A-EF1D-7E72-60B9BCFFA590
1623	6C1BB791-4764-AC4B-DAA6-D0C69BB2D1A3
1624	F350EAB1-0B6A-11EE-8B13-50EBF67A58D8
1625	-1780 72 -14.3866
1626	2529 -2686 51
1627	infil_mi8_12
1628	0 40.9989 0
1629	pf17dc689f675bee59_auto2108
1630	pf3728b3fc7186bfdf_auto2108
1631	F350EAC0-0B6A-11EE-8B13-50EBF67A58D8
1632	E211AD82-0479-11EE-8B11-50EBF67A58D8
1633	2962.4 -1619.2 66
1634	7BE0850C-7F98-EB17-C2A2-31A88A21A04B
1635	F4E1ADD3-F57B-11ED-8B0E-50EBF67A58D8
1636	6A0F54AF-6E52-11EE-9592-68545AD2D871
1637	-3708 1922 88
1638	-2256.8 -1180.3 48.3237
1639	infil_mbravo_luxury_exit_5
1640	7AE5554F-E82E-5472-162C-6ACC8BB391E2
1641	jup_infil_blima_player_grab
1642	528 -2016 48
1643	0 14.9999 0
1644	pf867729feffb0262_auto2108
1645	pf5d586bcaa3af1ab3_auto2108
1646	468DA810-047A-11EE-8B11-50EBF67A58D8
1647	jup_infil_blima_rope_crank_left
1648	0 180 0
1649	-3732 2018 64
1650	-3732 2018 80
1651	D0A1B89B-DEFE-424F-DF15-97112AFE8D48
1652	DB060AF9-F57B-11ED-8B0E-50EBF67A58D8
1653	mp_koth_spawn_axis_start
1654	24241B38-F701-BB55-2DE3-9409284D1FF4
1655	FEF3FC3B-5A86-154F-AE88-1F0ADC10FD0E
1656	2256 -1552 88
1657	-3819 2188 48
1658	-3819 2188 64
1659	136B26F6-7F1E-BDDD-9B52-D632B15D8E95
1660	2A48254F-D39E-73B6-1E12-2CB713335DC3
1661	uk_electrical_geiger_meter_01
1662	306421CB-752D-E9BB-7E0D-85EBDF90C07E
1663	EB2293C9-6E52-11EE-9592-68545AD2D871
1664	pfa990291ed096d188_auto2108
1665	scriptable_me_kitchen_coffee_plate_01
1666	C2EDA623-F76A-DFC5-BF78-1E53141D3C9A
1667	tag_main_rotor_blade_02_blur
1668	mp_tdm_spawn
1669	903190D5-3D54-ACD5-D342-460BE0812F31
1670	2A120197-52A7-6616-216B-2AD6727DDD5A
1671	2937 -1724.8 50
1672	1E9E1064-B52A-D152-58D7-96BA6523EE0F
1673	infil_mbravo_intro_1
1674	pfc8d7b06e6d0c543f_auto2108
1675	888 976 -8
1676	pf392030f934e64d8d_auto2108
1677	2E13A9C9-0470-11EE-8B11-50EBF67A58D8
1678	4D9CA0B1-49C8-04E7-BA07-24D48226A5D1
1679	05CD366E-0479-11EE-8B11-50EBF67A58D8
1680	pf71eda556c1cc4367_auto2108
1681	0 314.999 0
1682	pf11a32e8f86f1be9b_auto2108
1683	7D79EAF6-D76D-F2E4-79CA-391C03058457
1684	3073 -1500.8 90
1685	3073 -1500.8 58
1686	3009.9 -1422.5 50
1687	9B388437-B68C-9C8E-960D-0FF5CBBD017F
1688	1
1689	1488 1232 0
1690	-1078 2918 41.0278
1691	C61D8B2F-1973-700F-02A0-A1D4D2017D7B
1692	130EA905-D0BF-95A2-EC51-04CEB8A50F13
1693	9EF98CC2-E5C8-11ED-8B03-50EBF67A58D8
1694	pf46c112f24ec03cfa_auto2108
1695	infil_mi8_3
1696	4A8BFDCC-1046-11EE-8B15-50EBF67A58D8
1697	6D1B0942-2A73-BFD3-0905-E28D82384F1B
1698	3050.6 -1598.9 42
1699	pf1c78660a078245b2_auto2108
1700	6A0F5504-6E52-11EE-9592-68545AD2D871
1701	AE742E00-C4C0-11ED-8AF8-50EBF67A58D8
1702	276C6C90-2BC6-E5B6-4AE4-DE9041AFE186
1703	-2320 -920 56
1704	hardpoint_vis_02
1705	07C7D6B0-BE9E-11ED-8AF4-50EBF67A58D8
1706	-600 2056 -88
1707	2438968B-26EB-F609-3FF0-1CEFA9A96BCF
1708	88F03B2F-86F6-2592-3059-D76B7249A16B
1709	83A1A5B0-60F9-8D9E-30EA-C30548F045A7
1710	2897.4 -1542.1 50
1711	2897.4 -1542.1 90
1712	-3164 -889 39
1713	DC890E6B-230F-8421-AEAA-75FB149D5E73
1714	0 35.9996 0
1715	EA92960E-AA5A-41FF-0862-92B037AA1FE2
1716	D2695D23-967E-C98D-1B1A-2DE755CFF8F7
1717	752E2BCB-6E4F-11EE-9592-68545AD2D871
1718	base_scripted_anim_slot
1719	4528B9C1-2608-E193-7B40-AF19DA69B83B
1720	-1157 -235.5 -38
1721	0 7.99882 0
1722	F2005B9E-E5C9-11ED-8B03-50EBF67A58D8
1723	598DF06C-133C-E88D-DAC4-6024E2E751CF
1724	pf8b2e52f7deadb7e0_auto2108
1725	free_look
1726	scriptable_cardboard_box_small_01
1727	screen
1728	0 348.999 0
1729	tag_main_rotor_blade_03
1730	4BF87E44-6E4E-11EE-9592-68545AD2D871
1731	DB060AFF-F57B-11ED-8B0E-50EBF67A58D8
1732	-3644 1986 80
1733	D6E82D33-63A0-CD56-A838-B60CFE8848DE
1734	00C251D0-6E4B-11EE-9592-68545AD2D871
1735	jump_across_100
1736	pf9cbc07b45739692f_auto2108
1737	3DA390DE-6E4F-11EE-9592-68545AD2D871
1738	892C2CAA-4029-C768-C38E-EDD3741C1056
1739	-3509 2763 82.3913
1740	57C8E871-AC9E-B984-DBB9-4C5C7A0D2D65
1741	0 331.999 0
1742	9EF98CC5-E5C8-11ED-8B03-50EBF67A58D8
1743	-2888 624 16
1744	infil_mbravo_luxury_exit_2
1745	ee_fence_wood_plank_02_128
1746	pff55233ad82861fc6_4
1747	C0F956D4-F9A1-52DB-ECDF-20ECB2F4B4EB
1748	803E3AE5-034A-432F-7B1F-DED329B98DC2
1749	D63110EA-1574-844D-60ED-01E08C447FA8
1750	13AE5811-E79E-D05A-4EAD-CFCF7581F26B
1751	facial
1752	pf217d4f23a30b7fc0_auto2108
1753	BAAE2811-9C1A-11ED-BE7C-68545AD2D871
1754	pf746ef52822edf4f9_auto2108
1755	-789 219 79.1198
1756	3E0F05AE-B866-6124-83EF-93112E82773D
1757	6BCB01B5-AF5B-A746-6F0F-A73D89046755
1758	4D5A17A3-8E9B-323B-7ADC-71A81B1F2C90
1759	jup_infil_mi8_player_run_heli
1760	D9C432B5-0B83-11EE-8B13-50EBF67A58D8
1761	17D124CA-F583-11ED-8B0E-50EBF67A58D8
1762	ik_out_start_left_hand
1763	-3819 2188 56
1764	infil_lights
1765	D9C4329D-0B83-11EE-8B13-50EBF67A58D8
1766	-728 1952 -88
1767	tag_cockpit_glass_2_1
1768	tag_cockpit_glass_6_3
1769	-4138 424.1 52.9206
1770	infil_mbravo_swapmeet_exit_3
1771	pfad3df29bd2e9d606_auto2108
1772	3C16E016-5A81-F29B-2B9A-DF51E8C0FDCD
1773	07C7D683-BE9E-11ED-8AF4-50EBF67A58D8
1774	22D560DF-047A-11EE-8B11-50EBF67A58D8
1775	mp_tdm_spawn_axis_start
1776	DB8407BB-DAE6-6332-FCC4-3498190E6BE5
1777	-1976 3016 64
1778	AE6E6222-0F68-E000-B487-F9FA5E7E65B8
1779	7A5DD053-7267-0BF7-E3DD-5A0C4E7094D5
1780	7025D100-6E52-11EE-9592-68545AD2D871
1781	7025D0F1-6E52-11EE-9592-68545AD2D871
1782	-3844 2018 48
1783	-3138 -635 53
1784	249B44E6-0B86-11EE-8B13-50EBF67A58D8
1785	footstep_right_large
1786	4BC34BBD-6376-961E-C305-73D9A3873A6A
1787	-1933 -2003 -7
1788	pff3e8dba093c4120c_auto2108
1789	pfe988fc0bc5095997_auto2108
1790	C3B09487-5352-CF2F-1F92-E49DF3E65DC9
1791	pf8c614319394e277f_auto2108
1792	2528 -2688 56
1793	A3D9E400-1D11-656A-9AC2-3A457F87BA47
1794	104CE75E-1886-9674-B762-B9C669EE6833
1795	6EDB9C13-F586-11ED-8B0E-50EBF67A58D8
1796	0 179.8 0
1797	2985.4 -1520.3 74
1798	07C7D677-BE9E-11ED-8AF4-50EBF67A58D8
1799	D9C432BB-0B83-11EE-8B13-50EBF67A58D8
1800	356BED3D-6E4F-11EE-9592-68545AD2D871
1801	vfx/iw9/level/mp_embassy/vfx_embassy_sunflare
1802	165A7476-A5F0-16EC-BC3B-C2F62CC37B04
1803	556D995A-0B86-11EE-8B13-50EBF67A58D8
1804	0 273.999 0
1805	infil_mbravo_alt_exit_5
1806	065BF613-F8F9-6D85-7F15-F5FFD3081D99
1807	-227.7 -3128.8 96
1808	0C835471-046E-11EE-8B11-50EBF67A58D8
1809	D7D7A6FD-6E4A-11EE-9592-68545AD2D871
1810	AE742E15-C4C0-11ED-8AF8-50EBF67A58D8
1811	07C7D695-BE9E-11ED-8AF4-50EBF67A58D8
1812	-2520 2496 80
1813	B7B7CCD2-0B6F-11EE-8B13-50EBF67A58D8
1814	D2E52483-2331-E050-43E5-63DA896E9EEE
1815	07C7D668-BE9E-11ED-8AF4-50EBF67A58D8
1816	2168 -1664 80
1817	C6360F1D-67B3-5284-AEB2-2A5E9B8C17B2
1818	infil_blima_2
1819	2857 -1740.8 42
1820	2857 -1740.8 66
1821	pf820094138eb20868_auto2108
1822	468DA7FB-047A-11EE-8B11-50EBF67A58D8
1823	pf65d16e775ee3a662_auto2108
1824	pfe2ae217e06377ee5_auto2108
1825	C3EFB7EE-0B82-11EE-8B13-50EBF67A58D8
1826	38612DA8-1898-96AA-05C9-AEE39E8D508B
1827	infil_mbravo_intro_6
1828	-590 3018 56.5027
1829	655C1CF8-3F8A-2A18-8969-F4A129C38A18
1830	0 0 0
1831	85A54D98-F586-11ED-8B0E-50EBF67A58D8
1832	tag_cockpit_glass_11_1
1833	tag_cockpit_glass_12_2
1834	2376 -552 -8
1835	pf1e2f774699e92d76_auto2108
1836	192 -520 -32
1837	jup_infil_blima_rope_fall_right
1838	3073 -1500.8 42
1839	1758862A-82F5-2B34-8CF9-1E3B247492EB
1840	0B785757-0473-11EE-8B11-50EBF67A58D8
1841	A4BCEC2A-8739-948B-3326-E40B513F25C3
1842	C73E206B-37B9-4F6B-67D0-D699B7CD899F
1843	-3134 -708 51.1177
1844	37993B55-F68C-170E-8D53-35383AC93696
1845	D9C432BE-0B83-11EE-8B13-50EBF67A58D8
1846	0 165 0
1847	-3872 2129 72
1848	BBA93405-4EEF-BF08-E56F-EB50083F9497
1849	0 114 0
1850	infil_mi8_4
1851	0 61.9994 0
1852	0C7FA7BD-0710-B3F7-8541-5028CA1F9D2C
1853	pf1267387fc6d66372_auto2108
1854	pfbc86cbbde73b911a_auto2108
1855	-4410 2086 55.095
1856	pf451bcdbb062fd0a3_auto2108
1857	4A8BFDC6-1046-11EE-8B15-50EBF67A58D8
1858	pf73497b9e5801eff6_auto2108
1859	BF6FE323-2A05-C6FD-8E1D-FA1E4AA370CB
1860	-3908 1954 48
1861	-3908 1954 88
1862	-1647.5 -819 -31
1863	74C0C576-C74E-0A4F-9C80-B67B7D597DF2
1864	787056E5-E55B-9481-2A5E-94B57A87CF29
1865	pf5d3ac6ca0837e2d_auto2108
1866	39A7C8B5-77A7-6946-D6BD-8B2ABB57721D
1867	7D9DEF96-73E3-8DEC-CDC6-C06BED172D24
1868	798B9943-51E6-64D9-F4FA-A5084CB2E774
1869	pf2ab57859d5697beb_auto2108
1870	C215BF85-2F10-66E0-EACA-454B98B4B9DC
1871	c2
1872	3176 -1840 48
1873	D79E3A0E-38ED-8AC3-1B64-2F91A96EC0AB
1874	3E136106-6E4E-11EE-9592-68545AD2D871
1875	F4B31457-B00E-1525-F03C-2DEC4E4E56B4
1876	07C7D6C5-BE9E-11ED-8AF4-50EBF67A58D8
1877	C76E5A89-4B71-7D62-6F82-0751C1651685
1878	mp_ctf_spawn_allies_start
1879	pf22a7288f2a8b248c_auto2108
1880	900CB0F9-F58B-11ED-8B0E-50EBF67A58D8
1881	-880 3076 56.1541
1882	ik_out_end_left_hand
1883	3
1884	decor_potted_plant_dead_03
1885	8EACB1C1-F583-11ED-8B0E-50EBF67A58D8
1886	803FC3A0-1ECB-C4A7-1695-74D7A28AA335
1887	2921.7 -1442.9 74
1888	pff98128806916783d_auto2108
1889	D9C432A3-0B83-11EE-8B13-50EBF67A58D8
1890	55BF48BE-E817-3D92-D045-098F75E6A5B8
1891	0 329.9 0
1892	2351CB71-0B6F-11EE-8B13-50EBF67A58D8
1893	22D560CD-047A-11EE-8B11-50EBF67A58D8
1894	0 224.999 0
1895	9EF98CBC-E5C8-11ED-8B03-50EBF67A58D8
1896	E4693517-6E51-11EE-9592-68545AD2D871
1897	pf4554640ea980b8ef_auto2108
1898	8D8CE722-44A0-C03C-76E0-B0E968BB22A9
1899	CD97B630-6E4B-11EE-9592-68545AD2D871
1900	E5DDEA2C-81A2-C287-5162-5945189EFA2C
1901	3412 -947 40.752
1902	pfd18a9be15dfd5c91_auto2108
1903	F4E1ADE2-F57B-11ED-8B0E-50EBF67A58D8
1904	22D560BE-047A-11EE-8B11-50EBF67A58D8
1905	E582D45B-6E50-11EE-9592-68545AD2D871
1906	AE742E0F-C4C0-11ED-8AF8-50EBF67A58D8
1907	hardpoint_vis_04
1908	07C7D680-BE9E-11ED-8AF4-50EBF67A58D8
1909	base_book_stack_01a
1910	mp_tdm_spawn_allies_start
1911	724 -1117 67
1912	587710EC-B97D-9636-C775-6E088A450244
1913	AE742DF7-C4C0-11ED-8AF8-50EBF67A58D8
1914	468DA807-047A-11EE-8B11-50EBF67A58D8
1915	8F832B7A-EC59-79E5-5D91-5A1431ADA3FC
1916	for_table_lamp_01
1917	4877AAED-0B87-11EE-8B13-50EBF67A58D8
1918	4D67519B-3A56-4C71-7BC3-FA28E8CCE6D5
1919	DB060AFC-F57B-11ED-8B0E-50EBF67A58D8
1920	81B6C369-F555-B3C4-AF2E-B38594C473F0
1921	tag_main_rotor_blade_04_blur
1922	infil_mbravo_alt_intro_1
1923	pff95f669815099f29_auto2108
1924	pffc05f96f741d5987_auto2108
1925	-4272 1512 64
1926	85C5B6A2-EB9E-05DA-F579-C0F84AC5E4DB
1927	24868ED5-6E53-11EE-9592-68545AD2D871
1928	2786.1 -1659.9 82
1929	D9D81AB2-0552-604E-4E06-2A08E4046880
1930	116DE8DA-0B6B-11EE-8B13-50EBF67A58D8
1931	BA867B42-A304-E869-0D7D-0A3AEBCE64A9
1932	0 41.9999 0
1933	07C7D659-BE9E-11ED-8AF4-50EBF67A58D8
1934	9CCB1DCB-5F00-2A85-81C0-BF6380891851
1935	2808.8 -1563.3 82
1936	2808.8 -1563.3 42
1937	ACC786D2-0B6F-11EE-8B13-50EBF67A58D8
1938	0 223.8 0
1939	BD99B9EF-0B82-11EE-8B13-50EBF67A58D8
1940	traversal_door
1941	-512 -8 -8
1942	DEE43995-EFD5-416B-FE7B-46AF60CAC3A0
1943	0 7.99938 0
1944	5288A6E0-5E9E-632F-F080-226DE28B71BD
1945	5650AD13-2459-FE5D-1CED-DF73F64685C5
1946	pff55233ad82861fc6_3
1947	07C7D662-BE9E-11ED-8AF4-50EBF67A58D8
1948	0C0FAAD3-4AFB-9ADB-FA65-C698E14D4EB3
1949	8C75B714-E754-03FE-1F0C-AA13AD055480
1950	1436 -3173 99
1951	9EF98CC8-E5C8-11ED-8B03-50EBF67A58D8
1952	0F72C6BC-1961-495B-B377-BFC27D746E9C
1953	-3732 2018 88
1954	-3288 1856 32
1955	E39BC2B7-1848-8E9D-CBED-779EE460C203
1956	0 210 0
1957	-3796 1954 48
1958	6496A5B3-E5CA-11ED-8B03-50EBF67A58D8
1959	80 -296 128
1960	tag_cockpit_glass_9_3
1961	tag_cockpit_glass_5_3
1962	mp_ctf_spawn
1963	infil_mbravo_swapmeet_exit_4
1964	0 225 0
1965	1978BE99-047C-11EE-8B11-50EBF67A58D8
1966	infil_mbravo_swapmeet_intro_6
1967	-3192 -552 40
1968	D9C432A9-0B83-11EE-8B13-50EBF67A58D8
1969	2937 -1724.8 58
1970	8B2E6445-600C-78C7-2C8D-29A5EB140A6B
1971	F95842BB-B382-15D5-E5B9-977597AF93E4
1972	FBFAE588-F203-E30D-0962-5946EE2DEB8A
1973	0B5F8298-6E51-11EE-9592-68545AD2D871
1974	F4E1ADCD-F57B-11ED-8B0E-50EBF67A58D8
1975	-3208 -981 56.7255
1976	tag_cockpit_glass_10_1
1977	tag_cockpit_glass_12_3
1978	-1979 -2011 9
1979	-3668 2082 56
1980	52DA78F8-D9F4-065E-B074-06F6A07D85D9
1981	9DBA0CC2-9C00-8062-6B37-FAC19B86E5E0
1982	3302 -1343 20.6393
1983	F4E7E28E-38EB-B9CD-76DD-0A963590A224
1984	mp_dom_spawn_axis_start
1985	9D675DEB-B1AA-9BC0-6121-39749AA63601
1986	3009.9 -1422.5 90
1987	3009.9 -1422.5 58
1988	pf13f0eb9fa3c3c353_auto2108
1989	-3772 1858 56
1990	infil_mi8_5
1991	AEC8B690-C13E-DB0D-6A95-7490DD94F957
1992	6B583187-6E4D-11EE-9592-68545AD2D871
1993	3050.6 -1598.9 66
1994	D1E46FB0-2474-082D-A791-B177DA25F1B0
1995	tail_light
1996	28D48DD1-0300-5BD6-5086-43C11F166A4A
1997	CF9160CA-E5C8-11ED-8B03-50EBF67A58D8
1998	pf15b3b7567c103ece_auto2108
1999	-4010 2019 56
2000	22D560D9-047A-11EE-8B11-50EBF67A58D8
2001	2752 1376 -104
2002	889759B9-DD1E-968B-859C-D5D837032E56
2003	-476 2720 23.3413
2004	pff37b4b079af1fa30_auto2108
2005	45D1FFCB-6E4E-11EE-9592-68545AD2D871
2006	1192 157 72.9832
2007	22D560C4-047A-11EE-8B11-50EBF67A58D8
2008	8A0E9CE4-F58B-11ED-8B0E-50EBF67A58D8
2009	8C49F09D-A323-E9E8-88AF-44B9A6119CBA
2010	C5E489A1-0B95-11EE-8B13-50EBF67A58D8
2011	-3328.8 259.7 38.1302
2012	base_book_01b
2013	scriptable_food_cans_bottles_and_jars_can_06
2014	FEC2C92D-7425-2B82-A027-5AB9BB7C1B5B
2015	B5815361-0B6E-11EE-8B13-50EBF67A58D8
2016	-1284.8 -2620.5 40.9141
2017	11979886-0B96-11EE-8B13-50EBF67A58D8
2018	-4048 2208 48
2019	244 -1906 44.6563
2020	86D43059-0EE3-D5F3-09ED-E694BCE79A72
2021	pf69d01edc25cbab4d_auto2108
2022	116DE8F2-0B6B-11EE-8B13-50EBF67A58D8
2023	c1
2024	-4272 2064 64
2025	688978E1-6753-EEE9-A3F5-7BA08F379193
2026	ik_in_end_left_hand
2027	scriptable_container_gas_tank_01
2028	312 -24 -40
2029	-3668 2082 80
2030	8AA6CA61-88F7-22EA-98E7-821A7EA9D665
2031	device_laptop_01_open
2032	1232 2032 -64
2033	521CF4B1-C50B-E6A7-0056-71F363CAF053
2034	-3072 -808 40
2035	9DCC9983-D5E5-3C82-64D1-DD7C208CAF5E
2036	C5170C3C-98D4-6DD2-7DC2-0361C577E63B
2037	scriptable_decor_drying_rack_01_cup_01
2038	3064 352 -88
2039	8E5AE9C9-0AA4-2913-0507-00F97C396EB2
2040	F4C86438-72D5-4E82-5014-90F86E126B0B
2041	0 173.999 0
2042	-3772 1858 80
2043	infil_mi8_8
2044	8B6FB3D8-6E53-11EE-9592-68545AD2D871
2045	script_ignite
2046	pf7c51ac45266f2ad1_auto2108
2047	pfc6b196cbc0a94ffb_auto2108
2048	0 29.999 0
2049	FA0CB235-047B-11EE-8B11-50EBF67A58D8
2050	AE742E2A-C4C0-11ED-8AF8-50EBF67A58D8
2051	36D1461F-A995-3831-F6A7-38FEFFE90E63
2052	-3000 1024 -8
2053	7E732A96-6E4C-11EE-9592-68545AD2D871
2054	9EF98CCE-E5C8-11ED-8B03-50EBF67A58D8
2055	4AD417DC-5B31-E8A3-04EE-DA2D15D6D4FE
2056	-1647.5 -819 -15
2057	mp_control_spawn_defender_secondary
2058	D9C432A0-0B83-11EE-8B13-50EBF67A58D8
2059	7025D105-6E52-11EE-9592-68545AD2D871
2060	CC49D640-0B6D-11EE-8B13-50EBF67A58D8
2061	7025D0C9-6E52-11EE-9592-68545AD2D871
2062	A99B9347-F57E-11ED-8B0E-50EBF67A58D8
2063	D40B78E5-A75F-17B2-30F9-6238ACD8A8D0
2064	B89BDB3A-0243-FC08-D811-83A24A68784E
2065	DB060AF6-F57B-11ED-8B0E-50EBF67A58D8
2066	ik_out_end_right_hand
2067	pf3e3786f4730b49f4_auto2108
2068	792DBF93-F297-6F67-4C1F-05A1FD0867AB
2069	0 353.999 0
2070	C56A2ECA-BCC8-5670-2A71-19A400BC90AA
2071	65205397-EA8F-F213-8F75-977AF7B9313A
2072	07C7D6AA-BE9E-11ED-8AF4-50EBF67A58D8
2073	00A0B0ED-CA59-E1BF-CC78-F10114238D60
2074	2833.5 -1463.2 50
2075	default
2076	end
2077	F91D64D8-7C11-5605-B3AF-7A5EDE0B82DD
2078	AB81895F-F0B3-B57A-7329-62EE4BA616D2
2079	-263 213 119
2080	F350EAC6-0B6A-11EE-8B13-50EBF67A58D8
2081	559AABF3-6E4F-11EE-9592-68545AD2D871
2082	tag_main_rotor_blade_04
2083	-1916 -2036 -2.13572
2084	D2A5F558-D35B-55A4-37C7-65D79E63BB1D
2085	09026079-1343-C3AF-19C4-A92B9C5298BE
2086	3CFD357A-0479-11EE-8B11-50EBF67A58D8
2087	6A0F54DC-6E52-11EE-9592-68545AD2D871
2088	4DC482B1-61FE-CA67-5C77-2E424CDEEA74
2089	ws_raise
2090	fingers_in_end_right_hand
2091	-1192 -2632 32
2092	df_blima_interior
2093	AE742DDC-C4C0-11ED-8AF8-50EBF67A58D8
2094	-3708 1922 64
2095	pf9366194114e1c898_auto2108
2096	pf57aef2400c3d9e24_auto2108
2097	5BC13068-6E4B-11EE-9592-68545AD2D871
2098	pf80b8fd9f34192a3b_auto2108
2099	5098989F-1C12-9147-76C1-5BBE4BAA5BB5
2100	F1825C0B-5F48-2CB2-07C6-E8092903C023
2101	64CBE779-F58B-11ED-8B0E-50EBF67A58D8
2102	BC6C4DD3-0C71-48C9-E118-619D861AD8A3
2103	-1872 -2056 0
2104	-3732 2018 48
2105	07C7D6D4-BE9E-11ED-8AF4-50EBF67A58D8
2106	0 245.998 0
2107	-3776 424 56
2108	0 29.8994 0
2109	-3819 2188 80
2110	pf7e4d9e078e576eba_auto2108
2111	df_stop
2112	0 17.9996 0
2113	0 300 0
2114	-3796 1954 88
2115	AE742E1E-C4C0-11ED-8AF8-50EBF67A58D8
2116	78B3DDEA-F585-11ED-8B0E-50EBF67A58D8
2117	0 206.999 0
2118	tag_cockpit_glass_9_1
2119	tag_cockpit_glass_5_1
2120	DFE70A32-0B82-11EE-8B13-50EBF67A58D8
2121	4A8BFDBD-1046-11EE-8B15-50EBF67A58D8
2122	infil_mbravo_swapmeet_intro_4
2123	-1104 -2624 32
2124	D30CA4B3-CE53-FA5C-208A-D749C3AF5373
2125	3CB6CBD2-F57E-11ED-8B0E-50EBF67A58D8
2126	720 -1120 72
2127	7025D0D8-6E52-11EE-9592-68545AD2D871
2128	scriptable_food_cans_bottles_and_jars_jar_02
2129	676 -2429 67
2130	scriptable_parts_radio_small
2131	infil_mbravo_alt_intro_2
2132	2833.5 -1463.2 66
2133	22D560BB-047A-11EE-8B11-50EBF67A58D8
2134	8A0E9CE7-F58B-11ED-8B0E-50EBF67A58D8
2135	F108758C-CAB0-F2DE-C039-8D8E84A9A2D4
2136	64CBE76A-F58B-11ED-8B0E-50EBF67A58D8
2137	78FB71BE-67C3-56A4-2562-7FF93842DCBF
2138	F56E9302-0472-11EE-8B11-50EBF67A58D8
2139	6AF55DAB-0470-11EE-8B11-50EBF67A58D8
2140	tag_main_rotor_motion
2141	decor_drying_rack_01_cup_01
2142	parts_radio_small
2143	-2720 512 40
2144	-4136 416 80
2145	AE742E12-C4C0-11ED-8AF8-50EBF67A58D8
2146	pf1f6be1e1c2abe9e1_auto2108
2147	F4E1ADE5-F57B-11ED-8B0E-50EBF67A58D8
2148	8B6FB3DD-6E53-11EE-9592-68545AD2D871
2149	37467C5A-046E-11EE-8B11-50EBF67A58D8
2150	2962.4 -1619.2 58
2151	74A73057-D5AC-B719-AE96-4D41EEB4E6EB
2152	CC603222-0B82-11EE-8B13-50EBF67A58D8
2153	EDA957F6-5032-AC1E-316A-2E0FEA8C235F
2154	0 357.999 0
2155	49B52393-0B86-11EE-8B13-50EBF67A58D8
2156	22D560E5-047A-11EE-8B11-50EBF67A58D8
2157	0 359.9 0
2158	F2BE4994-0473-11EE-8B11-50EBF67A58D8
2159	-2494 3034 75.8048
2160	92BDD97E-6E50-11EE-9592-68545AD2D871
2161	-2288 1808 24
2162	-3783 2545 55
2163	07C7D6B3-BE9E-11ED-8AF4-50EBF67A58D8
2164	0 192 0
2165	-4490 1512.1 57
2166	F90DD0E7-F589-11ED-8B0E-50EBF67A58D8
2167	2256 -1552 72
2168	-785 1968 -70.421
2169	pfa67590c497106f67_auto2108
2170	jup_infil_shared_movement_pre
2171	CAF1B472-6E4C-11EE-9592-68545AD2D871
2172	7025D0EC-6E52-11EE-9592-68545AD2D871
2173	22D560CA-047A-11EE-8B11-50EBF67A58D8
2174	-2656 2728 72
2175	tag_cockpit_glass_4_1
2176	tag_cockpit_glass_8_3
2177	DED87102-3DB8-0D4E-8068-828E8866FAB5
2178	0 84.9997 0
2179	jump_down_40
2180	jump_down_80
2181	559AABEA-6E4F-11EE-9592-68545AD2D871
2182	92D6878B-BFB0-EF74-78A9-74FEF06F37E8
2183	container_gas_tank_01
2184	pfb857034ff39d6110_auto2108
2185	DEFE0CDB-4576-A6AB-ED9E-955656448769
2186	04D9E601-6E4F-11EE-9592-68545AD2D871
2187	pf7a9bd586cebc563b_auto2108
2188	infil_mbravo_alt_intro_6
2189	2833.5 -1463.2 82
2190	D7865C77-D1E3-E2E8-6F1F-D42FDC6F609C
2191	pfb7b0aa7577dfd877_auto2108
2192	D9DD5A20-59AA-E3EB-E43B-FF0ED2AE2814
2193	2272 -536 0
2194	2786.1 -1659.9 58
2195	ws_drop
2196	8B8C2373-A354-AEEC-A297-398E712497FE
2197	tag_main_rotor_blade_05
2198	7ACFAB60-9A69-09B9-EE12-1361791F4156
2199	57512F03-0012-E0FE-FB98-8161DC859E8E
2200	5FD5CCC1-046E-11EE-8B11-50EBF67A58D8
2201	2808.8 -1563.3 74
2202	2808.8 -1563.3 90
2203	F350EAAE-0B6A-11EE-8B13-50EBF67A58D8
2204	pf82f68dc98ae5c5ea_auto2108
2205	-1408 -2272 40
2206	-2674 1906 13.0547
2207	07C7D6BC-BE9E-11ED-8AF4-50EBF67A58D8
2208	CD649299-6E50-11EE-9592-68545AD2D871
2209	-1176 -208 -40
2210	2962.4 -1619.2 74
2211	31ABF295-0B6F-11EE-8B13-50EBF67A58D8
2212	0 105 0
2213	64CBE785-F58B-11ED-8B0E-50EBF67A58D8
2214	-3784 2544 48
2215	-3708 1922 72
2216	AE742DEE-C4C0-11ED-8AF8-50EBF67A58D8
2217	shake_off
2218	F9520228-7867-C83D-3D58-B1F7CEB07E44
2219	AE742DFD-C4C0-11ED-8AF8-50EBF67A58D8
2220	8E637CDD-2A24-806B-0DDE-737DE62D5ED8
2221	3296 -1320 32
2222	pfb5844c8fcd9d66bc_auto2108
2223	-3112 544 16
2224	pfb0fe4175107c51d4_auto2108
2225	-3783 2545 39
2226	-3732 2018 56
2227	cardboard_box_small_01
2228	116DE8FB-0B6B-11EE-8B13-50EBF67A58D8
2229	-3112 704 16
2230	80635CDC-15BC-73ED-6A74-6489B2CE17C4
2231	DFE70A2F-0B82-11EE-8B13-50EBF67A58D8
2232	A82B5A19-23F9-298D-FDBF-02393FFB128F
2233	FF9A5520-5BA2-79DD-1F8E-A7D4038000CD
2234	pf432dec8967d5874d_auto2108
2235	7025D0CE-6E52-11EE-9592-68545AD2D871
2236	infil_mbravo_swapmeet_intro_5
2237	0 44.9999 0
2238	0 44.9997 0
2239	D9C432AF-0B83-11EE-8B13-50EBF67A58D8
2240	E820A3A8-0B8D-B489-4CFF-D307F3EDBCB9
2241	-2634 2630 71.2429
2242	pfa69783758e8f2e56_auto2108
2243	F4E1ADDF-F57B-11ED-8B0E-50EBF67A58D8
2244	pf2ce49dcfdb5adfd5_auto2108
2245	BD94C632-0B95-11EE-8B13-50EBF67A58D8
2246	pf916953903e9097e9_auto2108
2247	116DE8DD-0B6B-11EE-8B13-50EBF67A58D8
2248	2808.8 -1563.3 50
2249	-3644 1986 88
2250	-3644 1986 48
2251	-4478 2004 66
2252	decor_drying_rack_01_plate_01
2253	4BA45D2E-79E1-2376-8BD9-5BA21DC03652
2254	DB060AE7-F57B-11ED-8B0E-50EBF67A58D8
2255	pf5f215b2abc7a80d6_auto2108
2256	3137 574 -80.414
2257	0 209.999 0
2258	mp_control_spawn_defender_start
2259	veh8_mil_air_mindia8
2260	1680 -1328 8
2261	2D94DCB5-0479-11EE-8B11-50EBF67A58D8
2262	28A7281D-CB8A-DFB7-79E7-9BB7D5A3E7B7
2263	6F36A1B3-D3C5-E9AC-BF2C-B9DB84F69619
2264	-3708 1922 56
2265	801C7E81-0B86-11EE-8B13-50EBF67A58D8
2266	D9C9D44D-D379-00E8-0F40-D10EF2711FD0
2267	engine
2268	pff55233ad82861fc6_2
2269	188152B3-8637-3384-7E7D-F05843A3012D
2270	688B7631-28D6-DC89-8725-1C40195AF1D8
2271	30B1B4AC-64F3-E78B-111E-F2C163FC0D43
2272	mp_koth_spawn_allies_start
2273	989F16E4-B888-8BEE-8D5E-761719A105C5
2274	62FF74F4-6E51-11EE-9592-68545AD2D871
2275	468DA804-047A-11EE-8B11-50EBF67A58D8
2276	BC184FB3-EC19-BCDB-C07E-F74D2B860BF8
2277	269 -1902 42.411
2278	pf2af5e7551230fa55_auto2108
2279	81DE10D6-29C1-BBC5-DD71-85076C08FDCF
2280	F9531F68-5122-7583-887A-1D219BB4B453
2281	07C7D6CB-BE9E-11ED-8AF4-50EBF67A58D8
2282	pf76597ed48681fb45_auto2108
2283	pf619790c1bfaeb28c_auto2108
2284	DB4568D4-6E51-11EE-9592-68545AD2D871
2285	E90FBE90-EA6F-52ED-6FEB-91D63E6B57FA
2286	ECA0F681-527A-70F3-F6A9-0D816D731E31
2287	-1112 -1352 24
2288	-470 3034 60.6604
2289	22D560C1-047A-11EE-8B11-50EBF67A58D8
2290	4A8BFDC0-1046-11EE-8B15-50EBF67A58D8
2291	tag_cockpit_glass_8_1
2292	tag_cockpit_glass_5_2
2293	tag_cockpit_glass_9_2
2294	4A8BFDBA-1046-11EE-8B15-50EBF67A58D8
2295	-1760 -1992 -8
2296	infil_mbravo_swapmeet_exit_5
2297	3000 -240 -16
2298	2030 1647 -99.4752
2299	0 220 0
2300	1901 848 -40
