   1	1024 1672 40
   2	1020.53 1716.94 39
   3	0 185.799 0
   4	321190A0-0141-11EE-B4FC-D4548B693989
   5	0358F362-0715-CE01-0AE6-628738D95D9A
   6	0 96.0998 0
   7	289CD38D-C188-11ED-B4D4-D4548B693989
   8	-214 862 41
   9	46D0E4FA-781F-11EE-9595-68545AD2D871
  10	0 239.999 0
  11	-258.731 -2909.06 16.0691
  12	ED45CBCE-C1AC-11ED-B4D4-D4548B693989
  13	vfx/jup/level/mp_jup_subbase/vfx_subbase_sunflare
  14	42E8AFE2-C1AC-11ED-B4D4-D4548B693989
  15	0 156.1 0
  16	1614952F-C1AD-11ED-B4D4-D4548B693989
  17	1163.3 120.7 37.9796
  18	DC922C8A-8248-11EE-8F8D-B0A460E769BC
  19	C4C65C40-B13C-6262-B063-BC221F4688A2
  20	6949B17E-F62C-686A-5B53-32A2F227C6DE
  21	0 336.3 0
  22	552B51D8-0446-11EE-B4FF-D4548B693989
  23	16DD1FB0-E2D2-0122-65B6-63A1064B813A
  24	C4BDD76C-7849-11EE-95A7-68545A904D17
  25	0FA4155C-E50F-B47B-35BA-977A0B01CAC6
  26	E5631E4E-365C-E30B-A490-BE97BAE7721B
  27	1C57580C-3CF3-1E94-71D3-0B97420ADAAA
  28	582172D4-7A93-DAE9-CD2C-894553AB4FF4
  29	-352 -3600 8
  30	pf329c998bd6d22e97_auto2108
  31	4170FC0F
  32	DD26563F-0442-11EE-B4FF-D4548B693989
  33	-1186.15 -2249.32 16
  34	7A4929C8-4248-B98A-3355-BAF614C87B06
  35	0 298.4 0
  36	7516C290-C1AE-11ED-B4D4-D4548B693989
  37	pf260bee8f2c3d757d_auto716
  38	0 225.2 0
  39	9E338F3B-12CE-3A18-226C-3A57B312A716
  40	3174DA98-49AB-A1B1-6F14-BA78CFBE9FB3
  41	full
  42	E1298553-0140-11EE-B4FC-D4548B693989
  43	513.49 -2499.33 8
  44	pf12c3d5d5bc01ac1b_auto2108
  45	661C837C-C1AA-11ED-B4D4-D4548B693989
  46	936 1688 40
  47	FBE6C876-781E-11EE-9595-68545AD2D871
  48	ik_out_start_right_hand
  49	scriptable_accessory_icicle_level_64_02_destr_chunk_06
  50	-376 -3448 8
  51	7F1369AE-6E26-11EE-9592-68545AD2D871
  52	916 1714 40
  53	A9BDEEF7-3477-DCCC-AA1D-36EC53051752
  54	-179.9 -2023.5 56
  55	2E9D5727-C188-11ED-B4D4-D4548B693989
  56	0 255.199 0
  57	ED45CBDB-C1AC-11ED-B4D4-D4548B693989
  58	tag_origin
  59	-1458.36 1111.32 96.0001
  60	90047D1F-8865-D509-46A5-4A8A53925179
  61	-250.338 -85.7314 53
  62	invisible
  63	71BC13C7-6F73-D33C-4F1E-C2C4AB2C63F8
  64	2542 1789 40.3411
  65	0 99.6997 0
  66	870.079 1718.58 40
  67	62E2E5BB-9433-1DBF-7AEA-FB1F404378E2
  68	A3C07657-DB22-4D0B-6023-14FF7A770A48
  69	0 96.5988 0
  70	0 180.156 0
  71	856.897 1716.42 40.0001
  72	DC922C96-8248-11EE-8F8D-B0A460E769BC
  73	-339.34 -3231.08 8
  74	35F0DBCF-0C67-11EE-B38D-001986002B03
  75	0 168.2 0
  76	020858F9-BC25-2B43-457A-34DF4033131A
  77	DE27E504-AB29-5E39-5FA3-F3CF989CD7BB
  78	1032.9 1716.42 40.0001
  79	0 89.9986 0
  80	-410.7 -1724.54 64
  81	5EF90A4E-00C4-2C1C-E8A8-0900CE0BE907
  82	7E774B09-41E3-F99D-E72B-D67E35D0D90D
  83	pf22ba611a230360a5_2
  84	0711497E-52CB-DBE3-6D7C-63BF2B605AC5
  85	A4BAD4D0-274E-CAAC-25C1-A98B129CD5C9
  86	-443.256 -3376.08 7.99997
  87	0 78.6 0
  88	mp_dd_spawn_attacker_start
  89	9EF876B9-C1AD-11ED-B4D4-D4548B693989
  90	9406A938-347B-15D5-F50B-853C5B795D8D
  91	27EC5E29-6E24-11EE-9592-68545AD2D871
  92	ED4E3D47-C1AD-11ED-B4D4-D4548B693989
  93	vfx_rhib_infil_splashes
  94	pf17b7b1aa2164bf7_auto2108
  95	scriptable_uk_newspaper_stack_01
  96	CFC67DF0-C18D-11ED-B4D4-D4548B693989
  97	16149535-C1AD-11ED-B4D4-D4548B693989
  98	9EF876AD-C1AD-11ED-B4D4-D4548B693989
  99	0 304.299 0
 100	858 1711 40
 101	6E4B4ED1-4CD2-BF93-D174-824C41C12E3C
 102	136F64F4-2C40-E65B-8E93-CF9D65AD224A
 103	mp_dd_spawn_defender_b
 104	-99.3383 -2471.75 8
 105	494970E2-FECF-11ED-B4FA-D4548B693989
 106	7AF4A031-8249-11EE-8F8D-B0A460E769BC
 107	6777199E-9BB4-23EB-488B-766228EACE48
 108	0 247.899 0
 109	F2BE83CB-8249-11EE-8F8D-B0A460E769BC
 110	494970CD-FECF-11ED-B4FA-D4548B693989
 111	6832FF7A-D12C-11EE-95A8-68545AD2D871
 112	0 125.3 0
 113	-276 -3520 8
 114	mp_control_spawn_attacker
 115	A38FE591-0140-11EE-B4FC-D4548B693989
 116	CC166C3F-C911-11ED-B4DD-D4548B693989
 117	04025B91-6E25-11EE-9592-68545AD2D871
 118	978 1567 40
 119	911.329 1741.45 39
 120	5FAC59FF-C1AA-11ED-B4D4-D4548B693989
 121	9448E2BD-0076-11EE-B4FA-D4548B693989
 122	9081BFDB-8782-F264-3D16-9DFCE01763A9
 123	pf9aa29197063a026c_auto2108
 124	1549.71 -2485.26 6
 125	955.288 1604.48 50
 126	-312 -3448 8
 127	173678EF-FB63-18A5-6024-7BD8BCC31113
 128	0 90 0
 129	5A2E34C6-C1AC-11ED-B4D4-D4548B693989
 130	tag_server_b_lights_5_row1
 131	0 263.8 0
 132	0 259.3 0
 133	mp_dd_spawn_attacker_b
 134	pf311d9f96884b89c5_auto2108
 135	-226.945 1111.73 57.0709
 136	-331.256 -3480.08 7.99997
 137	0 45 0
 138	jup_infil_blima_rope_kick_right
 139	11C38399-973C-74E0-12AE-38F3638EE08B
 140	com_trafficcone01
 141	mp_dom_spawn_secondary
 142	D8DB6E44-C1AC-11ED-B4D4-D4548B693989
 143	infil_blima_4
 144	57CA43D5-9F20-264C-B678-F68836D60957
 145	A180602F-07B0-1EFE-F974-27C0ABDAAA36
 146	0 85.2 0
 147	B193FC46-A290-0DD3-3F7E-8CF04365C94D
 148	001426D1-3CB4-9B68-B993-2D36040D5014
 149	decor_betamax_vhs_recorder_01
 150	906.691 1771.89 38
 151	3D8374F9-6E24-11EE-9592-68545AD2D871
 152	E8FC56B4-CC3D-A929-4B33-371CE3376D99
 153	pf9bde220c98419121_auto2108
 154	F73E9AE5-5AB9-62B9-5B1D-32AD666EAB2F
 155	DBD80766-AD1C-B0D9-F824-2CCD8234C0D7
 156	E059C307-172D-035D-8D2F-9328C1082576
 157	662.83 1608.26 41.0001
 158	5EFFE128-E2BA-2197-05DF-B7195F485050
 159	C95121B2-4398-1CE3-26BF-AB705E1AC0E7
 160	38207CB0-0C66-11EE-B38D-001986002B03
 161	B2114198-7828-11EE-9595-68545AD2D871
 162	-1446 -1786 16
 163	449.3 1003.3 56
 164	62D07E2D-8D47-DCA1-CCAB-3150B0BB7BAF
 165	61E3D4AF-D12C-11EE-95A8-68545AD2D871
 166	vfx
 167	05EFF6A0-F5B7-2502-8197-B2627ED01576
 168	856 1536 40
 169	56CF3280-C485-D8E8-4489-5EE6C4A9FE48
 170	C95694E1-6E23-11EE-9592-68545AD2D871
 171	tag_off
 172	0 275.6 0
 173	AF0465E5-9C1A-11ED-8B80-68545AD2D871
 174	B1975428-C18D-11ED-B4D4-D4548B693989
 175	un_office_computer_monitor_02
 176	C7DEABA1-04F1-17A4-F6AD-AD47B5B7ADFF
 177	305F3056-6E27-11EE-9592-68545AD2D871
 178	pf22dcf812f7bb9e66_auto2108
 179	closed
 180	38DA8450-680C-51CB-801D-A4E50D345430
 181	CA18E61A-425E-72F6-3A8C-A0D2372C3933
 182	0 94.2979 0
 183	A8C834A0-784A-11EE-95A7-68545A904D17
 184	998.573 1581.42 37
 185	0 125.8 0
 186	82EF0D32-322D-435B-7EA5-B64576B48ABF
 187	0 265.399 0
 188	59989F29-58CD-76EF-D2DB-11663EF1EA31
 189	FF9EC2F6-C1AD-11ED-B4D4-D4548B693989
 190	0 91.198 0
 191	pf4a76954d1e665bca_auto2108
 192	0E18E74A-CF56-E8E8-1254-2273E57F1087
 193	17F62DE4-C187-11ED-B4D4-D4548B693989
 194	mp_dm_spawn_start
 195	33939B50-7820-11EE-9595-68545AD2D871
 196	-714.14 871.971 92
 197	1708 -2476 8
 198	0 212.3 0
 199	pf5c1e8cc9727f2d2d_auto2108
 200	0873DCDB-C1AD-11ED-B4D4-D4548B693989
 201	0CE5D68E-6E25-11EE-9592-68545AD2D871
 202	1073.49 -2496.33 8
 203	pfda8d6b8efadfb240_auto2108
 204	1067.72 1691.95 39
 205	582CDE52-0BBB-1513-A28E-4004424D58CD
 206	DC922C8D-8248-11EE-8F8D-B0A460E769BC
 207	A61ED920-782B-11EE-9595-68545AD2D871
 208	mp_dom_spawn_allies_start
 209	E265E256-C911-11ED-B4DD-D4548B693989
 210	7D5D6DE0-FD0E-3727-1666-B7271F22A310
 211	0 67.9992 0
 212	4A53840C-D12E-11EE-95A8-68545AD2D871
 213	bink4
 214	61E3D4A0-D12C-11EE-95A8-68545AD2D871
 215	idle
 216	11B2E6FC-DE53-BFA3-F59C-B38C9A3B03FF
 217	5A2E34B0-C1AC-11ED-B4D4-D4548B693989
 218	E81DDEA5-8A51-51E2-D898-4B88A2645FD8
 219	A48A57FE-FD0D-5C01-3F0B-D4F523D596C4
 220	494970CA-FECF-11ED-B4FA-D4548B693989
 221	155.49 -2484.33 10
 222	235BDA78-6E27-11EE-9592-68545AD2D871
 223	EC2D46A3-F40D-5A03-DBB6-57D4740E54BB
 224	infil_blima_3
 225	AF0465E8-9C1A-11ED-A589-68545AD2D871
 226	pfdd7c37f6a5b0d40e_auto2108
 227	356A4315-7E3A-A5A1-A25F-379A632E2376
 228	CC166C20-C911-11ED-B4DD-D4548B693989
 229	F7265986-6B7C-A0B0-6710-E50526A8F484
 230	pf86bf3be0d31840dd_auto4
 231	E8861E0B-2D8C-F136-EE83-42B8B7CABB2B
 232	4A127E5C-08F9-B462-FC7F-55CFA1E567F3
 233	5AF9A704-2366-D35B-3C1A-751ECD834405
 234	-398.288 -3255.04 8
 235	6F79D2EA-6452-E757-52F7-59850463A665
 236	1435.3 31.3 24
 237	1039.3 533.3 56
 238	898.936 1602.27 40
 239	uk_newspaper_stack_01
 240	2DC57627-FCD0-7398-5158-8DA33648EE2A
 241	scriptable_computer_pc_tower_01
 242	pfcc973f6ea345b93a_auto715
 243	914 1639 40
 244	689C7F99-C1AE-11ED-B4D4-D4548B693989
 245	4FB38385-7843-11EE-95A7-68545A904D17
 246	5
 247	scriptable_construction_hardhat_lowres_01
 248	-431.674 -3515.97 8
 249	0 226.5 0
 250	A32E05EB-23FE-F952-05A2-39A9E60F63DF
 251	-251 -72 60
 252	8F99134E-0149-11EE-B4FC-D4548B693989
 253	913 1647 40
 254	744C966C-4FA0-D392-8702-8B1C4F8E7EBD
 255	0 49.2998 0
 256	C2222EE7-0446-11EE-B4FF-D4548B693989
 257	pf8c9e225763c243b2_auto2108
 258	673 1638 40.3411
 259	0 69.2 0
 260	370214FB-782B-11EE-9595-68545AD2D871
 261	pf8cbe0e9f7c8b2712_auto2108
 262	-1316 -1782 24
 263	2315E502-2A57-6B20-D050-B30EC92A54E9
 264	E9A239F0-7849-11EE-95A7-68545A904D17
 265	-292 -3524 8
 266	421.34 541.83 34.5
 267	-340.21 -3579.37 7.99994
 268	976 1712 40
 269	B60E7C59-5254-1CE0-71D9-F09911569E3B
 270	D0AC2AA4-3F8C-1D23-6156-94AA769E2924
 271	C6F30EC6-7F10-5719-426E-1127CB3DC738
 272	9506BBB2-33C3-9F8C-2DA3-A77E7784372C
 273	B1975425-C18D-11ED-B4D4-D4548B693989
 274	FBC349CF-6693-C8AF-91A1-395B82528377
 275	-1084.8 274 132.392
 276	E95C563A-8AA6-EAF8-121A-F7D083EE09F0
 277	8E0786B6-29BF-A68F-9E61-D923BB936F62
 278	7AF4A046-8249-11EE-8F8D-B0A460E769BC
 279	0 91.2995 0
 280	D3F5C06B-D4DE-D16D-AE53-30F442ABB622
 281	C88BA7B1-8248-11EE-8F8D-B0A460E769BC
 282	7DB9927D-BC35-B16A-7096-40D00CFD2A68
 283	860 1570 40
 284	698874B9-782B-11EE-9595-68545AD2D871
 285	tag_ik_foot_loc_le
 286	CF1BFAFA-FEF7-11ED-B4FA-D4548B693989
 287	A27346B7-0446-11EE-B4FF-D4548B693989
 288	0 86.3978 0
 289	B8A0FABD-628B-5CD9-28F1-E20EDAD50331
 290	-1418.51 -2513.33 8
 291	D9C88ED6-FEF2-11ED-B4FA-D4548B693989
 292	pf2c83c07dec2a5b4_auto2108
 293	6832FF9D-D12C-11EE-95A8-68545AD2D871
 294	58F8BAC4-6D02-A1B7-D129-99ED3903DEDA
 295	infil_skerries_seat_2
 296	78949A94-327E-A34A-C0E1-55E2FEC5ED56
 297	7802CC37-0C66-11EE-B38D-001986002B03
 298	914 1711 40
 299	80387EE1-D12D-11EE-95A8-68545AD2D871
 300	-342 -3266 8
 301	1217.72 209.24 6.99988
 302	0 86.0994 0
 303	-388 524 104
 304	pf1a9adaf0cdfa5a39_auto2108
 305	B7A867E3-0442-11EE-B4FF-D4548B693989
 306	tag_server_b_2_row1
 307	4B5B7E88-DF85-CCE4-7031-0CBB3F810D30
 308	construction_hardhat_lowres_01_yellow
 309	C518C094-A7F6-5179-CED1-D52BB8ADDEDE
 310	AF0417C5-9C1A-11ED-9F40-68545AD2D871
 311	4986D58C-E7B1-FE57-9CC2-9FE5FFEDAAA7
 312	6DBC27BA-98FB-251C-0F04-4BB629C3A89D
 313	3E7F3F94-0446-11EE-B4FF-D4548B693989
 314	tag_bink1
 315	pfeef749f352b1dd55_auto2108
 316	EE801179-200A-6DE6-980C-7B42435CAE0F
 317	FBD5EF78-3C4D-9CBA-9430-0B6CE55C01F2
 318	856 1640 40
 319	22F035C6-2E8E-4F97-16F1-0F56DA921DBE
 320	977 1727 40
 321	9EF876AA-C1AD-11ED-B4D4-D4548B693989
 322	9E3E25FE-8BC4-3D22-4558-1A9DBFBF17D9
 323	A8A6E5D6-6E23-11EE-9592-68545AD2D871
 324	0 107 0
 325	B3B0316D-0446-11EE-B4FF-D4548B693989
 326	0 81.3978 0
 327	1C30EFE2-C6A0-5C38-3C9C-44EBF6B43453
 328	8680471D-4464-3709-8500-EC9E972ECE69
 329	1036.85 327.19 57.4683
 330	381CBA89-934D-76A6-A6CF-AC8D8F633BCD
 331	913 1567 40
 332	0 60.0989 0
 333	A1360E6D-5A55-A14D-5C21-AC5112FB20F8
 334	46D0E4EC-781F-11EE-9595-68545AD2D871
 335	-1288 -2528 8.90562
 336	pfc0c15421383e6da0_auto2108
 337	tag_server_b_lights_4_row1
 338	B5F690C4-7829-11EE-9595-68545AD2D871
 339	pf4bb7eeaac51c2b4_auto2108
 340	7D07BDD5-05D4-EA38-3C9F-68106FE37833
 341	976 1568 40
 342	AF0465E6-9C1A-11ED-A3C8-68545AD2D871
 343	E5CAFA01-A2E3-1199-C252-912CCBCF1865
 344	-1490.36 751.32 96.0001
 345	5031F6EC-2F31-3BC2-4691-434AA718CF6C
 346	7AF4A034-8249-11EE-8F8D-B0A460E769BC
 347	F69A6FDD-F463-9AAF-2FE5-002385C6CD1E
 348	1037.3 303.3 54
 349	3411B86F-8871-A5A4-3F32-C6F6A84BC331
 350	accessory_icicle_level_64_destr_chunk_02
 351	0 126.717 0
 352	DC922C84-8248-11EE-8F8D-B0A460E769BC
 353	93DB9364-85F3-13CE-6E41-D0AF57D8EB59
 354	D23EE568-C911-11ED-B4DD-D4548B693989
 355	-588 -1724 72
 356	pfdb462ea172a20886_auto2108
 357	0 222 0
 358	fingers_out_start_left_hand
 359	06AFE68F-8036-B65F-A2A0-7E47A9C5B6AB
 360	C4CC44B6-81D3-591D-FFCB-394411594632
 361	0 297.198 0
 362	prefabs/createfx/mp_jup_subbase_cfx.map
 363	-328 -3444 8
 364	F3B0FF1D-EAFC-C624-EDD5-45AE05EF01EE
 365	0 55.0998 0
 366	41F12891-6E25-11EE-9592-68545AD2D871
 367	31E471DB-0C66-11EE-B38D-001986002B03
 368	-454.401 -3446.46 7.99994
 369	3D200638-782B-11EE-9595-68545AD2D871
 370	-549.75 920.21 94
 371	container_electrical_box_01_small
 372	ED4E3D3E-C1AD-11ED-B4D4-D4548B693989
 373	0 275.2 0
 374	38A852A8-C1AC-11ED-B4D4-D4548B693989
 375	1094.08 1646.58 40
 376	F2BE83CE-8249-11EE-8F8D-B0A460E769BC
 377	0 313.399 0
 378	scripted_anim
 379	980 1714 40
 380	0 79.7001 0
 381	pfcff95c5e9ed9ad16_auto2108
 382	axis_endzone_vis
 383	pfbf0daf0d0453486_auto715
 384	7516C2A7-C1AE-11ED-B4D4-D4548B693989
 385	F99CC641-C1AD-11ED-B4D4-D4548B693989
 386	ee_book_office_folder_02_stack_lrg
 387	D6AE0530-C18D-11ED-B4D4-D4548B693989
 388	-386 -3448 8
 389	0 87.9994 0
 390	pfc141e62275514db6_auto716
 391	0 262.499 0
 392	64189E65-A1AA-D12F-ADDD-91B7A4697DA1
 393	7AF4A043-8249-11EE-8F8D-B0A460E769BC
 394	AudioOneShot
 395	8138DC12-8249-11EE-8F8D-B0A460E769BC
 396	-367 -3348 8
 397	-1339.32 943.64 96.0001
 398	BB428602-A531-BC6C-B387-B847F3402C32
 399	0 296.098 0
 400	7017006F-CB51-ABCD-47CF-E9CEE0B3B81E
 401	666.748 -1680.49 8
 402	0 286 0
 403	FBCDA315-C962-8F76-E4E7-94894A817CF1
 404	2E9D5744-C188-11ED-B4D4-D4548B693989
 405	6B87F9CF-7953-E94C-0F7E-79ADF07307F6
 406	-790.487 -1414.88 262.368
 407	EC54FCB0-8249-11EE-8F8D-B0A460E769BC
 408	384.85 217.19 64
 409	8A332A49-E969-ACB6-9158-9D9FFB483C18
 410	235BDA69-6E27-11EE-9592-68545AD2D871
 411	586D61B3-D57F-D805-66F9-46ECF6836EF7
 412	F0369C61-5B7C-C7FC-1DC0-709045FC04EC
 413	B197542B-C18D-11ED-B4D4-D4548B693989
 414	-1483 1173 104
 415	4653A83F-0C67-11EE-B38D-001986002B03
 416	C88BA79C-8248-11EE-8F8D-B0A460E769BC
 417	856 1608 40
 418	D07C80E6-DE97-3D66-AF9D-CB9EE746EAFD
 419	027CC72A-782A-11EE-9595-68545AD2D871
 420	9EF87680-C1AD-11ED-B4D4-D4548B693989
 421	9EAF337A-8903-F752-8C57-8101F639DE5F
 422	804B72CA-640A-E0BC-BE18-D3761EB537B1
 423	-1387.25 -110.544 126.875
 424	tag_server_a_1_row1
 425	-710.591 1152.9 106.195
 426	scn_infil_skerries_run
 427	1121 1820 40
 428	C59381CC-6B62-5263-2927-69EE53FB447A
 429	mp_dd_spawn_defender
 430	BE3E8436-9670-DCD1-AB43-EDC4BD1ACA2B
 431	-336 -3148 8
 432	999.12 -61.8728 56
 433	857 1647 40
 434	0 92.6995 0
 435	35F4698C-F9E7-7329-5CA0-EDECAA3B317D
 436	6C7AA98C-6E27-11EE-9592-68545AD2D871
 437	
 438	-423.056 -3373.54 8
 439	0 74.6 0
 440	1582.7 1637.97 34.9999
 441	B35D1027-E740-21C4-54B6-C0C1989CBD28
 442	CA7EA44E-2B7C-8E86-4AD2-D1394EA569AA
 443	DDA0A92E-2080-4FEC-AE5C-E993EAAF9A22
 444	0 178.799 0
 445	0 84.6993 0
 446	1036 1570 40
 447	0 275.9 0
 448	F84F475A-7849-11EE-95A7-68545A904D17
 449	ED4E3D61-C1AD-11ED-B4D4-D4548B693989
 450	0 89.5993 0
 451	DC922CA2-8248-11EE-8F8D-B0A460E769BC
 452	pfcbde26c562c0cb7e_auto2108
 453	4C2FC37F-5C6E-CF06-D316-C7EEE91F4EA8
 454	406F5E8E-7843-11EE-95A7-68545A904D17
 455	tag_bink4
 456	mp_dm_spawn
 457	494970E8-FECF-11ED-B4FA-D4548B693989
 458	17B8E991-6E24-11EE-9592-68545AD2D871
 459	0 244.1 0
 460	61E3D4AA-D12C-11EE-95A8-68545AD2D871
 461	8138DC00-8249-11EE-8F8D-B0A460E769BC
 462	0 51.9998 0
 463	infil_skerries_seat_10
 464	40EB15CF-D12D-11EE-95A8-68545AD2D871
 465	pf1c8151ef596beca3_auto2108
 466	accessory_icicle_level_64_02_destr_chunk_02
 467	-341.019 -3370.67 7.99994
 468	8F80691F-AC03-920A-7895-11AC34CA8170
 469	-436.34 -3369.08 8
 470	3178D161-720E-E9C2-67D4-7C340BC1FB78
 471	scriptable_misc_tools_hammer_01
 472	scriptable_vfx_accessory_wind_sock_anim_01
 473	4E5A0F02-DC5A-6846-9278-FC891173C8F6
 474	10702C3F-0C21-B461-D935-2D1A8EC54350
 475	0 184 0
 476	pf957de03dd148c477_auto716
 477	C88BA79F-8248-11EE-8F8D-B0A460E769BC
 478	p7_box_cardboard_c_open02
 479	-444 -2002 72
 480	computer_server_rack_unit_04
 481	D0475D90-6E25-11EE-9592-68545AD2D871
 482	950.079 1582.58 40
 483	912 1712 40
 484	-1482.51 -1823.33 8
 485	-90 -2042 19.4864
 486	C33E695C-9A6F-F483-EBBB-BFF2A3DF41E4
 487	pf2a6732c540b1bbc5_auto2108
 488	tag_server_b_lights_1_row1
 489	857 1727 40
 490	E785B8CB-0140-11EE-B4FC-D4548B693989
 491	F8E05EC0-3539-4AD0-726F-B492538CF386
 492	pfa15ad0c741b43ba5_auto2108
 493	933 1759 40
 494	921.741 1666.55 37
 495	7B114D12-781F-11EE-9595-68545AD2D871
 496	88BFEEB2-781F-11EE-9595-68545AD2D871
 497	289CD382-C188-11ED-B4D4-D4548B693989
 498	CC2DA378-7849-11EE-95A7-68545A904D17
 499	pf35b31766b37976b3_auto715
 500	0 81.8994 0
 501	FC09BC31-23A3-0916-FF76-F66EA2EECDED
 502	2D9E9B1E-031E-F5B2-8EAF-1B90251A5421
 503	E25164C6-240C-EB7B-C032-654DC7C5A249
 504	0 71.9988 0
 505	E6D61920-186D-6550-E265-4868D4ED8ABD
 506	pfa4a4b172b5578dc2_auto4
 507	scriptable_com_paintcan
 508	0 192.398 0
 509	1D8E861A-6E25-11EE-9592-68545AD2D871
 510	9EF876A7-C1AD-11ED-B4D4-D4548B693989
 511	C36FA767-7829-11EE-9595-68545AD2D871
 512	6B643358-0C66-11EE-B38D-001986002B03
 513	scriptable_ee_book_office_folder_02_stack_lrg
 514	1439 1827 40.3411
 515	CA6E2EF5-0157-9106-C6A6-63C90C4E38C3
 516	-266.674 -3446.97 8
 517	right_50
 518	right_90
 519	858 1567 40
 520	9FE4BB6D-750F-0306-678A-BE60DE5DB5D1
 521	B948C8B1-15BA-8AEC-766E-C889E59171E2
 522	991EF48E-6E24-11EE-9592-68545AD2D871
 523	2
 524	F9B58F13-1193-FB59-9390-963BAAE32BA4
 525	9EF87686-C1AD-11ED-B4D4-D4548B693989
 526	pfb043f234f3608f80_auto2108
 527	1C399466-09F0-763C-87E8-B5B8C504A346
 528	tag_geo_frag_a_002
 529	-772 -320 137.754
 530	A5411296-5F9D-8EC7-85C8-76731BBF6D31
 531	7A2AEF6C-0076-11EE-B4FA-D4548B693989
 532	7516C2B0-C1AE-11ED-B4D4-D4548B693989
 533	E0924DEC-04B3-7BF6-490E-7CFFD451E8CD
 534	779CD09D-6318-0C4A-6948-9D7FBE2DA4FB
 535	electrical_conduit_set_electrical_box_04
 536	-608 -2386 18
 537	305F3065-6E27-11EE-9592-68545AD2D871
 538	11969DC9-C1AA-11ED-B4D4-D4548B693989
 539	403.019 -1422.05 75
 540	mp_dom_spawn
 541	4DC190B4-781F-11EE-9595-68545AD2D871
 542	661C8396-C1AA-11ED-B4D4-D4548B693989
 543	-444.7 -2008.54 64
 544	999.935 1723.47 40
 545	hardpoint_vis_05
 546	F35CA8A1-C1AC-11ED-B4D4-D4548B693989
 547	97CB714C-0149-11EE-B4FC-D4548B693989
 548	-60 -2484 24
 549	224C6822-C9ED-0A66-874A-AE66CB28511C
 550	5A2E34C3-C1AC-11ED-B4D4-D4548B693989
 551	-336.674 -3576.97 8
 552	-1470.77 1144.3 110
 553	CEB15279-D0E0-3EA6-B328-C186E6C2C44B
 554	8138DC03-8249-11EE-8F8D-B0A460E769BC
 555	858 1639 40
 556	0 83.5 0
 557	AF0417C6-9C1A-11ED-8D40-68545AD2D871
 558	BC3799BE-35BF-3A43-34E9-6B5D877C47DC
 559	675.05 -2444.71 3.99988
 560	0EFE3A50-C9ED-D0BA-3F95-D29A60C2CD2D
 561	0 109.8 0
 562	C88BA799-8248-11EE-8F8D-B0A460E769BC
 563	27AA521F-B622-583E-C2A3-43B2710353F7
 564	5F4E0243-C605-B4E1-DF0D-8A9CCDD5A797
 565	D648FC19-FD53-BE8D-0D5E-96529E70996E
 566	2E9D571E-C188-11ED-B4D4-D4548B693989
 567	1CE142FD-6E27-11EE-9592-68545AD2D871
 568	cp_generator_toggleable
 569	1666 1631 50.7864
 570	64455CEE-6E24-11EE-9592-68545AD2D871
 571	35F0DBCC-0C67-11EE-B38D-001986002B03
 572	BE6A619B-7820-11EE-9595-68545AD2D871
 573	2212D6E0-6DD5-52D3-D17B-13515835C8FC
 574	494970C7-FECF-11ED-B4FA-D4548B693989
 575	3F204A63-0C66-11EE-B38D-001986002B03
 576	9F916E67-7E8C-8AFA-B38B-BD56DB357452
 577	150F9BD7-D44B-DADE-41A3-BBD3144D8EFD
 578	door
 579	E71C7E54-CCEE-87CB-A92E-FD04AD3D3647
 580	0 270.799 0
 581	static
 582	66279F11-6E27-11EE-9592-68545AD2D871
 583	p7_box_cardboard_a_open01
 584	30E8CBBC-782B-11EE-9595-68545AD2D871
 585	61E3D4C8-D12C-11EE-95A8-68545AD2D871
 586	016BF2E3-665B-4BC8-95A7-9F751B944E07
 587	0 51.3977 0
 588	1024 1536 40
 589	pfc97e951f8f8da53e_auto2108
 590	ED45CBDE-C1AC-11ED-B4D4-D4548B693989
 591	184.39 902.73 51.3496
 592	jup_infil_blima_player_slide
 593	-335.256 -3393.08 7.99997
 594	pf57024faa48e2ed87_auto2108
 595	1873 1745 40
 596	-882.8 380 208
 597	pf894a1cc4f08a443b_auto2108
 598	78D8965A-45AA-8845-52C7-131C90E05389
 599	-82 -2526 16.7302
 600	40F85088-A5AC-DAE1-6244-CC36F4682139
 601	DEE437D0-C1AC-11ED-B4D4-D4548B693989
 602	F9D122BC-12B4-BCC0-E7B4-86B66BE96D97
 603	0 314 0
 604	playerasm_patch_mp_infil_blima
 605	FC394FD6-D12D-11EE-95A8-68545AD2D871
 606	pf7b6964eea66127a9_auto2108
 607	pfeb1f6cda3055cfd7_auto2108
 608	pfa8556dd10648134f_auto4
 609	417C967C-FCEB-2159-1A2F-FA124FCBE483
 610	D23EE562-C911-11ED-B4DD-D4548B693989
 611	-1264 -1810 0.265732
 612	AAAD498D-C18D-11ED-B4D4-D4548B693989
 613	1024 1608 40
 614	F0339A1C-B073-046E-8DD0-C5C8EC409618
 615	playerasm
 616	96428185-60B2-E17E-1231-057E10F18CC5
 617	1DD789BF-1139-67D6-99FC-AC65B596E01F
 618	ED45CBFA-C1AC-11ED-B4D4-D4548B693989
 619	vfx_animals_rat
 620	-421 -3420 8
 621	pristine
 622	56 -1724 71
 623	2046.97 1749.81 36.5
 624	1808.8 -626.8 12.8827
 625	0 52.6993 0
 626	-1273.24 -110.545 126.875
 627	FF7D0708-E5AB-2020-F314-E0D5CE09E53E
 628	-358.306 852.804 104
 629	right_30
 630	B1975422-C18D-11ED-B4D4-D4548B693989
 631	1CE142EE-6E27-11EE-9592-68545AD2D871
 632	689C7FA2-C1AE-11ED-B4D4-D4548B693989
 633	-1273.24 -176.378 126.875
 634	1190.68 -1020 90
 635	4968CFCF-4E10-14C0-BE0D-6EAF2FA27D1C
 636	390 -996 96
 637	scriptable_misc_keyboard_black_01
 638	0 345.4 0
 639	dead
 640	75DAE681-87B6-8729-756D-9317A348242B
 641	pf52dc92e6d334d10b_auto2108
 642	pf5c74d2dbabaa6da_auto2108
 643	5A352DF0-03DB-B93F-03CB-3F955B4E0F60
 644	EDC863BB-8171-38AB-C6CB-A7F2D8C2B8A4
 645	ED2A62D8-2BCB-F2D9-840B-5BFEFB87447D
 646	AAAD4957-C18D-11ED-B4D4-D4548B693989
 647	0 90.399 0
 648	EDE494AA-0140-11EE-B4FC-D4548B693989
 649	scriptable_uk_security_camera_redlight_head_01
 650	CC166C2B-C911-11ED-B4DD-D4548B693989
 651	fingers_in_start_right_hand
 652	61E3D4BE-D12C-11EE-95A8-68545AD2D871
 653	hardpoint_vis_01
 654	E39C3BE9-89F8-DF11-641D-4BF884BE53DD
 655	-441.47 -1981.18 64
 656	9DE0EF24-1F92-8407-49FA-30E5F2BAD02B
 657	0 262.4 0
 658	closed_owned
 659	0 295.099 0
 660	C88BA7B4-8248-11EE-8F8D-B0A460E769BC
 661	1D9357A4-F3E3-A70B-C2D0-C3B5262FAF11
 662	D8DB6E67-C1AC-11ED-B4D4-D4548B693989
 663	pfdcd476886ae4ca1f_auto2108
 664	9EF8769E-C1AD-11ED-B4D4-D4548B693989
 665	tag_full
 666	856 1672 40
 667	0 71.9996 0
 668	1151.93 -1383.26 104
 669	pfdbb9efed8fc0eb5_auto2108
 670	7CFF3388-DF9C-022E-68C1-535F2C8E41B6
 671	pf6f428a607a3ba8ac_auto4
 672	11969DBE-C1AA-11ED-B4D4-D4548B693989
 673	rhib
 674	-296 -3522 8
 675	CF1BFB0B-FEF7-11ED-B4FA-D4548B693989
 676	B8FAE4EF-7828-11EE-9595-68545AD2D871
 677	pf22ba611a230360a5_auto4463791792553663595
 678	BB84A37E-2C42-40F0-2C77-63D2E9E65143
 679	pf22ba611a230360a5_auto12987934831991715781
 680	494970B5-FECF-11ED-B4FA-D4548B693989
 681	BD8E9710-5885-CA20-9A43-F90D7C22830B
 682	A64D6617-C79D-DB5E-DE62-2A08D2C7E7BE
 683	pf54cad8c9db2342b2_auto2108
 684	1814 1301 40
 685	9340A7CC-F323-C2F4-1BFB-0A790F5CB732
 686	42D3DD7A-7828-11EE-9595-68545AD2D871
 687	426.699 -1448.54 80
 688	61E3D4D2-D12C-11EE-95A8-68545AD2D871
 689	856 1568 40
 690	7516C28A-C1AE-11ED-B4D4-D4548B693989
 691	-1281.51 -1811.33 8
 692	pf7dcbb47a176f7775_auto715
 693	1A1E3C7F-0443-11EE-B4FF-D4548B693989
 694	279.3 -1743.82 52.5
 695	32EBA741-172A-8DE0-DF06-E3E7F1123C5A
 696	0AFB4CBB-98E8-567E-6058-CBEE48287E20
 697	2E9D5721-C188-11ED-B4D4-D4548B693989
 698	66279F2A-6E27-11EE-9592-68545AD2D871
 699	23DB15B2-1737-CCC8-495D-88DA98F48146
 700	pfcfea35935d48e199_auto2108
 701	36BB14F7-6E27-11EE-9592-68545AD2D871
 702	tag_server_b_lights_3_row1
 703	6B41136A-188C-3B5F-2FE3-7519AB634BD1
 704	94964070-7820-11EE-9595-68545AD2D871
 705	2539.19 1133.18 38
 706	mp_cyber_spawn_axis
 707	0 267.8 0
 708	0 267.099 0
 709	-36 -2048 20.0727
 710	0 43.7001 0
 711	C88BA7A2-8248-11EE-8F8D-B0A460E769BC
 712	1707.6 -2464.3 8
 713	pfe3573fe3bcb7401f_auto2108
 714	E8C9BAB9-9287-96A0-0661-8C8820BE0D01
 715	78D25970-35B6-9D93-3F1F-E7FF8B7B4A26
 716	1F7F3711-6787-A184-EF9D-423085EC1B26
 717	0 260.5 0
 718	CFC67DE7-C18D-11ED-B4D4-D4548B693989
 719	AF0465EB-9C1A-11ED-A17E-68545AD2D871
 720	CD72A6D9-6AA1-DACD-59D3-45D1DE5FE907
 721	D3AD9DAA-781E-11EE-9595-68545AD2D871
 722	1039.75 1569.16 48
 723	1077 1815 41.8989
 724	tag_ik_foot_loc_ri
 725	pfd7d833bd342ad8e5_auto4
 726	fingers_out_end_left_hand
 727	1A16D5B9-26FD-F025-4860-EB138901B06B
 728	0 315 0
 729	2FDE4E98-0C67-11EE-B38D-001986002B03
 730	pfe6cebcd8a2aa7008_auto2108
 731	1F457977-4169-9167-972C-E5E676768D8B
 732	0A427183-4D7D-0DB4-9A27-87FCC291B4EC
 733	DC922C90-8248-11EE-8F8D-B0A460E769BC
 734	04025B86-6E25-11EE-9592-68545AD2D871
 735	D444FECB-70F9-8F74-E891-7A9A13563B67
 736	2A096547-0839-3A45-14E1-0523425D4E4C
 737	-1293.36 -736.588 126.875
 738	0E8CEF4B-B2AE-3527-6A12-7A692B17E4CA
 739	-612 -2032 42.7317
 740	-422.495 -3006.66 17.0337
 741	infil_skerries_seat_4
 742	872 1688 40
 743	FDCE309B-EF05-E178-3984-1288262AB3E3
 744	1CE142D0-6E27-11EE-9592-68545AD2D871
 745	7B72BA44-6E24-11EE-9592-68545AD2D871
 746	0 335.7 0
 747	0 146.599 0
 748	9CDE3AE2-CDC1-53F2-E900-F6EA1AF976BC
 749	A1EA35A2-0442-11EE-B4FF-D4548B693989
 750	0DE57B54-0182-20B0-5845-3169F2E0AAA4
 751	125.83 1176.26 41.0001
 752	pfd834a11e2d9df214_auto2108
 753	0 273.2 0
 754	0 301.4 0
 755	-646.469 -1393.82 58
 756	0 251.899 0
 757	F71ED967-5ACC-198C-A433-BDB4611022FA
 758	tag_bink3
 759	F35CA8A7-C1AC-11ED-B4D4-D4548B693989
 760	915213DB-625C-D6FE-8AE7-3CF1CD5FD976
 761	2551 1747 40
 762	CC0094C1-D73B-1422-E2DE-B61F7F1C5450
 763	-394 -3216 8
 764	-386 -3253 8
 765	1371.93 -1493.26 24
 766	pf9473c2a6cff773bb_auto2108
 767	66279F39-6E27-11EE-9592-68545AD2D871
 768	D8DB6E70-C1AC-11ED-B4D4-D4548B693989
 769	player_lock_look_1_second
 770	91A4B9A8-FADB-8E31-506E-49AE853F521F
 771	-696.17 -2962.34 16
 772	B9C85F53-0140-11EE-B4FC-D4548B693989
 773	1CF89F2D-6E26-11EE-9592-68545AD2D871
 774	pfb4600e8846407ec0_auto716
 775	0.70561 243.817 -0.328277
 776	scriptable_me_communication_cctv_mic_01
 777	0 56.0997 0
 778	-262.66 -3773.17 4
 779	-899.51 -2938.33 8
 780	9610A8EF-5692-0F05-EE6E-D18271C04846
 781	0 296.199 0
 782	0 269.399 0
 783	D0B6BDBD-3557-B31B-ACD6-1BA480030BE0
 784	FE710E1E-7849-11EE-95A7-68545A904D17
 785	912 1672 40
 786	pf3d700c495e0678a1_auto2108
 787	tag_server_b_lights_6_row1
 788	9EF876B6-C1AD-11ED-B4D4-D4548B693989
 789	0 268 0
 790	un_office_server_rack_large_01_b_blades_dest
 791	6832FF8E-D12C-11EE-95A8-68545AD2D871
 792	8D366DF1-7820-11EE-9595-68545AD2D871
 793	305F304C-6E27-11EE-9592-68545AD2D871
 794	418E1B2F-6427-CCD1-E4B6-30F85EF73DDE
 795	-385 -3157 8
 796	04AB1BFD-4714-7E82-E498-7F175CE69CE1
 797	5A2E34C9-C1AC-11ED-B4D4-D4548B693989
 798	accessory_icicle_level_64_destr_chunk_04
 799	3F204A49-0C66-11EE-B38D-001986002B03
 800	CCD6EBD5-784A-11EE-95A7-68545A904D17
 801	pf43b2a7c989945d6e_auto2108
 802	4660C40B-C377-FB2C-006D-CA86924FD9D8
 803	1CE142D5-6E27-11EE-9592-68545AD2D871
 804	315.425 910.84 39.5
 805	on
 806	C27EEF61-7845-11EE-95A7-68545A904D17
 807	102.25 768.21 36
 808	EBD31DE5-A0E6-6471-4D19-D91CAC3E8B65
 809	0 78.5995 0
 810	pf81fe8733c47f6c8f_auto2108
 811	C923B355-FEF7-11ED-B4FA-D4548B693989
 812	2D876AAB-D07D-C6C5-5B6F-8CC57EEF5835
 813	6B9B94C0-19CE-A99D-8F0C-166D9DC57041
 814	69E6A820-8F22-ADA5-F1D9-AAE8E2F9F198
 815	978 1639 40
 816	pff8b022f99f27a411_auto2108
 817	A85D828F-781F-11EE-9595-68545AD2D871
 818	-341 -3211 8
 819	-430 -3524 8
 820	1FE14188-7829-11EE-9595-68545AD2D871
 821	-448 -3228 8
 822	-442 -3448 8
 823	A8232F0C-7634-96E1-3871-1EEA923CF59C
 824	tag_geo_frag_a_001
 825	E4AAF1F1-A002-A5EE-7C55-6EA809678C2D
 826	0 96.8996 0
 827	785.93 -1801.26 8
 828	1E7C3A46-6E24-11EE-9592-68545AD2D871
 829	2106.26 1788.17 41.0001
 830	0 63.3997 0
 831	-1213.69 -1791.7 8
 832	0873DCD5-C1AD-11ED-B4D4-D4548B693989
 833	CFC67DEA-C18D-11ED-B4D4-D4548B693989
 834	73DE794C-381D-E843-C742-C5DD4BE53E0E
 835	D74921D2-B7C5-487F-ED4C-AAA53659A2E7
 836	BB69D3A8-9A9A-C5DA-9F7B-D9321FDA427D
 837	ee_book_office_folder_pile_01
 838	107CD7EB-C913-11ED-B4DD-D4548B693989
 839	65414908-C913-11ED-B4DD-D4548B693989
 840	-240 -2002 72
 841	DF15136E-6E25-11EE-9592-68545AD2D871
 842	77ADB797-15C9-6702-81DC-684AA42AB867
 843	29D7A510-6E27-11EE-9592-68545AD2D871
 844	BA28DC51-0446-11EE-B4FF-D4548B693989
 845	pf889f5416a1946ef5_auto2108
 846	54BF12AF-0033-2AB4-1137-55B1B6067672
 847	0 1.09858 0
 848	0 268.397 0
 849	64455D02-6E24-11EE-9592-68545AD2D871
 850	941F7EB5-0A30-6697-DBE7-C5DD249A96AD
 851	9EF8769B-C1AD-11ED-B4D4-D4548B693989
 852	0 214.299 0
 853	6C7AA982-6E27-11EE-9592-68545AD2D871
 854	686.39 1650.73 48
 855	-378 -3376 24.3194
 856	305F3074-6E27-11EE-9592-68545AD2D871
 857	EC54FCAA-8249-11EE-8F8D-B0A460E769BC
 858	2F293553-3033-3AA1-CAE8-8B547D3320C8
 859	C647775C-3430-F9A2-C811-A8BED6BAD73B
 860	-334 -3072 8
 861	0 62.3995 0
 862	1336.63 -723.77 52.318
 863	301BB784-319F-A70C-8C29-6E9C15A22500
 864	-436.387 -3296.32 8
 865	0 180.599 0
 866	loop_end
 867	F783357E-6E1F-11EE-9592-68545AD2D871
 868	0FCC0AE3-98DA-8B68-75C5-11425ACA2B8A
 869	1025.85 -1332.15 274
 870	1435 40 16
 871	7B08D0E4-CB89-D487-B77D-26621EC8848D
 872	0 256.7 0
 873	pf397e7658473a3555_auto2108
 874	pfd4ecfa3b2d71b86e_auto715
 875	scn_infil_skerries_walk_rhib
 876	9EF876BF-C1AD-11ED-B4D4-D4548B693989
 877	controller
 878	scriptable_accessory_icicle_level_64_destr_chunk_06
 879	scriptable_un_office_paper_stack_01
 880	12A2AD20-8C1F-9EA7-7FB4-ADEAFA7B8EDF
 881	7B78F0C4-8C9F-4220-342B-CC76139F5245
 882	0 221.999 0
 883	pf716c46f61337f197_auto4
 884	0068CE1C-D6D0-5041-F79E-538C56B31966
 885	infil_skerries_seat_11
 886	61E3D4B9-D12C-11EE-95A8-68545AD2D871
 887	E1078430-350F-BB9A-8DB7-CA58ED3CE28D
 888	0 291.499 0
 889	1562.49 -2482.33 8
 890	accessory_icicle_level_64_02_destr_chunk_03
 891	jup_infil_shared_movement_run_pre
 892	pfa70a3053222d4085_auto2108
 893	A4B314FE-0149-11EE-B4FC-D4548B693989
 894	BEE3101F-0442-11EE-B4FF-D4548B693989
 895	227DDCB2-C188-11ED-B4D4-D4548B693989
 896	1556.81 -2484.67 8
 897	-1188.85 -390.381 126.875
 898	j_rope_200
 899	508 -2484 22.7454
 900	mp_xfire_spawn_allies_start
 901	0 330.499 0
 902	jup_infil_blima_rope_crank_right
 903	computer_server_rack_unit_10
 904	0 354.699 0
 905	8A745A16-D12D-11EE-95A8-68545AD2D871
 906	scriptables
 907	08852307-784B-11EE-95A7-68545A904D17
 908	C4BDD777-7849-11EE-95A7-68545A904D17
 909	2ACE09AA-5ED8-2B72-99AE-5A705C7E8D1C
 910	facial_infils
 911	1162.45 -86.6759 230
 912	pf39a8b31d4483140c_auto4
 913	j_ball_le
 914	j_ball_ri
 915	19BC40A7-399B-52F5-850D-0C796AFFD7BB
 916	pf6d697e62246c5ce2_auto715
 917	874.559 1550.47 40
 918	vfx_animals_seagull_jup
 919	pf3baeedc1107075a4_auto715
 920	1509.49 -2359.33 8
 921	F2F5C4D9-AC9E-7C31-1D96-E210F6068BA8
 922	-347.256 -3192.08 7.99997
 923	EC54FCC5-8249-11EE-8F8D-B0A460E769BC
 924	-545.644 -1771.47 56
 925	0 88.6 0
 926	305F3047-6E27-11EE-9592-68545AD2D871
 927	EA97E692-EC53-3CE1-364F-AE529B77D70B
 928	1FB118D9-6924-008F-FD6A-8B71A879C14C
 929	-394.7 -2659.82 5.745
 930	-452.68 -3445.97 7.99994
 931	B3BAD937-6E24-11EE-9592-68545AD2D871
 932	DC922C99-8248-11EE-8F8D-B0A460E769BC
 933	-416.455 -3173.45 8
 934	856.897 1564.42 40.0001
 935	-345.34 -3161.08 8
 936	66279F3E-6E27-11EE-9592-68545AD2D871
 937	df_skerries_infil
 938	0 130.299 0
 939	B0E16659-75D0-DFD9-B3C3-DD2B08956AB3
 940	ED4E3D5E-C1AD-11ED-B4D4-D4548B693989
 941	E7C67E5C-C18C-11ED-B4D4-D4548B693989
 942	right_70
 943	-853.83 -2967.66 3
 944	4
 945	A0EDC84D-99DE-7C7D-A590-BCB89E73F2AB
 946	64BA2726-77B4-5DC0-41E2-247A59EC7979
 947	1A7A817F-782B-11EE-9595-68545AD2D871
 948	9E1942C1-0149-11EE-B4FC-D4548B693989
 949	0760D508-15A8-8464-9479-930BBF8DA029
 950	6832FF70-D12C-11EE-95A8-68545AD2D871
 951	-367.34 -3479.08 8
 952	pfc0fc73a48479b06d_auto2108
 953	B75D663F-FB51-0F7F-4314-011211551DA0
 954	-375.662 -3364.38 8
 955	52A1AC34-E031-BC64-5A3D-87CB67AB9ECB
 956	pfcc0c7edbfe1322b7_auto2108
 957	0 222.499 0
 958	689C7F9F-C1AE-11ED-B4D4-D4548B693989
 959	-411.94 -2851.73 16
 960	CFC67DD1-C18D-11ED-B4D4-D4548B693989
 961	693.05 -1692.71 3.99988
 962	5FE9CD30-0076-11EE-B4FA-D4548B693989
 963	61E3D4CD-D12C-11EE-95A8-68545AD2D871
 964	039DF252-86AA-0E41-633E-7E2E556EA2CD
 965	pf3d0e2ba7049d5a4d_auto2108
 966	365FBDC0-6BE7-FF19-9909-E35B9C6175BF
 967	043115AC-0443-11EE-B4FF-D4548B693989
 968	0 118.947 0
 969	84EFB191-59AE-6DAB-7FFD-A8E982F802A6
 970	AEC471D7-AE06-DBAA-4938-2D6529007CB8
 971	locked
 972	ajar_owned
 973	-418 -3318 8
 974	AB60B8A9-9661-2786-ECAB-540905063759
 975	0 105.8 0
 976	75FACD7D-0141-11EE-B4FC-D4548B693989
 977	-334 -3372 8
 978	pf562c523667dfa4c1_auto2108
 979	104DC949-A565-5979-A24C-5E04EB37FFFC
 980	9E772D89-5720-1631-D4AA-AE4F48B24E19
 981	-394.6 -3359.55 7.99994
 982	0 88.3996 0
 983	-932.8 1008 120
 984	1424.39 1752.73 50.3658
 985	39739E5E-66D0-0A3A-A650-0AE3C045B034
 986	494970F1-FECF-11ED-B4FA-D4548B693989
 987	EC54FCB9-8249-11EE-8F8D-B0A460E769BC
 988	0 35.0999 0
 989	A9974B0B-0140-11EE-B4FC-D4548B693989
 990	A1AA161E-784A-11EE-95A7-68545A904D17
 991	AAAD498A-C18D-11ED-B4D4-D4548B693989
 992	51E9DC28-6960-FFB3-204B-94C854DC1E20
 993	pf604421056171c8ae_auto715
 994	-390 -3446 8
 995	fingers_out_start_right_hand
 996	-1292 -2532 8.89936
 997	pf7c489de673478427_auto2108
 998	5FAC5A0F-C1AA-11ED-B4D4-D4548B693989
 999	235BDA5A-6E27-11EE-9592-68545AD2D871
1000	scriptable_vfx_animals_pigeon_jup
1001	-924.7 -2946.99 14.0612
1002	A8EB8E6B-927A-F148-44B6-E12A1E325A40
1003	2136 1811 40
1004	0 124.8 0
1005	FAC95BB3-496E-3A4E-EB5C-CBE9E79881ED
1006	-292 -3244 16
1007	pf48b6fdedc91552f8_auto715
1008	9DD1DB35-7829-11EE-9595-68545AD2D871
1009	pf5c6143eddaad74fb_auto2108
1010	5FC73AAC-EB8B-1E22-3068-DB020ECD04B2
1011	3F204A66-0C66-11EE-B38D-001986002B03
1012	AF0465E7-9C1A-11ED-8768-68545AD2D871
1013	-167.75 660.21 54
1014	1700 -2465.3 8
1015	F8A7AF5C-618A-B2E0-5799-9861B70B27D3
1016	15625548-1FE7-8602-65B2-3B1E535F8E04
1017	-344.34 -3376.08 8
1018	02529711-626F-626B-1214-5ACCE7E5066F
1019	AF0417C3-9C1A-11ED-A6A4-68545AD2D871
1020	-55.3552 -2089.59 7.99994
1021	scavenger_opening
1022	-387.256 -3416.08 7.99997
1023	870.079 1646.58 40
1024	ED108A81-6E24-11EE-9592-68545AD2D871
1025	E8281151-457A-BEC8-6237-7EF1BE1FBA29
1026	7516C287-C1AE-11ED-B4D4-D4548B693989
1027	-446.7 -1999.82 52.5
1028	0 271.199 0
1029	1997F223-C1AA-11ED-B4D4-D4548B693989
1030	mp_sd_spawn_defender
1031	1CE142CB-6E27-11EE-9592-68545AD2D871
1032	snakecam
1033	7796D6CC-D12E-11EE-95A8-68545AD2D871
1034	11EA31D4-E20D-C0F7-4CC3-718B4A3376DC
1035	50F9629E-9AEF-EE5E-0174-58B085C93A15
1036	8714F690-6E25-11EE-9592-68545AD2D871
1037	empty
1038	1CE142DA-6E27-11EE-9592-68545AD2D871
1039	bink1
1040	0 272 0
1041	pf62878347838995de_auto2108
1042	B5324970-7C96-F98A-2E7F-C41D1C00E26A
1043	1056 1624 40
1044	286619A0-012D-4949-CEC5-37AC71532C91
1045	0EC1228E-8388-90F5-BCA8-EB9C2B637E3A
1046	936 1624 40
1047	infil_blima_6
1048	146.39 1214.73 48
1049	pf7f6442aae784df38_auto2108
1050	1075742E-6814-0AC2-2802-C274E46BD3B9
1051	-406.75 1107.21 101
1052	1258.46 1811.4 48
1053	1094.08 1582.58 40
1054	-352 -3520 8
1055	-400 -3388 8
1056	uk_security_camera_redlight_head_01
1057	ladder_up
1058	EB892397-1C41-0D3F-721D-9798937F7DF2
1059	3325506D-7843-11EE-95A7-68545A904D17
1060	877EE5D5-8249-11EE-8F8D-B0A460E769BC
1061	pf34bdd69a6b567d7e_auto2108
1062	B8FEA45B-827E-D96F-5F62-990AB6B1D6ED
1063	E67E7C02-E075-EEC0-2B41-6F1EDD4E719F
1064	pf22ba611a230360a5_1
1065	-111.66 930.83 36
1066	container_espresso_cup_02
1067	6EED9593-C1AE-11ED-B4D4-D4548B693989
1068	j_wrist_ri
1069	582FDAD8-8145-B8CD-E041-AC8612354EBE
1070	17F62E04-C187-11ED-B4D4-D4548B693989
1071	0 194.499 0
1072	0 70.5998 0
1073	63D57ADE-F727-75D5-4314-C9DDB1298D75
1074	6832FFA2-D12C-11EE-95A8-68545AD2D871
1075	DC922CA5-8248-11EE-8F8D-B0A460E769BC
1076	pfde0de05789893d2d_auto2108
1077	0 78.7 0
1078	8138DC18-8249-11EE-8F8D-B0A460E769BC
1079	494970EE-FECF-11ED-B4FA-D4548B693989
1080	-822.045 594.287 126
1081	17F62DED-C187-11ED-B4D4-D4548B693989
1082	-413.8 -3297.06 7.99994
1083	pf54a94676431350e4_auto2108
1084	1475.26 1347.17 41.0001
1085	5D9D19D5-0446-11EE-B4FF-D4548B693989
1086	FAD16B56-6E24-11EE-9592-68545AD2D871
1087	D47AAC49-F5DD-ACA4-5677-7AF9EDC2594E
1088	C60460EA-0442-11EE-B4FF-D4548B693989
1089	976.897 1644.42 40.0001
1090	305F305B-6E27-11EE-9592-68545AD2D871
1091	66279F2F-6E27-11EE-9592-68545AD2D871
1092	D6AE052A-C18D-11ED-B4D4-D4548B693989
1093	window_over_40
1094	vfx_farm_sunflare
1095	4B4B1C57-9819-09D6-A9C6-99562A0C4FC1
1096	B3B03162-0446-11EE-B4FF-D4548B693989
1097	1797.22 1398.39 36.536
1098	AE019F63-D6D1-B05A-CA90-66056372D39F
1099	3F204A6C-0C66-11EE-B38D-001986002B03
1100	2E9D573E-C188-11ED-B4D4-D4548B693989
1101	-236.51 -2513.33 8
1102	3EE8DA18-7B60-0423-3DB7-2C4C5462DEDE
1103	B882AB7C-A24E-F25B-EF5D-571712543539
1104	656.67 -2068.49 8
1105	DD466D6E-82AF-F479-11CE-9F4A16CE6EEE
1106	34ED1C5F-784B-11EE-95A7-68545A904D17
1107	scriptable_roof_vent_unit_vent_s0p5
1108	-272.515 -3450.16 7.99994
1109	E265E276-C911-11ED-B4DD-D4548B693989
1110	17F62E0D-C187-11ED-B4D4-D4548B693989
1111	950.079 1718.58 40
1112	mp_koth_spawn
1113	pf34be0c0fd0b13a3b_auto2108
1114	-393.51 -3570.33 8
1115	9E9A101D-782B-11EE-9595-68545AD2D871
1116	5A1DF31A-F249-9F94-55A6-3A59E2F471ED
1117	9544B881-D8BA-CAA9-AE9C-6A69E96EB2BC
1118	936 1560 40
1119	929D0DE8-6869-7B7C-46C5-53092EB935DD
1120	1644.22 -2471.29 16
1121	2524.26 1761.17 41.0001
1122	494970E5-FECF-11ED-B4FA-D4548B693989
1123	9EF87695-C1AD-11ED-B4D4-D4548B693989
1124	90EFFD3D-95EC-5DF0-1E57-BA46C326C727
1125	7B03ABA7-0440-11EE-B4FF-D4548B693989
1126	equip_nvg
1127	58F59829-75A0-E261-5C2D-CF62B5E946C4
1128	pfbae184b932d756ea_auto2108
1129	141.248 1170.21 34
1130	F2691329-501C-49D8-BCAD-1CEF56B2F5A1
1131	-1467.2 1154 104
1132	872 1560 40
1133	-396.674 -3364.97 8
1134	56B13BE7-8AA2-9F41-9A86-24A4F507E8C5
1135	440.248 1005.21 49.1949
1136	914 1567 40
1137	scriptable_scriptable_door_industrial_metal_mp_03_teal
1138	1034 1567 40
1139	-1316 -2136 24
1140	pf5de4934c8c204d6_auto2108
1141	0 333.2 0
1142	-1430 866 112
1143	8B25160B-23F4-AF72-D3BF-F68DBFE91D55
1144	pf958df942bc88f3b3_auto2108
1145	0 79.0001 0
1146	AF22CF2F-70FE-6A19-6E8F-E30732337F95
1147	9E9A102B-782B-11EE-9595-68545AD2D871
1148	ED45CBF4-C1AC-11ED-B4D4-D4548B693989
1149	504 -2476 23.1284
1150	desktop_fan_fn_01
1151	8FF22245-D371-0235-5568-F6A4B64ECE56
1152	0A7DFC2D-D170-041E-9FB5-0A5320C9D418
1153	43DC9E1F-C18D-11ED-B4D4-D4548B693989
1154	pfc141e62275514db6_auto715
1155	0 180.2 0
1156	6121AC25-D12E-11EE-95A8-68545AD2D871
1157	654148F7-C913-11ED-B4DD-D4548B693989
1158	8E1B5426-65CE-2611-3B77-A67C2795D198
1159	0 135 0
1160	0 186.499 0
1161	-896.651 -2204.78 8.5
1162	85F06C42-C284-5D0D-6D8F-FEA21664B983
1163	292FA425-782B-11EE-9595-68545AD2D871
1164	20EBA566-001E-6402-CB97-75E3E5A8D18C
1165	42E8AFEB-C1AC-11ED-B4D4-D4548B693989
1166	66537E53-D12D-11EE-95A8-68545AD2D871
1167	scriptable_accessory_icicle_level_64_02_destr_chunk_04
1168	42E8AFCB-C1AC-11ED-B4D4-D4548B693989
1169	construction_hardhat_lowres_01
1170	EF7FF296-7AF0-CED1-1BCF-FBED48713FCF
1171	99B0D2F1-4FBF-7CD5-E5A9-726F34C26103
1172	0 49.9999 0
1173	computer_pc_tower_01
1174	pffa5668a4f33dc22_auto2108
1175	1032.9 1644.42 40.0001
1176	2136 1807 40.3411
1177	-419.34 -3302.08 8
1178	-81.6205 -2484.63 12.0001
1179	0 270 0
1180	BDE43D1F-C6B7-005B-F0C7-7A1F59B4C544
1181	1876CA19-840F-7C1D-6393-92C6AFBBCB9B
1182	9EF876C2-C1AD-11ED-B4D4-D4548B693989
1183	scavenger_closed
1184	286BBD05-DD56-F34E-4CA5-7BC7F14A8418
1185	mp_dd_spawn_defender_start
1186	D23EE565-C911-11ED-B4DD-D4548B693989
1187	8586A340-DA42-A9EA-5333-5FC5D3F95A51
1188	-392 -3444 8
1189	235BDA73-6E27-11EE-9592-68545AD2D871
1190	0 266.999 0
1191	pfc96581b239b081e_auto2108
1192	C571E683-6E24-11EE-9592-68545AD2D871
1193	372.34 270.83 51
1194	1067.98 -1338.37 275
1195	D758CFC2-9787-9A22-D01B-3142A5610B7E
1196	912 1640 40
1197	fingers_in_start_left_hand
1198	accessory_fire_extinguisher
1199	A2E9A8F2-EDFA-4297-496A-74CD6F6485E9
1200	infil_skerries_seat_5
1201	35F0DBAF-0C67-11EE-B38D-001986002B03
1202	0 70.3999 0
1203	1184.65 -226.153 82
1204	E265E259-C911-11ED-B4DD-D4548B693989
1205	7ADCF111-BD32-223D-6185-C443E49F76EA
1206	1CE142E4-6E27-11EE-9592-68545AD2D871
1207	-785.855 -2037.44 33.9356
1208	01573F7F-7EF0-579C-3CFD-B999927FE1E6
1209	F99CC651-C1AD-11ED-B4D4-D4548B693989
1210	06BF7787-784A-11EE-95A7-68545A904D17
1211	pf73d9c364a970f53f_auto2108
1212	1181.3 839.3 69.6133
1213	mp_control_spawn_defender
1214	-1186 1034 112
1215	967.618 1652.42 37
1216	0 306.4 0
1217	CF8E48A5-0446-11EE-B4FF-D4548B693989
1218	tag_bink2
1219	pfcc7c4b97ddc28ee3_auto2108
1220	CCE4B173-944B-FB59-0E4C-36846C6445EF
1221	C9A1CDFF-4623-3986-D60E-78B0BB4B20CF
1222	1D7D3D2C-91E6-D221-BB35-F8D265D53523
1223	4653A839-0C67-11EE-B38D-001986002B03
1224	D18744A8-CABB-A119-6A6F-7104399CBC02
1225	-440 -3440 8
1226	D9C88EF0-FEF2-11ED-B4FA-D4548B693989
1227	9C8795BF-D2EE-811C-44B2-BB4A1502AC0F
1228	3F204A46-0C66-11EE-B38D-001986002B03
1229	-368 -3524 8
1230	DA2A8152-E25F-ADE0-4C7B-A2C292FFAE57
1231	scriptable_scriptable_door_metal_04_flat_painted_clean_mp
1232	BEBC4DDC-6E27-11EE-9592-68545AD2D871
1233	pf872f9e2808c5aecb_auto2108
1234	auto_mp_jup_subbase_cfx.map
1235	7516C274-C1AE-11ED-B4D4-D4548B693989
1236	7802CC2C-0C66-11EE-B38D-001986002B03
1237	br_scavenger_quest_cache
1238	54F3D67D-4012-5E10-4DEE-4C38AD5D35BB
1239	D27F5AB3-1F09-3AED-63F0-DFBE522996A0
1240	2536.26 1394.17 41.0001
1241	66F3EB7C-7C4B-E037-2176-B3869B9848DE
1242	8ABA7E19-842F-380F-2F1A-F7D837BA09DA
1243	20684C0F-D12E-11EE-95A8-68545AD2D871
1244	0 265 0
1245	-1484 -164 128
1246	9F79F4E4-4E8D-DA82-F0F6-60DE5D9B9E53
1247	418 1778 56
1248	60902F73-C1AC-11ED-B4D4-D4548B693989
1249	0 358.799 0
1250	7AF4A040-8249-11EE-8F8D-B0A460E769BC
1251	02542DE6-A763-A3B6-5DAE-C6B28BF84B7A
1252	left_30
1253	left_70
1254	accessory_icicle_level_64_destr_chunk_05
1255	36F8659F-C913-11ED-B4DD-D4548B693989
1256	-1296 -2524 8.83162
1257	-238 -24 56.3411
1258	FCD463A9-A8B0-BE8B-2F25-C7F088C56109
1259	pfeca881effc8002c7_auto716
1260	7AF4A03D-8249-11EE-8F8D-B0A460E769BC
1261	1014.08 1646.58 40
1262	AC4DA400-AE7D-5A56-FD38-1EFAEDD2831D
1263	DEE437D6-C1AC-11ED-B4D4-D4548B693989
1264	ee_furniture_chair_metal_folding_closed
1265	j_wrist_le
1266	39.694 864.804 49
1267	12B95232-728C-D07B-BB38-84955F8F3B66
1268	76BA6018-D12D-11EE-95A8-68545AD2D871
1269	mp_dd_spawn_attacker
1270	0 103.398 0
1271	-382.345 -3209.76 8
1272	pf4329925e4ce3ec78_auto2108
1273	60902F76-C1AC-11ED-B4D4-D4548B693989
1274	EADE5185-AB34-E3D7-B2B5-DCE7EC11E5EB
1275	AF0417D3-9C1A-11ED-A9EE-68545AD2D871
1276	C88BA793-8248-11EE-8F8D-B0A460E769BC
1277	ECCAC0BF-32A1-B702-A518-1935DF1668C4
1278	-212 858 47
1279	2436.81 1207.79 36.5
1280	28528484-8B18-4BA1-F91C-4137A41A8722
1281	B40A68BE-D150-2B35-1858-8B1EBEE9DF03
1282	pf260bee8f2c3d757d_auto715
1283	41B7B32D-D715-3102-BD7F-6CE2252EF285
1284	35F0DBC9-0C67-11EE-B38D-001986002B03
1285	-286.674 -3518.97 8
1286	DC922C9C-8248-11EE-8F8D-B0A460E769BC
1287	C88BA7AE-8248-11EE-8F8D-B0A460E769BC
1288	2BB5DEA6-8406-6EE2-2978-22A0DBB995ED
1289	mp_cyber_spawn_allies
1290	2FCEA322-3D2E-28EE-920D-B39F75BF750A
1291	-387.256 -3480.08 7.99997
1292	DB0DA9CE-0151-3FC2-C5F2-13D08C807876
1293	com_paintcan
1294	-336.674 -3374.97 8
1295	scriptable_accessory_icicle_level_64_02_destr_chunk_05
1296	E265E23F-C911-11ED-B4DD-D4548B693989
1297	C60460D6-0442-11EE-B4FF-D4548B693989
1298	D01F3B8C-6E26-11EE-9592-68545AD2D871
1299	F41FB2AE-F4F0-CC18-1263-64A9DA2D3314
1300	pf7a237e3fbff8a5e8_auto2108
1301	29D7A515-6E27-11EE-9592-68545AD2D871
1302	9EF876C5-C1AD-11ED-B4D4-D4548B693989
1303	EC54FCB6-8249-11EE-8F8D-B0A460E769BC
1304	7346BAE2-29FA-07EB-A2CA-2C6DED9B0E05
1305	init
1306	E15940AE-690F-D69B-B6EE-45AFBC5843CB
1307	8551B09F-FEE7-24DA-5A01-9E9B2525B8A1
1308	-394.674 -3446.97 8
1309	F8153CA6-D4A7-E188-747F-21DBDA380596
1310	scriptable_un_office_server_rack_large_01_b_blades_dest
1311	6BAE6703-CBCA-9DC5-B825-0D640784EF30
1312	mp_tdm_spawn_secondary
1313	pfc7e2d7cdc4d24bfe_auto2108
1314	0873DCD8-C1AD-11ED-B4D4-D4548B693989
1315	4C4B065F-D5D3-3251-526B-F3553447ABFB
1316	3BDCCCFF-F93A-56A3-3F6C-FE6E59EBAC9F
1317	pf5356bbc35e89a7fa_auto2108
1318	389BAB07-3AB6-D9F3-F31D-E24721FFAF42
1319	6A926BAE-43BC-6E57-CD6B-C8EDAA55A1A9
1320	0 96.0999 0
1321	0022558A-DB1F-CD5C-BE3F-D12AE955DCA1
1322	DF1869A8-B25D-015C-1379-F9674FBB5820
1323	AF0465E3-9C1A-11ED-A9C3-68545AD2D871
1324	827ED12E-0141-11EE-B4FC-D4548B693989
1325	pf22ba611a230360a5_5
1326	0 271.6 0
1327	EA6E5314-6572-6873-9136-799046908E11
1328	056519F6-0AC4-5641-7F3A-7645987075A2
1329	C6281B82-9FC8-E19F-0369-1C89148E17A9
1330	2E1F267B-D12D-11EE-95A8-68545AD2D871
1331	2399.97 1700.81 36.5
1332	0 97.8998 0
1333	162 -2512 23.7848
1334	0 78.9 0
1335	C95694D6-6E23-11EE-9592-68545AD2D871
1336	scriptable_door_industrial_metal_mp_01
1337	-604 -2080 27.7073
1338	-428 -3520 8
1339	pf25c9c938cb3fc40f_auto2108
1340	1413.44 -1516.71 16
1341	1997F1FA-C1AA-11ED-B4D4-D4548B693989
1342	894F32BA-FA46-544E-4FD2-B5DE19EE5DEB
1343	53022FC7-1981-D12A-5864-A644C73F1BB5
1344	382B3DD6-6DC8-7EFF-302D-A5CE3B7E572E
1345	mp_dd_spawn_defender_a
1346	689C7F83-C1AE-11ED-B4D4-D4548B693989
1347	91F4AED8-D13E-E7AF-EE4E-BCC43F3672D0
1348	-1477.56 1104.97 108
1349	6DAE142B-43C6-C402-A4A0-76C536B2ACFB
1350	-1499.84 -1835.29 8.00003
1351	F0D2EB6A-7828-11EE-9595-68545AD2D871
1352	61E3D49B-D12C-11EE-95A8-68545AD2D871
1353	38207C9A-0C66-11EE-B38D-001986002B03
1354	-410 -2782 18.3679
1355	24D81640-8C84-26D5-817B-2AF141D2BDF0
1356	C40B244E-052B-1DA4-9F49-1C4317B46819
1357	0 135.3 0
1358	D5E03711-784A-11EE-95A7-68545A904D17
1359	0EE62B52-D597-7615-20A6-69B4607AA879
1360	6832FF89-D12C-11EE-95A8-68545AD2D871
1361	2C2AAFFE-0443-11EE-B4FF-D4548B693989
1362	912.897 1644.42 40.0001
1363	1038.91 1638.32 47.6565
1364	6F911EBD-530B-746D-37AC-CA2BFCD1C518
1365	1182 -1048 104.229
1366	661C8376-C1AA-11ED-B4D4-D4548B693989
1367	A38FE583-0140-11EE-B4FC-D4548B693989
1368	CC166C3C-C911-11ED-B4DD-D4548B693989
1369	scriptable_accessory_icicle_level_64_02_destr_chunk_03
1370	3F204A43-0C66-11EE-B38D-001986002B03
1371	-912.7 -2497.82 4.5
1372	0339C06B-D12E-11EE-95A8-68545AD2D871
1373	6A4E3184-B633-E15F-0ADB-333227C63D19
1374	0 259.4 0
1375	D8C75CA3-9370-EB7B-A4A8-CF8CB2DB50AA
1376	999.412 1528.53 48
1377	68AEB413-71A0-618C-23D2-EDE5407BA42E
1378	mp_dd_spawn_attacker_a
1379	-483.75 1236.21 104
1380	pf803b5d82bcc0a1cb_auto2108
1381	0 327 0
1382	ED45CBF7-C1AC-11ED-B4D4-D4548B693989
1383	FDD7408D-3508-A6A7-48C0-0AB8D1628BBC
1384	traverse
1385	0 44 0
1386	nav_door
1387	88D2A70F-0F36-FC8A-E818-60F3FD0D6082
1388	-410.674 -3294.97 8
1389	7E364F16-D12E-11EE-95A8-68545AD2D871
1390	-690.17 1155.65 100.736
1391	-362.674 -3278.97 8
1392	-1491.61 -851.373 146.464
1393	1FE97571-3DF6-FD79-C2AE-30DB8078D685
1394	0 268.299 0
1395	0 258.199 0
1396	-449.34 -3209.08 8
1397	AF043ED4-9C1A-11ED-A611-68545AD2D871
1398	0 189.099 0
1399	A328D49C-6E25-11EE-9592-68545AD2D871
1400	F326E370-C3BB-81D5-64D4-AE1F3E0ABF4B
1401	-436.677 1221.36 96.0001
1402	88A8D813-D89D-5451-EA64-14AE5D171E7C
1403	infil_skerries_seat_1
1404	tag_server_a_2_row1
1405	CC166C45-C911-11ED-B4DD-D4548B693989
1406	4653A842-0C67-11EE-B38D-001986002B03
1407	pfa58eae746413b440_auto2108
1408	-704.677 1050.36 96.0001
1409	3FC7D228-D927-AEF3-B102-6AE9B7BADD07
1410	235BDA4B-6E27-11EE-9592-68545AD2D871
1411	0 91.1 0
1412	pf7d3e6ebe0c120d83_auto2108
1413	63B30D13-0442-11EE-B4FF-D4548B693989
1414	-854.73 -2507.06 4
1415	1014.08 1582.58 40
1416	-288 -3109 8
1417	bash_right_90
1418	DC395A25-5083-6F35-CBFB-68564E3ED0A3
1419	0 201.099 0
1420	1034 1639 40
1421	6EED958A-C1AE-11ED-B4D4-D4548B693989
1422	F2BE83D1-8249-11EE-8F8D-B0A460E769BC
1423	1056 1688 40
1424	2547.6 1551.46 45
1425	scriptable_accessory_icicle_level_64_destr_chunk_05
1426	0 81.4998 0
1427	F4603282-67D2-1E3B-EEAE-CC511800886E
1428	jup_infil_blima_step
1429	0 225.888 0
1430	pf9bf55e0329a2bc3e_auto2108
1431	pf9af6b2c796f225e7_auto2108
1432	-260 493 69.2201
1433	-450.674 -3446.97 8
1434	11012259-A094-9D2D-33D0-BE7178B64BE0
1435	0 120.6 0
1436	7621AC8D-A125-150C-AC2A-AEE2DEF70D87
1437	487.537 1587.31 37
1438	DC25EA0E-C911-11ED-B4DD-D4548B693989
1439	accessory_icicle_level_64_02_destr_chunk_04
1440	235BDA64-6E27-11EE-9592-68545AD2D871
1441	C37F46D3-E996-C777-75F9-AB3F5284B2FB
1442	0 338.399 0
1443	81D476E6-AA24-4397-DB88-5CF8B5EB6535
1444	29D7A52E-6E27-11EE-9592-68545AD2D871
1445	976 1640 40
1446	pfea2915a284f34b5b_auto2108
1447	992 1624 40
1448	C000F578-0891-B998-7414-CC6F2D72E13B
1449	BF3C6F6E-782B-11EE-9595-68545AD2D871
1450	0 10.6998 0
1451	ED4E3D1B-C1AD-11ED-B4D4-D4548B693989
1452	0 93.0001 0
1453	C5D87007-092C-4882-6ADD-4ADC64ECDC2E
1454	scriptable_p7_box_cardboard_c_open02
1455	-1442 -1254 136
1456	8138DC06-8249-11EE-8F8D-B0A460E769BC
1457	DD02232C-4753-F661-987B-201D147B90F9
1458	284 -1756 56
1459	AA61D2BD-5372-23DD-BE3A-4FA2D14DFAAC
1460	ECCE213D-35CA-713F-DE6B-C502329603B0
1461	ik_in_end_right_hand
1462	DC8F074D-C652-CB3D-2D2F-6833D3EC1908
1463	left_50
1464	left_90
1465	accessory_icicle_level_64_destr_chunk_01
1466	413.412 889.75 40
1467	A680DF45-9289-32E6-4996-1BC6E421E5FD
1468	-358.51 -2549.7 12.5612
1469	-352 -3348 8
1470	C0BAE5EE-2194-52F0-0EEC-E76E395CF207
1471	1056 1560 40
1472	305F306A-6E27-11EE-9592-68545AD2D871
1473	52A5F967-DFF8-3159-B4E1-2AA864F6054F
1474	phone_sfx
1475	0 200.499 0
1476	tag_server_b_4_row1
1477	0 73.6 0
1478	pf604421056171c8ae_auto716
1479	7F21CFE9-784B-11EE-95A7-68545A904D17
1480	mp_control_spawn_attacker_start
1481	21F82072-64D3-525A-C130-831828B1236A
1482	0873DCE1-C1AD-11ED-B4D4-D4548B693989
1483	-1484 -853.2 148.765
1484	7A5D4194-76E9-28D0-04B6-66363AAFB2D6
1485	448.212 -2070.52 1.25
1486	-891.098 -2937.12 16.3931
1487	0 53.0998 0
1488	0297D46F-CC99-97AE-21A6-E5281BDEBDDD
1489	1059.16 -2040.42 16
1490	56EBEDD2-DC58-3B78-87EE-7B7CA6E7A19E
1491	950.079 1646.58 40
1492	-443.256 -3432.08 7.99997
1493	pf48b6fdedc91552f8_auto716
1494	scriptable_electrical_conduit_set_electrical_box_04
1495	0 87.7002 0
1496	412.537 -1444.31 80
1497	A7C5B95C-2EAA-AA1C-1A32-109994DA97F0
1498	494970D0-FECF-11ED-B4FA-D4548B693989
1499	1157 -238 98.3411
1500	pfca5cf78da461de75_auto4
1501	63DE6039-3EE5-DE03-F17B-84F1B9AEEB58
1502	29D7A506-6E27-11EE-9592-68545AD2D871
1503	D93E5D23-3E85-5F5A-ACC5-86DD32336F62
1504	-182 -1668 64
1505	0 88.9995 0
1506	68A68BC6-14E2-C330-BFBB-6509FA201B47
1507	9482A6F2-2DC9-2FD0-C2D9-1308513B61B8
1508	2FDBBFA7-CA0A-0FAB-0352-FCDCB5273C62
1509	76D6BADD-BC9C-6A32-CC1D-4FE920172C9F
1510	46620E3D-ED21-943F-ED3C-59F39571326E
1511	09278343-60C5-B4A8-F64B-F7A442265664
1512	0 61.2975 0
1513	pfafbcc285f33a8581_auto2108
1514	F00B0D83-87F0-39B2-48B1-007E2B640610
1515	51DA24E4-6272-C6BD-29C7-67863468DEFB
1516	A38B7AA9-B345-831A-2C73-8F60E73A12F5
1517	0 284 0
1518	pf13a7de32dfabb16c_auto2108
1519	235BDA7D-6E27-11EE-9592-68545AD2D871
1520	0 264.8 0
1521	pf7a04fb1a1aaae7ac_auto716
1522	661C839F-C1AA-11ED-B4D4-D4548B693989
1523	29D7A50B-6E27-11EE-9592-68545AD2D871
1524	3C649A31-FE6E-1065-4917-194AB6682233
1525	C8CB8607-0446-11EE-B4FF-D4548B693989
1526	scriptable_container_espresso_cup_02
1527	bink2
1528	16149532-C1AD-11ED-B4D4-D4548B693989
1529	CA4C94B9-2DA3-85CC-EA8E-9C8C2A996775
1530	F2BE83D4-8249-11EE-8F8D-B0A460E769BC
1531	EBEEFD6B-0446-11EE-B4FF-D4548B693989
1532	-565 1200 108.896
1533	EE60B853-38FD-BCD7-0387-9554F2C41AE2
1534	infil_blima_1
1535	pf7a09cfe3b02072ec_auto2108
1536	0 89.7998 0
1537	-451.256 -3312.08 7.99997
1538	CB25EC53-535C-B6D1-2434-F724F5E40DB5
1539	603FED32-61B9-5A28-3B4F-A734E893DA12
1540	B7157B24-324B-680A-DDEF-E29031004032
1541	9EF8768F-C1AD-11ED-B4D4-D4548B693989
1542	61E3D496-D12C-11EE-95A8-68545AD2D871
1543	980 1570 40
1544	9C6BF31A-0446-11EE-B4FF-D4548B693989
1545	-420 -3520 8
1546	scn_infil_skerries_run_rhib
1547	pf113fef93c44f1120_auto2108
1548	1514 1634 40
1549	13DAD185-0443-11EE-B4FF-D4548B693989
1550	-89.17 1202.26 41.0001
1551	2500.19 727.18 38
1552	66279F1B-6E27-11EE-9592-68545AD2D871
1553	off
1554	8A656C34-4F53-98FB-F250-5D3E6F44C02A
1555	jup_infil_shared_movement_post
1556	DBE466E9-A10E-DF0D-11FD-530E6DE94956
1557	-162 1206 60
1558	4686CCF8-F346-EA0E-D683-BADCB716F826
1559	967.26 1383.17 41.0001
1560	4CBAE7E9-F1C5-A098-D0DF-A360C306FDFD
1561	0 126.536 0
1562	992 1688 40
1563	1997F1FD-C1AA-11ED-B4D4-D4548B693989
1564	-388 -3252 8
1565	0 87.4994 0
1566	29D7A529-6E27-11EE-9592-68545AD2D871
1567	8B40FDDE-7FE9-7F61-D70D-2BB436E3F2F1
1568	75FACD6A-0141-11EE-B4FC-D4548B693989
1569	jup_infil_blima_rope_fall_left
1570	9EF87692-C1AD-11ED-B4D4-D4548B693989
1571	B8F5D1B2-C0FA-9AA4-965E-D7189961412C
1572	25AB1E12-D7E6-1735-5A7E-44BDCACF0BD7
1573	976.897 1564.42 40.0001
1574	rust::vfx_accessory_wind_sock_anim_01
1575	-389.83 -3249.66 20
1576	19E05BB1-C913-11ED-B4DD-D4548B693989
1577	6EED9590-C1AE-11ED-B4D4-D4548B693989
1578	1427.26 1712.17 41.0001
1579	-1396 -1566 50.812
1580	-1502 -1016 128
1581	A38FE59C-0140-11EE-B4FC-D4548B693989
1582	5D39BC0F-0442-11EE-B4FF-D4548B693989
1583	444.83 1713.26 41.0001
1584	0 259.5 0
1585	31B37E46-784A-11EE-95A7-68545A904D17
1586	1CE142C6-6E27-11EE-9592-68545AD2D871
1587	-326.82 -3444.79 7.99994
1588	scriptable_hardpoint_chevron
1589	bink3
1590	29D7A53D-6E27-11EE-9592-68545AD2D871
1591	65823348-1C74-CAC4-B931-35E82F1EF7B1
1592	1334FD8E-3BE4-2669-8151-13856CDAE573
1593	3FE6F00A-639F-ABCB-2AA5-62ED930C19E2
1594	EC54FCB3-8249-11EE-8F8D-B0A460E769BC
1595	F0B1C7B5-C912-11ED-B4DD-D4548B693989
1596	3240EBA2-3592-B43F-BC9B-77FD0E1EB14F
1597	-194 1201 56.3411
1598	CBADE218-E893-6222-CE63-2A3282A69B3F
1599	525.367 1665.77 41
1600	410.301 -1435.46 80
1601	6BBA7BB7-8E7D-5405-E5DF-F83F2133BA4A
1602	EB91EA2E-59F4-0400-92BB-7BFD66CDDDE9
1603	69EEAC94-0442-11EE-B4FF-D4548B693989
1604	8138DC0F-8249-11EE-8F8D-B0A460E769BC
1605	0 281.099 0
1606	1032 1640 40
1607	FCAF91CF-6E25-11EE-9592-68545AD2D871
1608	789E7908-35C9-4299-C9C3-754707B5DBD3
1609	-342 -3252 8
1610	un_office_desk_phone_01
1611	E6122FF8-B616-AB80-8F8F-BC982EFBCB4E
1612	0 246.599 0
1613	0 74.2 0
1614	7802CC16-0C66-11EE-B38D-001986002B03
1615	B0D3A069-6E25-11EE-9592-68545AD2D871
1616	532 -2518 22.6927
1617	5D9D19E5-0446-11EE-B4FF-D4548B693989
1618	3F4F7312-F3DA-C611-7417-83D0C4E72B05
1619	-1293.36 -802.422 126.875
1620	1036 1642 40
1621	104B57CA-6310-5AE8-9D49-3748550F2157
1622	2DB92E3D-8278-EBC2-A27B-B281C47036BC
1623	jump_up_80
1624	jump_up_40
1625	construction_building_wooden_palette_01
1626	F572528D-FEF2-11ED-B4FA-D4548B693989
1627	pfd4ecfa3b2d71b86e_auto716
1628	E265E273-C911-11ED-B4DD-D4548B693989
1629	pf77c669d63b1c0305_auto4
1630	mp_rugby_spawn_axis
1631	A6379C14-71E3-5267-C12D-9538A154E293
1632	scriptable_door_industrial_metal_mp_03_teal
1633	scriptable_accessory_icicle_level_64_destr_chunk_01
1634	FE4A4FC4-9CB8-F097-7C7C-22C909A49A53
1635	-238 1106 59.0159
1636	9EF876CB-C1AD-11ED-B4D4-D4548B693989
1637	-405.01 -3448.7 16
1638	0 125.999 0
1639	8D145964-4D39-5B2B-B2DD-37F08F60433E
1640	75D31A31-3C72-EA3E-F5EE-DF80CDEDC133
1641	420.85 719.19 57.4683
1642	18EE9576-F5D0-D9DA-E2D6-4D97912E45AD
1643	ED4E3D41-C1AD-11ED-B4D4-D4548B693989
1644	0 87.3977 0
1645	-614 888 104
1646	1175.27 -1060.1 92
1647	-1465.94 -1810.2 8
1648	364961E2-782C-11EE-9595-68545AD2D871
1649	8F5108E9-3A2A-FE9A-832B-86BE7EA2FA5F
1650	C88BA7AB-8248-11EE-8F8D-B0A460E769BC
1651	pf1ddf920925bfe786_auto2108
1652	2FB0A4E4-80F1-FBAA-CC64-91621DB56C27
1653	BC5A5F37-C29D-3AC2-A544-5F85D4D4D6E7
1654	3C1B6E23-954C-D961-587B-11576588C795
1655	misc_tools_hammer_01
1656	0 195 0
1657	0 100.2 0
1658	6832FF84-D12C-11EE-95A8-68545AD2D871
1659	0 262.9 0
1660	A61ED92E-782B-11EE-9595-68545AD2D871
1661	8C8E226D-20F1-3D52-8307-30DC851A9C3B
1662	9EF87683-C1AD-11ED-B4D4-D4548B693989
1663	C88BA7A8-8248-11EE-8F8D-B0A460E769BC
1664	4D7751AA-D12D-11EE-95A8-68545AD2D871
1665	1069.8 1630.87 39
1666	661C8399-C1AA-11ED-B4D4-D4548B693989
1667	pf6d697e62246c5ce2_auto716
1668	AF0465EF-9C1A-11ED-A8C6-68545AD2D871
1669	pfe37f9e109fb069f4_auto2108
1670	0 348 0
1671	717519F2-0C66-11EE-B38D-001986002B03
1672	pf3baeedc1107075a4_auto716
1673	-1496 584 144
1674	83B229FF-50C6-9CDF-DFEF-64D16B622231
1675	7ACB41A7-B3EF-6D8D-68B7-8DE265067E01
1676	978 1711 40
1677	pf22ba611a230360a5_3
1678	-796.231 -2963.56 16
1679	pf7a7cf1c1b8be8694_auto2108
1680	80999DD5-A23F-DD96-B5E0-9AA67D9F3CC5
1681	29D7A533-6E27-11EE-9592-68545AD2D871
1682	ED4E3D44-C1AD-11ED-B4D4-D4548B693989
1683	pf76a8d35106197304_auto2108
1684	D23EE56B-C911-11ED-B4DD-D4548B693989
1685	1CE142F8-6E27-11EE-9592-68545AD2D871
1686	FADA8A71-C912-11ED-B4DD-D4548B693989
1687	88CFE453-D82F-891B-7251-27CB486DB2B7
1688	D118B5FF-7384-4838-6810-B4CC7D072BD3
1689	6121AC33-D12E-11EE-95A8-68545AD2D871
1690	2FB95A39-08CC-3B35-A294-6AD2C2DA041B
1691	-272 -3444 8
1692	6C7AA97D-6E27-11EE-9592-68545AD2D871
1693	scriptable_p7_box_cardboard_a_open01
1694	C2222EF5-0446-11EE-B4FF-D4548B693989
1695	5FAC5A0C-C1AA-11ED-B4D4-D4548B693989
1696	-315.34 -3441.08 8
1697	mp_rugby_spawn_allies
1698	9EF876CE-C1AD-11ED-B4D4-D4548B693989
1699	65D9DA8C-CC60-7FCC-C458-37DEB3AC04E6
1700	1409.22 1788.39 36.5
1701	235BDA5F-6E27-11EE-9592-68545AD2D871
1702	mp_ctf_spawn_axis_start
1703	FF9EC2F0-C1AD-11ED-B4D4-D4548B693989
1704	89988147-0149-11EE-B4FC-D4548B693989
1705	jup_infil_blima_rope_kick_left
1706	8138DBFD-8249-11EE-8F8D-B0A460E769BC
1707	pf64cb8346edf40543_auto715
1708	pfaaca4380e217a8aa_auto2108
1709	mp_xfire_spawn_team_three_start
1710	C96480A7-0071-862A-FFDA-E20E0E52C7F4
1711	1014.08 1718.58 40
1712	BCD5CACB-2A81-09E2-B843-97173CDC4D43
1713	1032.9 1564.42 40.0001
1714	0 248.6 0
1715	scriptable_accessory_icicle_level_64_02_destr_chunk_01
1716	1046 1714 40
1717	-451.256 -3232.08 8.99997
1718	-1480.7 -1811.82 4.5
1719	8138DC09-8249-11EE-8F8D-B0A460E769BC
1720	3F204A69-0C66-11EE-B38D-001986002B03
1721	7516C2AA-C1AE-11ED-B4D4-D4548B693989
1722	08012088-14E6-64C0-C507-34F4D3E683B3
1723	723.93 -1675.26 24
1724	0 271 0
1725	977 1567 40
1726	-307 -3155 8
1727	fingers_out_end_right_hand
1728	1237 558 16
1729	BC39249E-6E24-11EE-9592-68545AD2D871
1730	infil_blima_5
1731	3F204A4C-0C66-11EE-B38D-001986002B03
1732	pf4345cb3220c9df03_auto2108
1733	0 335.199 0
1734	166 -2464 22.4602
1735	DED71C77-6C04-3F81-F3B9-7FCC8CF00F3E
1736	3F5D8F9A-54D7-128B-D0EA-AB15588EF4B5
1737	mp_sd_spawn_attacker
1738	993.75 -67.7675 56
1739	E6652FD2-7A6E-A85B-9CFC-04BC85AD0A8C
1740	6A8CA1E6-BE92-11ED-B4D2-D4548B693989
1741	7802CC21-0C66-11EE-B38D-001986002B03
1742	0 274.8 0
1743	pfdd9ac603bb9af7fa_auto2108
1744	DC922C87-8248-11EE-8F8D-B0A460E769BC
1745	9DAF30BA-5EF1-094B-BFF5-B177B5685E57
1746	-360 -3520 8
1747	pf891d04fc59e29add_auto2108
1748	5A2E34AD-C1AC-11ED-B4D4-D4548B693989
1749	9EF8768C-C1AD-11ED-B4D4-D4548B693989
1750	pfc9a67cfdd08fbb1b_auto715
1751	standby
1752	0 279.9 0
1753	-874.147 -2849.32 8
1754	273.248 1057.21 34
1755	912.897 1564.42 40.0001
1756	pf3e0a3865d89f6d68_auto715
1757	0 168 0
1758	11969DB3-C1AA-11ED-B4D4-D4548B693989
1759	mp_xfire_spawn_axis_start
1760	pf5d5aa20aa3aa2ef8_auto2108
1761	4BAA8162-CDCA-AB2C-0CFE-3F95C827D3DE
1762	792D834F-6E25-11EE-9592-68545AD2D871
1763	playerasm_patch_mp_infil_skerries
1764	0 240.1 0
1765	9BF18637-A157-2F68-FA06-5E41BAA3E9E1
1766	22EF3A9D-5A47-66F7-12AB-7E38E4D2342D
1767	base
1768	jump_down_160
1769	-230 844 41
1770	scriptable_decor_smuggler_notebook_01_open
1771	29D7A538-6E27-11EE-9592-68545AD2D871
1772	pf2f7b968a5003a63a_auto2108
1773	ik_in_start_left_hand
1774	1393CBF4-F4C6-BF17-DC9D-677CC87585E9
1775	E7C67E56-C18C-11ED-B4D4-D4548B693989
1776	1021.93 -1457.26 96
1777	allies_endzone_vis
1778	1187E732-42D1-D59D-F4F5-5AC81645A1E7
1779	pfec17701e896d890e_auto2108
1780	2542 1342 40
1781	A7046160-F347-90E0-07F2-4BD859A38FA0
1782	0 207 0
1783	61E3D4B4-D12C-11EE-95A8-68545AD2D871
1784	pf828bb0bc367b8a28_auto2108
1785	A80E32B1-823E-48EC-F3A3-A06122102340
1786	jup_infil_shared_movement_run_post
1787	860 1714 40
1788	856.897 1644.42 40.0001
1789	FF9EC2F3-C1AD-11ED-B4D4-D4548B693989
1790	1997F203-C1AA-11ED-B4D4-D4548B693989
1791	0EB98E77-0141-11EE-B4FC-D4548B693989
1792	235BDA82-6E27-11EE-9592-68545AD2D871
1793	0 84.3996 0
1794	-704 850 112
1795	EFD67E8B-A1C6-1C7B-4178-336FF8FD9692
1796	883D9508-F813-0204-2325-47096B23DECA
1797	pfeca881effc8002c7_auto715
1798	92D8437E-680E-F288-11E1-B15FCC73C328
1799	-1281.51 -2506.33 8
1800	1157.05 -1620.71 3.99988
1801	56703753-7844-11EE-95A7-68545A904D17
1802	pf22ba611a230360a5_4
1803	680.223 -1679.7 10
1804	639B7642-3099-F86A-6F6F-410CBF3F4A4F
1805	1843 -816 16
1806	892.39 1722.73 48
1807	7BFE3EE6-F9E8-A862-0E79-AA4B946D4515
1808	DD579AEC-F9B2-8A2A-EAB8-206446516561
1809	0 265.699 0
1810	scriptable_accessory_fire_sprinkler_ceiling_vintage
1811	BAF91AF5-8CDD-ACC5-E11E-5AC76FD3327B
1812	1890.26 1738.17 41.0001
1813	45AB7939-B7C3-A6A5-BBC5-81DD9CAD88AF
1814	D3FC9B4E-D36B-3991-75AF-0954DABD5E8F
1815	0 54.3997 0
1816	1282.18 -78.4623 231
1817	F35CA8A4-C1AC-11ED-B4D4-D4548B693989
1818	98A479C9-9B01-20E7-C8F4-A13F0169AF04
1819	1A5F8907-834D-89FE-6736-69A18E225C61
1820	2E9D5741-C188-11ED-B4D4-D4548B693989
1821	mp_rugby_spawn_allies_start
1822	873.93 -66.9558 58
1823	D8DB6E6D-C1AC-11ED-B4D4-D4548B693989
1824	1041.83 526.66 34
1825	-564.62 -2964.63 12.0001
1826	j_rope_1
1827	F2BE83C8-8249-11EE-8F8D-B0A460E769BC
1828	C88BA796-8248-11EE-8F8D-B0A460E769BC
1829	943.252 1550.52 46
1830	32DB7121-D90A-1B14-0A68-8FE3931D3707
1831	33F58815-0077-11EE-B4FA-D4548B693989
1832	1997F21D-C1AA-11ED-B4D4-D4548B693989
1833	60902F79-C1AC-11ED-B4D4-D4548B693989
1834	-323 -3248 8
1835	unlocked
1836	pf64cb8346edf40543_auto716
1837	pf9df90447673634f4_auto2108
1838	0 183.3 0
1839	1163.93 -1637.26 24
1840	pf704cbe7ca2f49753_auto2108
1841	scriptable_accessory_icicle_level_64_02_destr_chunk_02
1842	66279F43-6E27-11EE-9592-68545AD2D871
1843	CC166C09-C911-11ED-B4DD-D4548B693989
1844	0 266.9 0
1845	484449EB-8B60-6A42-9597-6B55A95A1F58
1846	DC25E9F9-C911-11ED-B4DD-D4548B693989
1847	9EF87689-C1AD-11ED-B4D4-D4548B693989
1848	scriptable_door_wooden_hollow_mp_01
1849	235BDA55-6E27-11EE-9592-68545AD2D871
1850	D105F26E-6E23-11EE-9592-68545AD2D871
1851	0 278 0
1852	0 212.901 0
1853	66CBAC1E-E548-FA44-B3D4-5D932D76043A
1854	0 23.7988 0
1855	9EF876C8-C1AD-11ED-B4D4-D4548B693989
1856	74B54C1F-071A-45A9-DCFD-606CB06F27F6
1857	305F3079-6E27-11EE-9592-68545AD2D871
1858	CFC67DD4-C18D-11ED-B4D4-D4548B693989
1859	48A4514B-4541-2F75-9100-D2792874DA97
1860	tool_pipe_wrench_01
1861	pfd2752d94b0c18fa9_auto4
1862	C0436581-DFB0-5023-AB81-15B837232C93
1863	953.505 1606.55 37
1864	009432E8-7829-11EE-9595-68545AD2D871
1865	11A99A94-65DA-5C63-1FE3-4C6275719A6D
1866	-496 912 97
1867	pfaf991fd1f1ad4b24_auto2108
1868	bash_left_90
1869	89891BB5-AF14-E504-0E9C-3FFC56034841
1870	15B9AE1E-BE56-CFB7-EAD8-4410DCA72182
1871	pfaa3a3fd13f627d1f_auto2108
1872	ik_in_start_right_hand
1873	F61956CB-D60F-7086-CCB7-3ACDFA0072F7
1874	3BEB062F-BA2F-C125-EA64-42922FA49AC5
1875	pf7dcbb47a176f7775_auto716
1876	-1277.69 -2396.71 8
1877	35B5AD0B-2CA1-65AD-28B2-A4771251055C
1878	0 39.3977 0
1879	fingers_in_end_left_hand
1880	pf4f68d2826913a1a9_auto2108
1881	ws_safe_offscreen
1882	pff961ab13f77dae27_auto4
1883	-105.61 1216.73 48
1884	scn_infil_skerries_walk
1885	0 33.8998 0
1886	-250 493 75.5205
1887	0 250.5 0
1888	tag_geo_frag_a_004
1889	2FFFE660-D4DE-95AF-499D-9C67E714A9BA
1890	2B16D276-4739-2960-418B-61F0E217886A
1891	E149BAD8-EB2F-8887-985D-3C3265AC40B6
1892	DA4C569D-7828-11EE-9595-68545AD2D871
1893	B01F1CDC-D12E-11EE-95A8-68545AD2D871
1894	C923B347-FEF7-11ED-B4FA-D4548B693989
1895	misc_keyboard_black_01
1896	43EA11A1-4B2F-8C30-57A5-9A671BD25E18
1897	scriptable_un_office_computer_monitor_02
1898	2E9D5724-C188-11ED-B4D4-D4548B693989
1899	fov_63_2
1900	F65D04E8-705C-1FCF-3793-31852525A1AE
1901	ED4E3D2B-C1AD-11ED-B4D4-D4548B693989
1902	-749.855 -1713.44 64
1903	29AC4378-5E67-46B0-8AAC-A3FF8A529F99
1904	0D264602-7820-11EE-9595-68545AD2D871
1905	E7C67E6F-C18C-11ED-B4D4-D4548B693989
1906	body
1907	2509 720 40.3411
1908	7F878C75-0447-F504-6E2C-5EFFABD3DA8D
1909	1237.3 391.3 24
1910	-834 698 139.354
1911	hardpoint_vis_03
1912	913 1562 40.1349
1913	95E81897-D82C-DEE8-5056-A80461C0C4D5
1914	0 271.099 0
1915	-232 1108 57.1519
1916	-1272.83 -2538.66 16
1917	157E9AF5-CACA-8389-518F-3AC2A6699CCA
1918	71DB0CD5-4179-78F2-225D-FB64F0390102
1919	1944 1746 40
1920	D2FDC1E7-7C6F-1992-477A-15194E9A2D72
1921	340CA547-7D5D-DAD0-BED4-188A877BA97F
1922	350AD293-AC7E-42FE-E9FA-3B315055000E
1923	6EF36ACF-0141-11EE-B4FC-D4548B693989
1924	CC166C42-C911-11ED-B4DD-D4548B693989
1925	tag_server_b_lights_2_row1
1926	872 1624 40
1927	-1108 -1726 24
1928	38A852AB-C1AC-11ED-B4D4-D4548B693989
1929	6C7AA987-6E27-11EE-9592-68545AD2D871
1930	-1226 -1928 232
1931	pfe47a07a276f3da56_auto2108
1932	9B350185-D12D-11EE-95A8-68545AD2D871
1933	0 178.499 0
1934	7094EBFF-CDA4-3613-8408-2443E945E6BE
1935	-327.07 -3218.7 8
1936	6E7DEFEA-4EA4-6E42-3479-7EA4D6A462EE
1937	9EF876B3-C1AD-11ED-B4D4-D4548B693989
1938	717519FD-0C66-11EE-B38D-001986002B03
1939	infil_skerries_seat_3
1940	EF4E8B87-F8C7-76AB-E113-E919FEF74675
1941	5311E170-6E25-11EE-9592-68545AD2D871
1942	F2BE83D7-8249-11EE-8F8D-B0A460E769BC
1943	0 79.5 0
1944	916 1570 40
1945	pfad9fbbac8bc63363_auto2108
1946	85440886-782B-11EE-9595-68545AD2D871
1947	-462.71 -3417.8 8
1948	494970BE-FECF-11ED-B4FA-D4548B693989
1949	722.49 -2493.33 8
1950	ee_book_office_folder_02
1951	0 56.6994 0
1952	5A2E34A0-C1AC-11ED-B4D4-D4548B693989
1953	860 1642 40
1954	pf2f6d2ff8c487478a_auto2108
1955	FF9EC2ED-C1AD-11ED-B4D4-D4548B693989
1956	pfec6f7504f94a0efa_auto2108
1957	0 35.3 0
1958	C5AFC46E-0141-11EE-B4FC-D4548B693989
1959	accessory_icicle_level_64_02_destr_chunk_06
1960	FE240FB9-32CE-A653-C772-C5168A285B30
1961	-387.256 -3360.08 7.99997
1962	jup_infil_blima_player_grab
1963	pf94fb5b5c52bb46cd_auto2108
1964	0 4.8999 0
1965	7.06006 -2264.73 2.5
1966	BE72EAB6-8678-E902-9866-77A75F939A48
1967	7AF4A037-8249-11EE-8F8D-B0A460E769BC
1968	122 1205 48
1969	E932D3A4-FEF2-11ED-B4FA-D4548B693989
1970	-926.495 -2942.66 17.0337
1971	60957E28-5E74-79A2-66C5-83C5D8FA7547
1972	jup_infil_blima_rope_crank_left
1973	scriptable_computer_server_rack_unit_04
1974	0 180 0
1975	A26B95C2-14DA-F2A0-E66B-5BC9D37D10D1
1976	1C4CE95E-DE0A-5DB7-D231-5C01A7A410DE
1977	3C8CE1FE-45B8-189A-D231-5BE0F6DA8A12
1978	pf5dae89bdccd1ba75_auto2108
1979	-1422.7 -2105.82 4.5
1980	1EEB890D-B68D-E7E6-309C-1C9581B8D055
1981	0EC96345-784A-11EE-95A7-68545A904D17
1982	0 252.899 0
1983	-1468.8 1162 120
1984	BEF9FFDB-B734-8F98-D106-22F246562361
1985	107.042 1184.97 32
1986	mp_koth_spawn_axis_start
1987	pf49d7c8e23243b1ba_auto715
1988	1714 -2465 8
1989	1681 1623 56
1990	AAAD4974-C18D-11ED-B4D4-D4548B693989
1991	29D7A51F-6E27-11EE-9592-68545AD2D871
1992	AD6FDD29-3CCC-603C-76E4-16F1A80F4226
1993	0 261 0
1994	pf9ce10e7a010fa797_auto2108
1995	pf39aac8d7d4aea431_auto4
1996	pff98b2035be552dea_auto2108
1997	63B23F8F-0446-11EE-B4FF-D4548B693989
1998	scriptable_construction_building_wooden_palette_01
1999	CFC67DC3-C18D-11ED-B4D4-D4548B693989
2000	58C2DC86-D12E-11EE-95A8-68545AD2D871
2001	accessory_icicle_level_64_destr_chunk_03
2002	1037.34 2.82996 51.5
2003	EF72B941-53EC-041E-494B-2F1DF49423B5
2004	F7001807-E355-D22E-4C7C-4FE102561709
2005	BE0F782B-DA0B-B2FC-9056-9D886C73F0DA
2006	BA98F062-386B-A6C1-A630-233CCEF4228F
2007	24D71015-7BD3-8D2C-4267-4A2EA89F4C6B
2008	71751A08-0C66-11EE-B38D-001986002B03
2009	EDE64FD7-E9E3-DCAD-A1F7-B1E39317D8D4
2010	42E8AFC2-C1AC-11ED-B4D4-D4548B693989
2011	mp_tdm_spawn
2012	scriptable_un_office_desk_phone_01
2013	69A6B3CB-7B89-720A-17E9-33BAEF6E2FE5
2014	4D5359ED-5598-624A-F0CE-942E1936259A
2015	277.27 -1743.06 64
2016	-387.855 -2579.44 18.6418
2017	AF043ED2-9C1A-11ED-BFCC-68545AD2D871
2018	0 78.5999 0
2019	pf4cb2b5b6cf564738_auto2108
2020	-422 -3316 8
2021	pfb2234645ec5f2427_auto2108
2022	-341.83 -3779.35 17.6796
2023	-384 -3384 8
2024	959.734 -1772.93 2
2025	494970C4-FECF-11ED-B4FA-D4548B693989
2026	B5FD51FB-1C0F-773D-EB3D-A29796A4B8C3
2027	-1096.7 -1721.82 4.5
2028	0 70.3977 0
2029	1
2030	79AA7494-7DA3-A252-ED63-2A6566ADE04D
2031	977 1647 40
2032	-892.83 -2928.35 17.6796
2033	CA8C62FE-0DAD-9A46-7C24-7A54BAE6BC97
2034	9E6C3A3C-4D03-EF53-A556-B1E390755E7B
2035	66279F16-6E27-11EE-9592-68545AD2D871
2036	937.605 1799.46 32
2037	043115BC-0443-11EE-B4FF-D4548B693989
2038	0 88.6995 0
2039	95CB3D11-0442-11EE-B4FF-D4548B693989
2040	F5E3E11B-4513-C3CC-7EF8-B2BB19A3EB9B
2041	42E8AFC8-C1AC-11ED-B4D4-D4548B693989
2042	991EF497-6E24-11EE-9592-68545AD2D871
2043	accessory_fire_sprinkler_ceiling_vintage
2044	693FB012-BDF9-3B65-9704-4F015FA9B88E
2045	1032.29 -2070.59 8
2046	-415.625 1059.72 100
2047	819.05 -1938.71 0
2048	-1306.15 -2489.32 16
2049	C3D4C10C-8C1C-2404-744E-068D37420D85
2050	6ADC2CEA-6E25-11EE-9592-68545AD2D871
2051	D8946BC4-0140-11EE-B4FC-D4548B693989
2052	-353.014 -3270.98 8
2053	1648.43 1637.53 48
2054	-893 -2935 13.5083
2055	0 277.698 0
2056	42E8AFE8-C1AC-11ED-B4D4-D4548B693989
2057	hardpoint_vis_02
2058	1033 1647 40
2059	7516C2AD-C1AE-11ED-B4D4-D4548B693989
2060	0 277.298 0
2061	E88FEE93-D411-6D24-5BEF-29939AD3620B
2062	scavenger_open
2063	0 236 0
2064	4EE4A804-877D-7651-9E7B-FAF2B24BE1E4
2065	base_scripted_anim_slot
2066	2E4FD8C9-3BFE-126F-231B-B9412DA02F4D
2067	AA1C1CCA-7828-11EE-9595-68545AD2D871
2068	514 -2472 21.315
2069	un_office_paper_stack_01
2070	2569 1350 40.3411
2071	free_look
2072	pf8e68553c0b2ce677_auto2108
2073	CFC67DED-C18D-11ED-B4D4-D4548B693989
2074	tag_server_a_3_row1
2075	screen
2076	B886D7D0-EA3B-4EDA-63DD-975A4DE2244D
2077	E7C67E75-C18C-11ED-B4D4-D4548B693989
2078	311487A1-30F6-9A99-4F44-8C454867205E
2079	pf14d507dcd1fa596e_auto2108
2080	F5FABF4B-A750-5116-07AF-A522B4B45399
2081	-849.51 -2474.33 8
2082	6B643363-0C66-11EE-B38D-001986002B03
2083	un_office_storage_box_01_russian
2084	976.897 1716.42 40.0001
2085	CF8E488C-0446-11EE-B4FF-D4548B693989
2086	scriptable_accessory_icicle_level_64_destr_chunk_04
2087	0ED6D425-85E8-C9C5-32B1-951B2E4CD1AC
2088	897.58 -2104.28 16.5542
2089	pfca43d4a8ed12135d_auto2108
2090	870.079 1582.58 40
2091	accessory_icicle_level_64_02_destr_chunk_05
2092	-878 284 200
2093	pf4209e02723ad21b5_auto2108
2094	pf867f4f82b062c09_auto2108
2095	-1302.86 -324.547 126.875
2096	facial
2097	432.28 1704.5 40
2098	ws_safe
2099	494970C1-FECF-11ED-B4FA-D4548B693989
2100	9C2CA282-A997-B214-354F-99DC8866D549
2101	3362E962-9C1E-60A5-4B68-EBD85FA34631
2102	3E7F3F89-0446-11EE-B4FF-D4548B693989
2103	BDE411E2-B8B0-B45A-E4F7-345084BBF347
2104	pf71ead8f619868078_auto2108
2105	-294 -3604 8
2106	8138DC0C-8249-11EE-8F8D-B0A460E769BC
2107	pf957de03dd148c477_auto715
2108	71B64A6E-782B-11EE-9595-68545AD2D871
2109	42E8AFE5-C1AC-11ED-B4D4-D4548B693989
2110	BC04B703-0440-11EE-B4FF-D4548B693989
2111	pf49d7c8e23243b1ba_auto716
2112	ik_out_start_left_hand
2113	0 217.2 0
2114	8175594C-26A2-CE6E-638E-779EB6103930
2115	C8A3234C-8B39-CE71-1F3C-A1E9F736852E
2116	B5E04ED7-784A-11EE-95A7-68545A904D17
2117	565F06BD-1CC3-FCD2-EBDD-AA8E5BBBFDFF
2118	2D1A04A7-7820-11EE-9595-68545AD2D871
2119	1317.22 1504.39 36.5
2120	pf2475be918b8962b5_auto2108
2121	mp_tdm_spawn_axis_start
2122	C8191145-6914-1CFD-C556-AEF1BC049B0F
2123	925.773 1685.73 40
2124	-484.34 -2968.83 6.7425
2125	CB1E0BDE-69AB-B3F9-FB1F-5F07C7C6DB78
2126	C34328D2-D2F3-8258-CA39-0CB2E16D7688
2127	530.145 -2511.44 14
2128	0 206.199 0
2129	0 93.9994 0
2130	pfc325aa97e43fe09a_auto2108
2131	BA403DF9-5628-C85C-7635-E7AB192D6A50
2132	C7F1E125-06D1-7EF5-C6E4-EA1D649FB16F
2133	870450C7-27C4-103D-CF02-5DC3861348E4
2134	0 305.199 0
2135	scriptable_ee_book_office_folder_pile_01
2136	0 148.899 0
2137	pfbf0daf0d0453486_auto716
2138	494970D9-FECF-11ED-B4FA-D4548B693989
2139	36A38B46-4DA0-47C3-8675-65A582BB94A3
2140	D8ED58E7-8F80-235A-DFBD-54718FA5C55B
2141	933.198 1741.38 40
2142	D0475D7F-6E25-11EE-9592-68545AD2D871
2143	E65E2362-1323-F5EA-4EE0-15F5C3D823F1
2144	380498B2-1D41-1157-13AF-606AC81C36BC
2145	278 -1742 56
2146	912 1608 40
2147	34BEDF98-210E-EB91-B88A-D692D7C43B8B
2148	B0039816-EA0A-C07C-D0BD-9C9155270593
2149	-334 -2650 18.3679
2150	scriptable_ee_book_office_folder_02
2151	9EF876A4-C1AD-11ED-B4D4-D4548B693989
2152	EC54FCC2-8249-11EE-8F8D-B0A460E769BC
2153	EB09791E-ADF2-7CDD-0AB4-FEBE83E910C8
2154	52612CFF-69E5-7E0F-D6AE-EBD38077704D
2155	A8C1FEC6-7CC1-975B-A29B-B84E42BB55EE
2156	pf7a04fb1a1aaae7ac_auto715
2157	-387.256 -3256.08 7.99997
2158	305F307E-6E27-11EE-9592-68545AD2D871
2159	CBA8D5ED-30E2-3F8A-FE59-51AE50B4CFBF
2160	2866A443-D2FC-CFB0-09FE-595504AB5289
2161	C2B7611F-FEF7-11ED-B4FA-D4548B693989
2162	E265E22F-C911-11ED-B4DD-D4548B693989
2163	957ABC9A-782B-11EE-9595-68545AD2D871
2164	111E40A2-9EC8-FA90-48BF-14C397CFF335
2165	pf9260abc4237a5eee_auto2108
2166	pf8e6d5c4ae2c90d7_auto2108
2167	026BF6A9-781F-11EE-9595-68545AD2D871
2168	F55A3BD4-6CAB-77A2-A875-F466A4764DDC
2169	infil_blima_2
2170	scriptable_desktop_fan_fn_01
2171	C2222F0C-0446-11EE-B4FF-D4548B693989
2172	C665E590-E54F-DFCF-973F-15D484734754
2173	pf95e42b5350429f7e_auto4
2174	841D78D3-0CA1-CF90-B7A1-D9ACEBCF1C83
2175	DC922C9F-8248-11EE-8F8D-B0A460E769BC
2176	494970DC-FECF-11ED-B4FA-D4548B693989
2177	305F306F-6E27-11EE-9592-68545AD2D871
2178	AFB74332-0140-11EE-B4FC-D4548B693989
2179	scriptable_com_trafficcone01
2180	305F3060-6E27-11EE-9592-68545AD2D871
2181	CFF908FD-7845-11EE-95A7-68545A904D17
2182	80792D1C-E9C1-EA89-1B31-1CC6D15E4857
2183	451.1 1650.7 55.0956
2184	689C7F76-C1AE-11ED-B4D4-D4548B693989
2185	635A23BD-8903-2CEA-F39F-7ECDBB8D805A
2186	DD56F6C8-5320-DAE3-F39D-7128B427AEDD
2187	-334 -3368 8
2188	-1456.7 -1219.82 124.5
2189	B53D28A6-D68C-29DA-4698-7345F98664B3
2190	-245 -58 60
2191	1094.08 1718.58 40
2192	97E33F68-25BB-003A-EAF0-40812ACBAD86
2193	243C7160-BD74-5B83-B947-2F77D873D2E4
2194	pfd69adfbdf80bdc33_auto2108
2195	-326.83 -3768.66 4
2196	0 0 0
2197	pfcc973f6ea345b93a_auto716
2198	0 93.398 0
2199	154 1214 40
2200	EC54FCBF-8249-11EE-8F8D-B0A460E769BC
2201	0 113.999 0
2202	pfc9a67cfdd08fbb1b_auto716
2203	jup_infil_blima_rope_fall_right
2204	F07FA479-CCD4-7373-245F-0641F7B41C12
2205	-370.674 -3518.97 8
2206	pf3e0a3865d89f6d68_auto716
2207	18CDDE3A-29EB-D344-ADF6-743A467FE194
2208	0 153.199 0
2209	D8DB6E6A-C1AC-11ED-B4D4-D4548B693989
2210	pf8f6e0be1b378f0ac_auto2108
2211	pff98fc44ce3bdb17f_auto2108
2212	ED45CBF1-C1AC-11ED-B4D4-D4548B693989
2213	0 188.3 0
2214	ED4E3D28-C1AD-11ED-B4D4-D4548B693989
2215	1976.65 1198.89 36.5
2216	F2B10559-5BD4-049F-A407-63F8A8F8918B
2217	-408.66 -3497.17 12.6286
2218	CB8C7A9F-C784-6E44-17A7-56613A96FE26
2219	2504 713 37
2220	E1D8CC87-E2A4-4730-1B92-923F04492543
2221	ACE07DD3-70C9-0B54-86BE-73D95231A863
2222	8D99C552-F6F9-8C15-C5EF-6B8731E493AA
2223	AAAD4993-C18D-11ED-B4D4-D4548B693989
2224	-157.61 888.73 49
2225	981D4095-B900-3AFD-63CB-4955A1DA42BC
2226	C5784B47-ABAA-8D57-2D3E-DDD1EA0D9667
2227	235BDA50-6E27-11EE-9592-68545AD2D871
2228	-347 -3421 8
2229	35F0DB9E-0C67-11EE-B38D-001986002B03
2230	7802CC0B-0C66-11EE-B38D-001986002B03
2231	497D45DC-4983-D5DE-229D-666498FEE1EB
2232	-385.61 850.73 104
2233	-1188.85 -324.548 126.875
2234	scriptable_vfx_animals_rat
2235	0305DA02-38C9-0514-ABB2-5F2C84F4789A
2236	pf8e7170ac8db6ed40_auto2108
2237	48DA8B66-2404-1F58-9CB4-939C88E5892D
2238	835.734 -1734.93 8
2239	1013.5 1638.31 37
2240	0 112.2 0
2241	-1284.7 -2441.82 4.5
2242	992 1560 40
2243	0 52.3977 0
2244	ED4E3D67-C1AD-11ED-B4D4-D4548B693989
2245	c2
2246	1032 1712 40
2247	AF0417DF-9C1A-11ED-8987-68545AD2D871
2248	41CCBE4E-40FE-583B-5D27-DC4C02238A21
2249	B3B03178-0446-11EE-B4FF-D4548B693989
2250	D0E34BCD-5542-E4D2-28D0-41CCE1BCA330
2251	0 90.2 0
2252	FF9EC2D3-C1AD-11ED-B4D4-D4548B693989
2253	EDB61CF0-B8EF-73FD-FB3E-F18F7D5E3DFB
2254	pf816398dc9f5f20d6_auto2108
2255	mp_ctf_spawn_allies_start
2256	pff8e84b7d3779a232_auto2108
2257	77C890B1-782B-11EE-9595-68545AD2D871
2258	-818.8 694 136.826
2259	vfx_animals_pigeon_jup
2260	F2BE83C2-8249-11EE-8F8D-B0A460E769BC
2261	pfec5643abf9a5eebf_auto2108
2262	A0BADEFA-B215-41F1-26C0-CE3F56CB61A5
2263	-1346.83 -2501.66 0.922001
2264	C5ED032E-784A-11EE-95A7-68545A904D17
2265	ik_out_end_left_hand
2266	pfe8f09b02831d26b6_auto2108
2267	0B1A4286-C187-11ED-B4D4-D4548B693989
2268	D8DB6E51-C1AC-11ED-B4D4-D4548B693989
2269	pfdf8b34e06fd5cd03_auto716
2270	0 56.9999 0
2271	pf22ba611a230360a5_auto6256245929001816597
2272	0 140 0
2273	F9856FBA-2021-0149-1DF7-7675FF4C66DA
2274	3
2275	717519E7-0C66-11EE-B38D-001986002B03
2276	-1180.12 -2285.28 13.6245
2277	0 71.8999 0
2278	66279F34-6E27-11EE-9592-68545AD2D871
2279	1086 -2528 22.6927
2280	-468.331 -3357.59 8
2281	2E9D5747-C188-11ED-B4D4-D4548B693989
2282	0 345.3 0
2283	tag_geo_frag_a_003
2284	0 4.29787 0
2285	scriptable_door_metal_04_flat_painted_clean_mp
2286	D6AE052D-C18D-11ED-B4D4-D4548B693989
2287	877EE5D2-8249-11EE-8F8D-B0A460E769BC
2288	0976CF59-D12E-11EE-95A8-68545AD2D871
2289	-403.47 -1701.18 64.0331
2290	A8406CCD-E25C-B1E6-E176-B631591E2B4D
2291	2542.3 1250.2 40.1145
2292	pfdf4f52c0e3276159_auto2108
2293	1199.41 232.538 16.3797
2294	70BF2D00-2B94-9404-788C-DBA48AC3D3D9
2295	pf62bb1794aa5004b6_auto2108
2296	66279F0C-6E27-11EE-9592-68545AD2D871
2297	1A686D08-D36B-6A2B-43F7-19554B30B79F
2298	pf44d50d60207c03a9_auto2108
2299	D10544D7-5E52-F502-4F32-58D57B7F5691
2300	scriptable_accessory_fire_extinguisher
2301	95383575-4523-0759-2C20-80BE20FEE89F
2302	-1074 254 125.959
2303	-373.42 -3518.22 7.99994
2304	EC54FCBC-8249-11EE-8F8D-B0A460E769BC
2305	AF0465E2-9C1A-11ED-8413-68545AD2D871
2306	8984E893-D263-D9F0-DAE7-4FB322059D47
2307	701.84 558.83 40
2308	E265E279-C911-11ED-B4DD-D4548B693989
2309	pf2d83bd09cc215376_auto2108
2310	E265E253-C911-11ED-B4DD-D4548B693989
2311	0 92.9999 0
2312	hardpoint_vis_04
2313	0 316.1 0
2314	FFB1BD31-5143-4F4A-C30F-47F09D98B1A9
2315	A40C9EF0-1821-3190-5931-74933D540BC2
2316	0 296.499 0
2317	mp_tdm_spawn_allies_start
2318	97080B69-BE83-5ADD-2B3F-95F649B8790B
2319	833.44 -1900.71 8
2320	E5399B98-0446-11EE-B4FF-D4548B693989
2321	-387 -3156 8
2322	0 266.762 0
2323	968 1672 40
2324	0 203 0
2325	pfd468756987f2bf49_auto4
2326	69A3D271-D12E-11EE-95A8-68545AD2D871
2327	06492526-DEF1-76F5-5265-F479BFAD0329
2328	AAAD4990-C18D-11ED-B4D4-D4548B693989
2329	0 96.8329 0
2330	989.703 1668.26 48
2331	tag_server_b_1_row1
2332	857 1567 40
2333	EDB3F112-3602-0C47-EF91-01527E1CBA6F
2334	-330 -3448 8
2335	-570 902 104
2336	pf9e4ed46c5b8e48c9_auto2108
2337	61E3D4A5-D12C-11EE-95A8-68545AD2D871
2338	infil_skerries_seat_9
2339	AD851C1D-DC98-8EEE-4E63-FF29633909D4
2340	-443.563 -3239.09 8
2341	B70ABCC2-049F-A759-2224-DAE81A8213E3
2342	1178C7EB-0286-DB19-A43A-7E0F8864DAD9
2343	pf216f15bf7067c548_auto716
2344	E27F640C-FEF2-11ED-B4FA-D4548B693989
2345	2538.19 1251.18 38
2346	0 96.1993 0
2347	347EEA1D-D12D-11EE-95A8-68545AD2D871
2348	879EFA17-0442-11EE-B4FF-D4548B693989
2349	6E4F790F-E7F7-94B0-6186-0D28F1F38FFE
2350	CB0C59F4-0CB7-551F-8965-CD1DA94C39FA
2351	-322.674 -3446.97 8
2352	1155.44 -1636.71 8
2353	D1B5050A-E330-B07B-5046-ABCA844DB31C
2354	traversal_door
2355	3FBD5101-7DED-08A8-DD13-CEE50BA55C51
2356	04981BA9-7872-6663-E603-3377BB0ED5F8
2357	-396 -3280 8
2358	scriptable_accessory_icicle_level_64_destr_chunk_03
2359	0 73.2995 0
2360	0 244.5 0
2361	pf1201e4bfb283d3a8_auto2108
2362	CB6CD8F0-1C5E-E64C-CDBD-56909B8F743C
2363	scriptable_scriptable_door_wooden_hollow_mp_01
2364	4D5BA52B-E129-FAC2-84E7-D9B832464016
2365	scriptable_decor_betamax_vhs_recorder_01
2366	-85.4922 1211.83 40
2367	pf92fe88872cfb8e0a_auto2108
2368	F20E4A86-0ED6-1E2C-524B-3A2E167B7D6D
2369	0 61.0996 0
2370	82.05 -2482.71 9.9999
2371	80DDA8A7-022C-9CFD-6640-4DD29324A6BF
2372	9EF87698-C1AD-11ED-B4D4-D4548B693989
2373	0 68.7998 0
2374	danger
2375	tag_server_a_4_row1
2376	1686.7 1645.97 34.9999
2377	3A3C56D0-E998-3A5D-90A7-7352F5AB61C0
2378	163C06B0-D12E-11EE-95A8-68545AD2D871
2379	0 254 0
2380	20A27EAE-0443-11EE-B4FF-D4548B693989
2381	2126.6 1795.46 40
2382	1CE142F3-6E27-11EE-9592-68545AD2D871
2383	700EA48B-3F61-2827-91C2-53222DFAB6AB
2384	689C7F86-C1AE-11ED-B4D4-D4548B693989
2385	0 210 0
2386	decor_smuggler_notebook_01_open
2387	2549.84 1480.32 78
2388	71444F63-3CE5-5F99-BF13-18ECE6E29F69
2389	0 83.2 0
2390	mp_ctf_spawn
2391	661C839C-C1AA-11ED-B4D4-D4548B693989
2392	428 1723 40
2393	vfx/iw9/infil/vfx_rhib_infil_splashes
2394	-1060 -1238 136
2395	0 225 0
2396	4E5FA842-8984-48D8-B533-64247E44286F
2397	721BCF1F-DA46-5699-7F57-A5E6571AF6F1
2398	1118.52 1675.13 39
2399	-377.34 -3305.08 8
2400	6832FF75-D12C-11EE-95A8-68545AD2D871
2401	D6AE0533-C18D-11ED-B4D4-D4548B693989
2402	D99600CF-F404-3898-EB26-C47719F8DEF3
2403	18B7D448-A155-6D85-F7FE-6C6E7D6BB979
2404	53EB3F31-781F-11EE-9595-68545AD2D871
2405	52841B03-CE84-8765-CA87-3B0D0B47BFB5
2406	F159F12F-93C2-31B2-1CAF-8234CA81EB1C
2407	DEE437D3-C1AC-11ED-B4D4-D4548B693989
2408	03DADC91-CFE3-3C10-F736-4BFB49EADB27
2409	C4674A4B-66F0-0865-A473-585B354EB5B6
2410	pf2020af1bead158d_auto2108
2411	F7020F67-5854-141B-15C3-0391F73C11AB
2412	268.06 -2093.23 15.7301
2413	-0.330078 -2074.49 8
2414	61E3D4C3-D12C-11EE-95A8-68545AD2D871
2415	mp_dom_spawn_axis_start
2416	1BE0943F-CEE9-C6EC-F0A1-15C366D325C9
2417	8432B1E7-4E61-6D59-BA47-1E4192A8567F
2418	3463A003-21CD-6826-F809-3AD6F6474F36
2419	730 -2530 22.6927
2420	-370 -3312 8
2421	-448 -3224 8
2422	-448 -3376 8
2423	tag_server_b_3_row1
2424	66279F25-6E27-11EE-9592-68545AD2D871
2425	305F3051-6E27-11EE-9592-68545AD2D871
2426	-639.531 -1388.18 58
2427	-411.01 -2272.2 16
2428	-448 -3444 8
2429	-363.75 -3274.91 7.99994
2430	6832FF93-D12C-11EE-95A8-68545AD2D871
2431	A813E131-0459-2739-EFB9-1FF8D2C1F9F5
2432	60902F7C-C1AC-11ED-B4D4-D4548B693989
2433	0 179.099 0
2434	30E8CBCA-782B-11EE-9595-68545AD2D871
2435	0 48.6993 0
2436	pf7fe3d16da530906d_auto2108
2437	AE325722-299D-BCD7-9BA5-7EAC09C05536
2438	399D93AB-B797-3215-EE1B-D4652DF52E18
2439	DEE437D9-C1AC-11ED-B4D4-D4548B693989
2440	pf2e86ba620bfdadcf_auto2108
2441	AF0465E0-9C1A-11ED-8F53-68545AD2D871
2442	-574.17 -3501.34 -15
2443	3D528BA1-5560-F3B9-9B5E-00D4295811F6
2444	661C8379-C1AA-11ED-B4D4-D4548B693989
2445	0 268.399 0
2446	0 238 0
2447	0 79.199 0
2448	C38F2F3E-E9DF-2F62-9AC4-6F81A547447E
2449	E9B63192-7701-E44B-2225-B592E55AA781
2450	0873DCDE-C1AD-11ED-B4D4-D4548B693989
2451	912 1536 40
2452	42BD4FD7-B7B5-C3E2-3380-205B32744F4F
2453	-962 -1640 0.265732
2454	9EF876BC-C1AD-11ED-B4D4-D4548B693989
2455	pf7b340e42c0ad5c7a_auto4
2456	AF043ED1-9C1A-11ED-A4D0-68545AD2D871
2457	7AF4A03A-8249-11EE-8F8D-B0A460E769BC
2458	1268 -104 248
2459	8A5AC751-E347-F783-68EF-3E7C0B745D5C
2460	-593.855 -2399.44 16.2499
2461	1758.83 1346.26 41.0001
2462	4C8825FB-6E25-11EE-9592-68545AD2D871
2463	pf65a3f1175ce72966_auto2108
2464	4350DCC4-F3BC-5271-6D4E-44BAF2B222AB
2465	98679E24-86C9-D1BC-8812-0C992EB767D9
2466	C5AFC47E-0141-11EE-B4FC-D4548B693989
2467	c1
2468	scriptable_un_office_storage_box_01_russian
2469	0 88.299 0
2470	pf6e26585f57cb6b2a_auto2108
2471	7E2EA8DA-589A-A3C6-9D35-403EF5543F9F
2472	3B539B56-6339-437D-66FE-D8634E2A5461
2473	ik_in_end_left_hand
2474	scriptable_container_gas_tank_01
2475	86EA47C8-3C8E-3204-A524-E0FF3886A0DC
2476	pf2a33ddb263611d73_auto4
2477	EB8CE822-7810-94B4-A1E7-467B599DFFA5
2478	pf6015e35b993ddd67_auto2108
2479	pfdf8b34e06fd5cd03_auto715
2480	7DE6D1DE-782B-11EE-9595-68545AD2D871
2481	A43B4B3D-6E7C-C172-2DB2-124761A4FC3C
2482	-430 -3521 8
2483	907.627 1620.66 39
2484	034F381F-FEF3-11ED-B4FA-D4548B693989
2485	0B0BB26D-AEFE-7609-8B01-F883EE7FDDA5
2486	1997F21A-C1AA-11ED-B4D4-D4548B693989
2487	430.39 1752.73 48
2488	85F0B866-782C-11EE-9595-68545AD2D871
2489	0 269.199 0
2490	pfaa2c93db5627a562_auto2108
2491	1A38D98F-A6DC-7A3E-C42F-985C721CA912
2492	pf9d8adc56e5119fdf_auto2108
2493	script_ignite
2494	972.73 1733.77 37
2495	0 249.3 0
2496	0 232.3 0
2497	F2BE83C5-8249-11EE-8F8D-B0A460E769BC
2498	scriptable_construction_hardhat_lowres_01_yellow
2499	1110.65 -2502.63 16
2500	0 151.799 0
2501	AAAD4977-C18D-11ED-B4D4-D4548B693989
2502	-407.113 -3328.26 8
2503	1FA41FB3-41FA-8F66-0554-1854684B98D3
2504	385.3 281.3 72
2505	913 1727 40
2506	830A475B-6E27-11EE-9592-68545AD2D871
2507	pfe087e88a4b667893_auto2108
2508	18.34 870.83 37
2509	568CC6DE-6674-1B5B-2326-FB466F24995A
2510	9EF876B0-C1AD-11ED-B4D4-D4548B693989
2511	1997F220-C1AA-11ED-B4D4-D4548B693989
2512	427 1788 40.3411
2513	1033 1567 40
2514	DFAE2CF9-D12E-11EE-95A8-68545AD2D871
2515	0 254.999 0
2516	ik_out_end_right_hand
2517	1032 1568 40
2518	-418 -2808 24.1905
2519	66279F20-6E27-11EE-9592-68545AD2D871
2520	-1179.35 -736.588 126.875
2521	1026.54 -1480.31 88
2522	D91E0599-66AF-0F44-3D66-85222238E3A5
2523	pfa1a88fce385e33cb_auto2108
2524	0 206.005 0
2525	pf40d36c86290d44a_auto2108
2526	-1504 422 136
2527	-439.267 -3513.47 7.99994
2528	infil_skerries_seat_7
2529	2560.31 1794.07 44
2530	689C7F9C-C1AE-11ED-B4D4-D4548B693989
2531	default
2532	end
2533	-459.34 -3272.08 8
2534	9F21250F-E36D-3CC8-F7FA-87EB645D070C
2535	0 275.199 0
2536	494970EB-FECF-11ED-B4FA-D4548B693989
2537	6B64334B-0C66-11EE-B38D-001986002B03
2538	29CB23F9-7C39-3F47-F0EB-729114F677C9
2539	0 273.3 0
2540	CC2BA536-EFF2-E9EB-CDE4-BC1FF197CC74
2541	FF9EC2CD-C1AD-11ED-B4D4-D4548B693989
2542	-492 908 97
2543	8079DA40-A0BF-95A4-9E3C-BD95699B945F
2544	tag_server_b_5_row1
2545	explode_left_90
2546	916 1642 40
2547	B38C5F3E-621E-09DC-3576-AEE7B5052B21
2548	A77A28BA-D12E-11EE-95A8-68545AD2D871
2549	-842 896 133.538
2550	9C6BF32A-0446-11EE-B4FF-D4548B693989
2551	7BB216B3-C603-CF45-B4D2-260919DBCD6D
2552	494970AF-FECF-11ED-B4FA-D4548B693989
2553	378FE032-D071-F7CB-9420-B41413F39357
2554	D918D0C1-BD5F-4CEB-2501-E7B212EA63D6
2555	ws_raise
2556	fingers_in_end_right_hand
2557	FF955202-6E23-11EE-9592-68545AD2D871
2558	EC54FCAD-8249-11EE-8F8D-B0A460E769BC
2559	df_blima_interior
2560	0 260.999 0
2561	20DF5569-F147-3E5F-6BA4-638252685E6D
2562	pf552a210efa700eb_auto2108
2563	F29C91CB-34B2-144F-04CC-CA4CCA21CB36
2564	0 245.099 0
2565	222.85 881.19 57.4683
2566	376.39 1572.73 46
2567	pfb4600e8846407ec0_auto715
2568	42B6201D-7AB3-B093-EB83-8AE3AA9B137D
2569	pfd838cdd5e742cf75_auto2108
2570	-454.83 -3249.66 16
2571	E05281C9-774A-E397-F177-810D351422AE
2572	8138DC15-8249-11EE-8F8D-B0A460E769BC
2573	0 258 0
2574	D56F6267-4A1F-D837-8B4F-FCDACDC1D8B4
2575	-456 -3328 8
2576	592.93 1227.23 51
2577	4653A83C-0C67-11EE-B38D-001986002B03
2578	6D9A18A3-48A0-7CDB-8754-8E7A1BAEDED2
2579	83FD52C8-45D5-0B9D-DD7A-3CC31306EF95
2580	df_stop
2581	0 269.099 0
2582	scriptable_tool_pipe_wrench_01
2583	2852F198-DF0D-F394-DB63-80C4F5359CDC
2584	pf875d63e7df5edce9_auto2108
2585	009BFC50-9794-CF55-D565-87CC76652DD3
2586	4BB0DB18-06B2-A571-9FBE-324FD2B406D9
2587	1087 1812 40.1349
2588	0 168.4 0
2589	AF0417C7-9C1A-11ED-9D23-68545AD2D871
2590	F37805EF-9A50-C743-82AC-867006314543
2591	-1179.35 -802.422 126.875
2592	0E6BF82C-7829-11EE-9595-68545AD2D871
2593	E7C67E72-C18C-11ED-B4D4-D4548B693989
2594	27DD1FC3-2E7F-B82D-B907-A0FB82ADD37C
2595	EA9DEBDE-FEF7-11ED-B4FA-D4548B693989
2596	pf1505a7f2d42fafd5_auto2108
2597	0 6.39776 0
2598	05AE19FC-2FED-8DD2-954E-76739022100A
2599	948F46B2-D12D-11EE-95A8-68545AD2D871
2600	72CAA302-7386-C548-1A3C-35DC1A552035
2601	328B27B2-C1AC-11ED-B4D4-D4548B693989
2602	64F423FD-D0F8-741E-8C21-FA2908F04938
2603	0 234.399 0
2604	pfde521ee0e172543c_auto2108
2605	A7B425E6-A8A0-0DC8-C941-10B10C19F351
2606	1139.74 -2502.27 8
2607	53895532-0E2E-47A2-D7E1-7760802060F3
2608	-446 -3230 8
2609	1163.83 -89.5723 225
2610	7516C264-C1AE-11ED-B4D4-D4548B693989
2611	scriptable_container_electrical_box_01_small
2612	EB2A1112-0442-11EE-B4FF-D4548B693989
2613	1CE142DF-6E27-11EE-9592-68545AD2D871
2614	pf43d99b715efdecaa_auto2108
2615	7B60FFAF-7464-6E34-B19A-1C6D9146038A
2616	0 275.099 0
2617	-822.8 690 135.782
2618	1614952C-C1AD-11ED-B4D4-D4548B693989
2619	77304437-F40A-81C3-0B5A-F6F044286AB8
2620	429.892 1798.85 45.5
2621	scriptable_vfx_animals_seagull_jup
2622	6F7370BE-2D38-C1E3-7EE3-4AA8467A6F4E
2623	996 -64 56
2624	DC922C93-8248-11EE-8F8D-B0A460E769BC
2625	F35CA89E-C1AC-11ED-B4D4-D4548B693989
2626	E2407AF2-9CF1-5195-8D35-4645D6B99982
2627	DBEE2AC5-5735-2F92-3CCB-A72A1A033E14
2628	2BE1B8DE-B7FC-9CE1-F92D-EE193676FCDA
2629	-383.34 -3233.08 8
2630	0 206.303 0
2631	B8FAE4FD-7828-11EE-9595-68545AD2D871
2632	1030.55 -1452.94 80
2633	pf9e8f7ea156802b80_auto2108
2634	AF0465EA-9C1A-11ED-A83F-68545AD2D871
2635	968 1536 40
2636	-332 -3384 8
2637	accessory_icicle_level_64_02_destr_chunk_01
2638	68EAE844-E75D-02A4-3179-26F33D08F852
2639	9556EB03-7A31-01F3-44F0-2E169D417CAD
2640	CF3CD4B7-C957-26DC-FBC8-7F21061771F0
2641	0 68.2998 0
2642	0 184.1 0
2643	0 258.7 0
2644	A27346A9-0446-11EE-B4FF-D4548B693989
2645	C9282062-6032-A078-90E1-6EB432847E7C
2646	scriptable_computer_server_rack_unit_10
2647	661C837F-C1AA-11ED-B4D4-D4548B693989
2648	pff913ad5d737a3407_auto2108
2649	-760.7 -2267.82 4.5
2650	70FCEBF6-7C42-F13E-42CA-A2F50A4ACC2D
2651	jup_infil_shared_movement_pre
2652	447.1 1654.7 56
2653	E265E250-C911-11ED-B4DD-D4548B693989
2654	pf6276b9f9e04c2b0b_auto2108
2655	494970DF-FECF-11ED-B4FA-D4548B693989
2656	E8A09ECD-85A3-11EE-8E40-6C6A77E3CEAB
2657	7516C28D-C1AE-11ED-B4D4-D4548B693989
2658	1997F200-C1AA-11ED-B4D4-D4548B693989
2659	scriptable_ee_furniture_chair_metal_folding_closed
2660	35F0DBD2-0C67-11EE-B38D-001986002B03
2661	jump_down_40
2662	jump_down_80
2663	461.06 -1044.55 98
2664	C4CB2254-A875-D435-4C70-C5C4621DA8EF
2665	pf73536255e3dafcc8_auto2108
2666	79D80E11-0330-4C3B-5FE2-7C1DF69451EF
2667	EFC1AAA6-C574-1685-0C42-BFC3D1B71524
2668	-403.256 -3184.08 7.99997
2669	D86A7B77-1FCF-3D33-A05C-56692B99A133
2670	container_gas_tank_01
2671	pf35b31766b37976b3_auto716
2672	E0CF73A6-6E24-11EE-9592-68545AD2D871
2673	62E1B827-342D-E506-CF10-E0A188BD5620
2674	1034 1711 40
2675	infil_skerries_seat_6
2676	A2337598-6E1F-11EE-9592-68545AD2D871
2677	522.631 -1463.57 274.805
2678	pf216f15bf7067c548_auto715
2679	1670.6 1603.46 38.1008
2680	499CA7FF-FDD8-00E2-7E58-2DA3CF864EC6
2681	pfde52067bbc673a76_auto4
2682	pf15cce77ac958d3f2_auto4
2683	-1302.86 -390.382 126.875
2684	8C957984-A7BA-8412-BB78-7CAC7CCAD4AC
2685	246.17 634.34 36.25
2686	863CC4B2-132F-6DD1-53A5-5F04B8F5F1A6
2687	0 58.6993 0
2688	roof_vent_unit_vent_s0p5
2689	968 1608 40
2690	42E8AFC5-C1AC-11ED-B4D4-D4548B693989
2691	445DFE59-C913-11ED-B4DD-D4548B693989
2692	0 244.8 0
2693	-865.855 -2485.44 16.6418
2694	29D7A524-6E27-11EE-9592-68545AD2D871
2695	7802CC00-0C66-11EE-B38D-001986002B03
2696	1033 1727 40
2697	ED4E3D64-C1AD-11ED-B4D4-D4548B693989
2698	noise
2699	-398 -3388 8
2700	77D2C185-AC30-2412-0B71-0E22A8E1FD41
2701	C88BA7A5-8248-11EE-8F8D-B0A460E769BC
2702	pf127f5d9116e79a4c_auto2108
2703	A5CF6A88-7820-11EE-9595-68545AD2D871
2704	752.477 -1678.17 5
2705	explode_right_90
2706	-393 -3369 8
2707	3A759480-6B03-58C8-C4BF-D83E8B18CD0E
2708	92328158-5079-2C69-8BE4-29E451B7E367
2709	-339 -3110 8
2710	E7C67E59-C18C-11ED-B4D4-D4548B693989
2711	2D2A33CE-1F9C-F3CA-5663-0E4B50594920
2712	C97C246F-99FF-A6DC-8F74-EA70FCB97047
2713	0E0430B2-53F6-5E16-D018-0DEF1D801C00
2714	856 1712 40
2715	7BB82CCC-BE92-11ED-B4D2-D4548B693989
2716	38207CA5-0C66-11EE-B38D-001986002B03
2717	-278 -3602 8
2718	1045.22 1786.39 36.5
2719	CC166C15-C911-11ED-B4DD-D4548B693989
2720	E1A1E753-CD1B-EE77-F8E6-8B5305EF7226
2721	1279.22 1368.39 43.826
2722	CB8705CB-C716-ECC8-C6F2-468E9363F2AB
2723	8934596B-F7A2-C52E-B669-6432856A23D0
2724	F99CC64E-C1AD-11ED-B4D4-D4548B693989
2725	494970BB-FECF-11ED-B4FA-D4548B693989
2726	912 1568 40
2727	6832FF98-D12C-11EE-95A8-68545AD2D871
2728	0 60 0
2729	pf7d8ebd8e1e4a870b_auto2108
2730	me_communication_cctv_mic_01
2731	74A1D32E-35DD-467A-4961-5FA4FE1C0A30
2732	FF9EC2D6-C1AD-11ED-B4D4-D4548B693989
2733	accessory_icicle_level_64_destr_chunk_06
2734	-288.53 -3518.31 7.99994
2735	200833A8-84AB-6C0E-B969-41F0F41E90BD
2736	0FD772AB-A9E6-A271-0B14-E67307F71E69
2737	-400.44 -3442.77 7.99994
2738	722.145 -2515.44 16
2739	7516C271-C1AE-11ED-B4D4-D4548B693989
2740	-1387.25 -176.379 126.875
2741	infil_skerries_seat_8
2742	912.897 1716.42 40.0001
2743	2567 1089 40
2744	EA54B9F7-A75D-5B10-7FAA-FD6B209E9EF9
2745	24EA8652-4DE3-A4FB-2F8E-2B29A8D6FCD6
2746	FE833E67-5314-CF44-1F09-3A37471EBDAC
2747	1063.68 1688.81 40.349
2748	9C56AEDD-F19D-64A5-5DAE-43DB5A26A446
2749	5D5BD4D9-5A69-5740-1804-B46E9D955286
2750	0286B086-F4F5-D769-0C59-531BBACABCED
2751	15BA319B-F8D6-1B3C-BA61-456C3F34A884
2752	CDBD3548-1023-CA03-3CD3-0980C0AD2F44
2753	65FA9D7C-D77D-ADE5-FF36-6DB1B8A4AFD8
2754	526.922 -2471.68 10
2755	-1298 -2520 8.79775
2756	794396EF-31A0-2ED3-E3DC-A0900332877C
2757	980 1642 40
2758	1051.33 318.16 49.5
2759	scriptable_scriptable_door_industrial_metal_mp_01
2760	FD885886-8A56-68EE-77D9-3FA2CE308EAA
2761	9EF876A1-C1AD-11ED-B4D4-D4548B693989
2762	tag_server_b_6_row1
2763	mp_control_spawn_defender_start
2764	scriptable_accessory_icicle_level_64_destr_chunk_02
2765	FF9EC2D0-C1AD-11ED-B4D4-D4548B693989
2766	8F696525-D948-F1EF-438B-1A36B8BEB973
2767	-1488 -826 148.824
2768	D8DB6E54-C1AC-11ED-B4D4-D4548B693989
2769	D782C1FA-DC0F-2852-E2B9-4CE5379002D8
2770	98216383-D12E-11EE-95A8-68545AD2D871
2771	0 73.7993 0
2772	0D27EC05-5545-388A-082B-3920259E60E9
2773	1071.16 -2413 2.60748
2774	AF0465E9-9C1A-11ED-8132-68545AD2D871
2775	pf58d8b61a544269ac_auto2108
2776	-334 -3166 8
2777	C1D204EF-0140-11EE-B4FC-D4548B693989
2778	6832FF7F-D12C-11EE-95A8-68545AD2D871
2779	35F0DBAC-0C67-11EE-B38D-001986002B03
2780	AE1064C7-0CB3-80AB-4249-46CCCE070239
2781	-374 846 104
2782	mp_rugby_spawn_axis_start
2783	29D7A51A-6E27-11EE-9592-68545AD2D871
2784	E1FC062C-8CF3-068A-314D-4A5717B8B35B
2785	mp_koth_spawn_allies_start
2786	-415 -3593 8
2787	280 -1748 56
2788	-394.34 -3396.08 8
2789	951.44 -2286.71 8
2790	E265E270-C911-11ED-B4DD-D4548B693989
2791	235BDA6E-6E27-11EE-9592-68545AD2D871
2792	75FBEEBA-58EB-38F8-FEAC-6686CB731577
2793	4ECD683F-8390-2032-1BBB-EF794A9EB917
2794	-437.51 -3025.33 8
2795	FF2B99A2-E5EB-FAED-B673-539A341B2280
2796	frozen
2797	168 -2468 23.1129
2798	270D7AE7-3866-FE69-805C-9238ADC9F5DD
2799	76BA602C-D12D-11EE-95A8-68545AD2D871
2800	CFBC2430-F598-A20D-8125-E2F27D0F97A7
2801	6EED958D-C1AE-11ED-B4D4-D4548B693989
2802	93DD1D60-FA3F-0B7D-6E3F-61EBA560DEA0
2803	2536 1793 40
2804	5A2E34CC-C1AC-11ED-B4D4-D4548B693989
2805	7C5F2081-0141-11EE-B4FC-D4548B693989
2806	16149538-C1AD-11ED-B4D4-D4548B693989
2807	pf546f79330fcb0ef2_auto2108
