   1	144 64 -184
   2	03BB5199-F6EF-B027-C374-F47946832594
   3	A5F2B80A-8C63-FA13-CE2A-8352A333DBE1
   4	A691F439-FFA1-FF5C-2306-80FE0EC32B23
   5	B9A55D18-8424-11EC-BB30-9CFCE8C5962F
   6	6FA0DBA6-1184-2964-FE5D-C512B0C707C9
   7	AB91717E-38C9-11ED-BB47-9CFCE8C5962F
   8	7B6A7529-A02C-8A2A-0AD0-C030A0C8A754
   9	-1032 -424 -152
  10	-1040 -408 -168
  11	920C7A3F-6E3D-7399-5579-A987D03B405C
  12	468EB355-A2AA-97F1-6950-6888535D7614
  13	9436B286-EEBC-1403-D2FF-276D9C626757
  14	B9A55865-8424-11EC-BB30-9CFCE8C5962F
  15	D9C89927-E2C5-B9FE-7D6B-02031C4584F4
  16	B9A55A7E-8424-11EC-BB30-9CFCE8C5962F
  17	CD4142F8-3F12-11ED-BB47-9CFCE8C5962F
  18	-1120 152 -168
  19	B9A5565B-8424-11EC-BB30-9CFCE8C5962F
  20	-79 -811.039 -152
  21	14 -874.039 -148
  22	scriptable_boat_life_saver_01
  23	A18D3C1B-646B-C518-6497-AF1A210B490B
  24	0 120 0
  25	B9A55982-8424-11EC-BB30-9CFCE8C5962F
  26	A55AEAF4-9058-DDE5-54BA-6E8A6B4309C8
  27	D4A8A5B5-F781-8841-C164-836B3AB0365A
  28	B9A557AE-8424-11EC-BB30-9CFCE8C5962F
  29	0 285 0
  30	61AEB7F2-0002-2EDF-1716-C4E2A97521C1
  31	4A1274B6-E55C-547D-7002-565D3E10A915
  32	BCE4A4BD-D8E8-0E33-3D1C-532C0E031357
  33	4E2A20C3-3AA4-A713-7AB7-021F69597374
  34	B9A555EC-8424-11EC-BB30-9CFCE8C5962F
  35	E29F10AA-0B1D-43BC-894C-18189BCA3757
  36	41E973A8-1F6C-53B5-C1AF-1AA5A33FADC0
  37	B9A55676-8424-11EC-BB30-9CFCE8C5962F
  38	B9A55CBB-8424-11EC-BB30-9CFCE8C5962F
  39	BDADE405-96B1-18F9-CC9C-12BC9CC51C00
  40	B9A55A24-8424-11EC-BB30-9CFCE8C5962F
  41	-100 -288 -168
  42	68E41599-5265-2EE4-A216-9889FE1BB06D
  43	B9A55B9B-8424-11EC-BB30-9CFCE8C5962F
  44	-1088 -824 -168
  45	hardpoint_4_chevrons
  46	mp_dd_spawn_attacker_start
  47	681BE79E-5415-5303-B271-23AC85D030C0
  48	0 -24 -168
  49	B9A55CAC-8424-11EC-BB30-9CFCE8C5962F
  50	B9A559A9-8424-11EC-BB30-9CFCE8C5962F
  51	B9A55D12-8424-11EC-BB30-9CFCE8C5962F
  52	882DD313-63A5-83FA-962B-0AD53B7D7526
  53	-72 -882 -164
  54	mp_dd_spawn_defender_b
  55	BB8624C4-8936-E9A7-F3C5-98D9169D688E
  56	mp_control_spawn_attacker
  57	49 -791.039 -160
  58	B9A55856-8424-11EC-BB30-9CFCE8C5962F
  59	B9A55748-8424-11EC-BB30-9CFCE8C5962F
  60	EC0FA54D-C19E-22D5-382E-AB56556B2CC6
  61	18A22C3F-86E0-C57A-9283-C77C3849B6AA
  62	0 90 0
  63	B9A55AF6-8424-11EC-BB30-9CFCE8C5962F
  64	-1116 340 -160
  65	-862 306.039 -176
  66	50F2DF8E-945E-76B2-9C2F-622A0EAE09C9
  67	82D5F1AC-97FE-569F-943D-645E18F0CC7B
  68	B9A552DA-8424-11EC-BB30-9CFCE8C5962F
  69	B9A556AF-8424-11EC-BB30-9CFCE8C5962F
  70	mp_dd_spawn_attacker_b
  71	B9A55838-8424-11EC-BB30-9CFCE8C5962F
  72	0 45 0
  73	65E9D64B-FBF0-CB6A-61DE-861FF6B63F0F
  74	B9A55D1B-8424-11EC-BB30-9CFCE8C5962F
  75	mp_dom_spawn_secondary
  76	-1012 228 -180
  77	AB91716F-38C9-11ED-BB47-9CFCE8C5962F
  78	vfx_shipment_alt_5_fire_pillar
  79	B9A55BAD-8424-11EC-BB30-9CFCE8C5962F
  80	21FF4174-1C6C-5F38-C595-8AE3A7EB8F01
  81	88 -872 -176
  82	09541D2F-B3E4-CCB7-1373-43D03CE4E533
  83	-680 432 -160
  84	213E238F-805A-EB78-8A0C-BAF457708008
  85	7B421C36-E89F-5F69-A956-F88372D85ACB
  86	AF89D564-0DB9-EAEB-5313-698A5A0751A5
  87	0 141.798 0
  88	3E59A581-7D5F-D0A4-D8D6-E294E46F4A2B
  89	-1120 -752 -184
  90	C9BDB576-B0D5-D4AD-D1EF-61FF5DF1AFC5
  91	-488 352 -172
  92	B9A55D24-8424-11EC-BB30-9CFCE8C5962F
  93	B9A551BC-8424-11EC-BB30-9CFCE8C5962F
  94	pfdec58930a86e9605_auto2108
  95	B9A55AED-8424-11EC-BB30-9CFCE8C5962F
  96	1878CBAF-EF4A-26FC-5F17-F117A5EAD3AC
  97	136 -517 -168
  98	B9A558FB-8424-11EC-BB30-9CFCE8C5962F
  99	B9A559D9-8424-11EC-BB30-9CFCE8C5962F
 100	B9A55970-8424-11EC-BB30-9CFCE8C5962F
 101	mp_dm_spawn_start
 102	0 104.999 0
 103	B9A551C2-8424-11EC-BB30-9CFCE8C5962F
 104	-184 448 -160
 105	148 -6 -164
 106	mp_rugby_spawn_axis_secondary
 107	0FC61CAF-3FC7-11ED-BB47-9CFCE8C5962F
 108	16534F2E-3FC7-11ED-BB47-9CFCE8C5962F
 109	836DF396-BB34-C28F-BE92-F17B05D34852
 110	FBC64D67-E120-7731-3453-4B4456DCE86F
 111	B9A55C4C-8424-11EC-BB30-9CFCE8C5962F
 112	mp_dom_spawn_allies_start
 113	-924 440 -180
 114	mp_arena_spawn_axis_start
 115	21C10F3F-933E-BA98-1190-4DBB0D2CCA64
 116	DCA3198A-B32C-81E4-4B8F-D4D01413B223
 117	B98C56BA-2A28-1D6D-672E-3056BA2323C4
 118	3542AF99-DDE4-2ED3-BD7B-AA8BA890BF34
 119	B9A55223-8424-11EC-BB30-9CFCE8C5962F
 120	3241E2CF-E6F2-7FD2-4FC4-BD74F48B6C1A
 121	FB73CEF2-3F12-11ED-BB47-9CFCE8C5962F
 122	scriptable_decor_drug_brick_pile_01
 123	-467.5 362 -176
 124	646DC5E7-DE65-A6A3-AEC6-237F8844E09A
 125	B9A55214-8424-11EC-BB30-9CFCE8C5962F
 126	B9A55BEF-8424-11EC-BB30-9CFCE8C5962F
 127	68 -780 -176
 128	pfa2ff394235f00cd6_auto2108
 129	DEE9A291-BB8E-815E-7D74-CB4B6D63232B
 130	C6E0D989-43B8-11ED-BB48-9CFCE8C5962F
 131	B9A55274-8424-11EC-BB30-9CFCE8C5962F
 132	187FF96C-95D3-2973-FFDB-69E5ACBE4B0E
 133	B9A5580E-8424-11EC-BB30-9CFCE8C5962F
 134	3D20D5CD-F0D4-86C4-A857-F761E179FDD2
 135	B9A55C19-8424-11EC-BB30-9CFCE8C5962F
 136	B9A5520E-8424-11EC-BB30-9CFCE8C5962F
 137	AC88F6AE-DEC3-E4B8-04B8-076CB0140260
 138	68D1DCE1-304E-4849-A11A-2931CE2E022B
 139	46 -862.039 -160
 140	80 -616 -176
 141	88 -580 -176
 142	-960 -408 -168
 143	-1048 408 -176
 144	69CEE704-DB7E-9197-BCD8-AC5FA697A385
 145	78 -586.039 -160
 146	B9A55C46-8424-11EC-BB30-9CFCE8C5962F
 147	scriptable_p7_box_cardboard_c_closed
 148	B9A55CD0-8424-11EC-BB30-9CFCE8C5962F
 149	9E6A0B2B-0534-9434-848E-4BB93CDDB396
 150	B9A55B1D-8424-11EC-BB30-9CFCE8C5962F
 151	-976 448 -160
 152	136 104 -168
 153	B9A55841-8424-11EC-BB30-9CFCE8C5962F
 154	4ECD4744-BDD5-EED2-A25C-393C60E92907
 155	7BDA8B69-57BF-A7F2-46A2-75E2B416C367
 156	30C13BFE-38CA-11ED-BB47-9CFCE8C5962F
 157	112 -304 -176
 158	-136 -212 -168
 159	7E131BB2-AB58-EF01-3304-5A0C49174499
 160	126 -850.039 -160
 161	1899DEDE-15B9-023F-1B20-6B62E4DB0253
 162	B9A5590D-8424-11EC-BB30-9CFCE8C5962F
 163	120 -212 -168
 164	B9A556DC-8424-11EC-BB30-9CFCE8C5962F
 165	529BB486-9AC8-A37F-5432-1F7BB026967B
 166	7C29A597-E768-FCF2-29A0-B9CE71F2CA81
 167	400C427A-087E-17A0-011E-60D91D74B0A1
 168	14 -878.039 -156
 169	pf25189a2d20963575_auto2108
 170	15E7B575-98AD-83FA-5881-71743498C9F6
 171	498C9050-2988-AC36-CCC6-2FE6461CC81F
 172	9BFAC692-127E-1A9B-8B77-0C0B56FAA94A
 173	8C4DEB01-BCD2-CEFF-48F1-629C1E91ADC7
 174	7B2D4155-5D31-1654-72C2-CA4001FF2987
 175	87 -857.039 -160
 176	B9A551C8-8424-11EC-BB30-9CFCE8C5962F
 177	-1122 -662 -160
 178	FC5C0949-19C5-304D-1C71-13198C91BA82
 179	D79EB797-2FAC-8555-118A-9BDC1CC9E99A
 180	B9A55D6F-8424-11EC-BB30-9CFCE8C5962F
 181	85A7A5D4-8981-FC58-D4E9-F2DDD49AEDC9
 182	28F88AC2-7A56-E543-340C-EF929245E784
 183	234E0CDD-AD93-3CC5-0F9A-AEA5D890295E
 184	138 -658.039 -160
 185	B9A55637-8424-11EC-BB30-9CFCE8C5962F
 186	24 -410 -164
 187	68C6DD09-4C4E-EB26-DABF-6F3E25E8F5F9
 188	4EF86B3D-E6C9-B84B-E4A8-4E994F243E40
 189	76.3008 -828.18 -172.007
 190	-976 140 -180
 191	A7FE336D-6496-EC31-CE7D-742F9319FF7C
 192	152 194 -164
 193	64455EAA-828D-84F1-17C3-4851D98691AB
 194	D952B507-EACB-650B-B290-19BFE7EC08E2
 195	B9A555E0-8424-11EC-BB30-9CFCE8C5962F
 196	975D0E59-FBC3-EEBB-BC4F-08F01A852E4C
 197	006384D9-BC31-8622-7180-97716A673F48
 198	0 15 0
 199	-1008 -856 -168
 200	132 -560 -184
 201	220A93B1-B5A5-246D-338F-A5F749AC53A0
 202	-1024 424 -180
 203	0 345 0
 204	0FC61CBE-3FC7-11ED-BB47-9CFCE8C5962F
 205	B9A552BF-8424-11EC-BB30-9CFCE8C5962F
 206	-1106 330.039 -176
 207	B9A55817-8424-11EC-BB30-9CFCE8C5962F
 208	136 192 -168
 209	B9A559A0-8424-11EC-BB30-9CFCE8C5962F
 210	B9A55745-8424-11EC-BB30-9CFCE8C5962F
 211	B9A55204-8424-11EC-BB30-9CFCE8C5962F
 212	616BDBA7-645F-B907-62E9-802FD2F7862C
 213	-1016 440 -176
 214	B9A552F2-8424-11EC-BB30-9CFCE8C5962F
 215	2E617BB3-AE7A-E8F0-E358-BE2E8A3942DC
 216	66ACD5B7-F097-261C-3577-0DAA356222D0
 217	152 -456 -160
 218	FC51B1A5-5DF2-E908-D68E-6E9B129908FA
 219	142 -611.039 -160
 220	axis_endzone_vis
 221	0 179.999 0
 222	-116 -875.039 -160
 223	7AEEB126-8B87-4A1C-1DFF-9B7072F9FBDB
 224	-456 360 -176
 225	E0A4B8B0-E2B0-13C4-4BFB-CDD9AD140CC0
 226	23B59A1D-B9EE-3E26-9A27-5FB344E7EE7F
 227	88233B72-1F24-E1B8-3787-06092DC5B83A
 228	108 432 -168
 229	B9A55BE3-8424-11EC-BB30-9CFCE8C5962F
 230	-1105.8 429.629 -168
 231	vfx/jup/level/mp_jup_shipment_alt_5/vfx_shipment_alt_5_fire_pillar
 232	A8C61E1A-BA2D-F868-A7A9-66BFD3E8EB1A
 233	B9A55880-8424-11EC-BB30-9CFCE8C5962F
 234	B9A5574E-8424-11EC-BB30-9CFCE8C5962F
 235	B9A55808-8424-11EC-BB30-9CFCE8C5962F
 236	C05676A5-E561-C7F1-7CF0-96B6124A1F9D
 237	B9A558E3-8424-11EC-BB30-9CFCE8C5962F
 238	136 -474 -164
 239	B9A55C01-8424-11EC-BB30-9CFCE8C5962F
 240	-71 -802 -184
 241	B9A55D1E-8424-11EC-BB30-9CFCE8C5962F
 242	B9A55B95-8424-11EC-BB30-9CFCE8C5962F
 243	0 55 0
 244	58 -802.039 -148
 245	8DC05071-E627-4E71-CC40-C28AA241CC2A
 246	B9A55697-8424-11EC-BB30-9CFCE8C5962F
 247	15A05234-30AB-0D79-5CD5-CAB2736B1B70
 248	-1120 -592 -160
 249	mp_dd_spawn_defender
 250	B9A55D0F-8424-11EC-BB30-9CFCE8C5962F
 251	B9A55BEC-8424-11EC-BB30-9CFCE8C5962F
 252	-1117.8 309.629 -168
 253	7190DF00-ACEF-794A-6B1A-DCC748637651
 254	2373ACCC-3537-E089-1262-FB1C00DF184A
 255	B9A55D60-8424-11EC-BB30-9CFCE8C5962F
 256	B9A55640-8424-11EC-BB30-9CFCE8C5962F
 257	128 -764 -176
 258	
 259	B0B18C56-AA69-E0E7-B869-FB31DBAB935E
 260	420B12DA-35E2-A69D-A51F-0DB49289BDA2
 261	64 -736 -184
 262	B9A55643-8424-11EC-BB30-9CFCE8C5962F
 263	hardpoint_2_chevrons
 264	F21A8365-7F77-B2AF-8655-3F3477FF1DBB
 265	B9A55328-8424-11EC-BB30-9CFCE8C5962F
 266	B9A55973-8424-11EC-BB30-9CFCE8C5962F
 267	scriptable_metal_chain_01_hanging_arc
 268	B9A559FD-8424-11EC-BB30-9CFCE8C5962F
 269	84A831A6-3F12-11ED-BB47-9CFCE8C5962F
 270	A2A57AC6-34EA-59C7-77E2-274862325318
 271	-954 186.039 -176
 272	378A69A7-50D5-FADA-183B-775696D6E8E7
 273	mp_dm_spawn
 274	7CCFA909-3F12-11ED-BB47-9CFCE8C5962F
 275	vfx_shipment_alt_5_smokestack
 276	7BD237CC-C72E-FF0A-B603-16C29577888C
 277	134 -546.039 -152
 278	-1034 -872 -164
 279	-120 -868 -184
 280	B9A55BDA-8424-11EC-BB30-9CFCE8C5962F
 281	40 -872 -176
 282	B9A551EC-8424-11EC-BB30-9CFCE8C5962F
 283	B9A55AB4-8424-11EC-BB30-9CFCE8C5962F
 284	D1E5E1E9-2610-B1F4-D164-940B6D7793F6
 285	EF2F2C83-33D9-968D-4201-0F5FC0F0F2E4
 286	C874503E-2596-4210-DCBF-5CFBE0E9A2C1
 287	vfx_shipment_alt_5_glowing_light_orange
 288	AB43C0FC-508C-6A00-83B3-396EF67B4A7F
 289	D424D30F-4EAB-5273-174D-B2C7B86F60C0
 290	-640 -872 -184
 291	68B89693-94D6-CB02-17B2-125745078933
 292	B9A5522C-8424-11EC-BB30-9CFCE8C5962F
 293	B9A5592B-8424-11EC-BB30-9CFCE8C5962F
 294	77CF4D65-4BA8-9489-39E7-F65E7B749CB4
 295	134 -870.039 -156
 296	7BA05D5C-6748-DE71-9625-8D24A677A5D1
 297	-108 -304 -176
 298	C20FE305-A05B-F1BC-040D-FF07A531EEDD
 299	BCA90BCA-D0BC-480E-C765-74C6FECBD793
 300	mp_rescue_spawn_defender
 301	B9A557E7-8424-11EC-BB30-9CFCE8C5962F
 302	-1079.3 280.18 -180.007
 303	50E86E61-9BDC-0A75-8C7B-E43663EEB988
 304	decor_drug_brick_pile_01
 305	B9A558A4-8424-11EC-BB30-9CFCE8C5962F
 306	16 -408 -168
 307	C9EDB2A5-C2FD-16F5-D3A3-392A9081579E
 308	26945F7C-616A-977D-889C-A30DE76B6A6B
 309	scriptable_decor_gas_container_02
 310	pf364b734a79d50e2a_auto2108
 311	B5EDD66C-9A20-67C6-52E8-3A2B1DB0E256
 312	-848 384 -184
 313	31853E2B-82C5-D090-3421-85DC5DCFB1B9
 314	128 -48 -184
 315	39C1A63D-0C6E-87DC-C991-15D9DBEB8AE6
 316	B9A558DD-8424-11EC-BB30-9CFCE8C5962F
 317	B9A55826-8424-11EC-BB30-9CFCE8C5962F
 318	-48 -880 -168
 319	2
 320	-896 448 -160
 321	16534F1F-3FC7-11ED-BB47-9CFCE8C5962F
 322	-648 -840 -160
 323	140 -738 -164
 324	31ADCDDB-AE91-D22C-1856-1CFD68C69784
 325	EB722E9D-94CC-2581-78D8-17CEE55928B0
 326	B9A557F9-8424-11EC-BB30-9CFCE8C5962F
 327	144 -672 -176
 328	cartel::decor_drug_brick_04
 329	CB93B2DE-7D71-E7E7-6120-D04F071ACFE9
 330	55C193E6-9A4D-282D-CD65-5D8DDD73A6DC
 331	mp_dom_spawn
 332	A2A7A49A-C2FD-7B0A-AA70-7D7CA4089F3B
 333	-901.801 381.301 -168
 334	0FC61CCD-3FC7-11ED-BB47-9CFCE8C5962F
 335	E6BE38F7-38C9-11ED-BB47-9CFCE8C5962F
 336	B9A55646-8424-11EC-BB30-9CFCE8C5962F
 337	B9A55802-8424-11EC-BB30-9CFCE8C5962F
 338	-894 362.039 -176
 339	6C25EDB4-BBA6-341E-B1B3-B7AE7F2AFAA0
 340	B9A558E9-8424-11EC-BB30-9CFCE8C5962F
 341	-184 40 -160
 342	B9A55CF7-8424-11EC-BB30-9CFCE8C5962F
 343	104 -220 -168
 344	5E59297B-1387-B0CA-7070-827012C6AA44
 345	B9A55673-8424-11EC-BB30-9CFCE8C5962F
 346	decor_gas_container_02
 347	33167A73-2ACC-B60F-6CA8-9C0AB6D2A0DF
 348	B9A557BA-8424-11EC-BB30-9CFCE8C5962F
 349	-760 460 -160
 350	B9A5599D-8424-11EC-BB30-9CFCE8C5962F
 351	C5E27C3D-C953-4B96-F65A-B26057FE306C
 352	-1112 440 -160
 353	B9A55613-8424-11EC-BB30-9CFCE8C5962F
 354	B9A558B6-8424-11EC-BB30-9CFCE8C5962F
 355	14B388AB-6A64-C13B-67BF-E389195B52FA
 356	B3568600-E744-5F27-19FF-5BA805A7E1DE
 357	DB2C366A-E691-C442-7BC3-8CA320A87A4D
 358	-1112 -665 -160
 359	B9A557B7-8424-11EC-BB30-9CFCE8C5962F
 360	E97AE7FD-683A-F03F-4EA1-B9263F657150
 361	B9A55895-8424-11EC-BB30-9CFCE8C5962F
 362	25B4F3C3-E62A-E02D-FFAF-760C12410CD9
 363	D6291DC6-6F92-10E3-1D90-CAC42880C60E
 364	-1088 -220 -176
 365	0 269.999 0
 366	5BF7B4DF-3267-4747-FC56-BFE0DF032A32
 367	5093B1CE-62B2-28C2-361D-6D8A5DDE368E
 368	-960 184 -176
 369	AB917192-38C9-11ED-BB47-9CFCE8C5962F
 370	B9A5586B-8424-11EC-BB30-9CFCE8C5962F
 371	B9A556DF-8424-11EC-BB30-9CFCE8C5962F
 372	-304 408 -184
 373	A0437DF5-13A2-4C38-0AA5-A5461EDA9DE7
 374	CDCEA88E-E8DF-2DFD-1F59-0BCBE1DC53C0
 375	B9A55AA2-8424-11EC-BB30-9CFCE8C5962F
 376	D50F27D4-38C9-11ED-BB47-9CFCE8C5962F
 377	B9A55D51-8424-11EC-BB30-9CFCE8C5962F
 378	-288 -880 -168
 379	F3959B77-7D7F-F1FC-1551-95C6022BAE25
 380	25BB39DF-F994-4F9D-B5F2-5C0E2237E43F
 381	B9A55CFA-8424-11EC-BB30-9CFCE8C5962F
 382	-944 392 -184
 383	B9A55C10-8424-11EC-BB30-9CFCE8C5962F
 384	B9A55604-8424-11EC-BB30-9CFCE8C5962F
 385	5DB18B47-43B8-11ED-BB48-9CFCE8C5962F
 386	B9A55C25-8424-11EC-BB30-9CFCE8C5962F
 387	B9A5598E-8424-11EC-BB30-9CFCE8C5962F
 388	accessory_accessory_scale_lab
 389	B9A557C0-8424-11EC-BB30-9CFCE8C5962F
 390	B9A55754-8424-11EC-BB30-9CFCE8C5962F
 391	19E99179-1653-0A5C-CF23-1E0F3A85AE2C
 392	-1088 340 -172
 393	A6DB7A6A-2B50-4244-C32C-50815EB1B579
 394	B9A555F5-8424-11EC-BB30-9CFCE8C5962F
 395	B9A5522F-8424-11EC-BB30-9CFCE8C5962F
 396	B9A55AC6-8424-11EC-BB30-9CFCE8C5962F
 397	B9A55AB7-8424-11EC-BB30-9CFCE8C5962F
 398	-744 464 -168
 399	scriptable_decor_drug_brick_pile_02
 400	EC18FC0A-9F12-A962-5763-3825F16C0A01
 401	-1117.8 301.629 -168
 402	-288 -864 -160
 403	B9A55976-8424-11EC-BB30-9CFCE8C5962F
 404	B9A552F8-8424-11EC-BB30-9CFCE8C5962F
 405	B9A55916-8424-11EC-BB30-9CFCE8C5962F
 406	-472 256 -176
 407	B9A55727-8424-11EC-BB30-9CFCE8C5962F
 408	B9A55778-8424-11EC-BB30-9CFCE8C5962F
 409	0 145 0
 410	0 150 0
 411	B9A5564F-8424-11EC-BB30-9CFCE8C5962F
 412	B9A55736-8424-11EC-BB30-9CFCE8C5962F
 413	B9A55769-8424-11EC-BB30-9CFCE8C5962F
 414	-966 386.039 -176
 415	B9A5563A-8424-11EC-BB30-9CFCE8C5962F
 416	-1072 424 -176
 417	-34 -870.039 -160
 418	967D28D1-E008-1594-BC52-366E6145EEFC
 419	DD4620DD-5C33-EEF8-AABB-408D691700D1
 420	-1064 160 -176
 421	B9A55853-8424-11EC-BB30-9CFCE8C5962F
 422	-943.3 424.18 -180.007
 423	0C251431-D399-310E-7589-8E49BDA3F8C3
 424	vfx_shipment_alt_5_glowing_light_white
 425	B9A5562B-8424-11EC-BB30-9CFCE8C5962F
 426	B9A55D4B-8424-11EC-BB30-9CFCE8C5962F
 427	B9A55D33-8424-11EC-BB30-9CFCE8C5962F
 428	B9A55AE4-8424-11EC-BB30-9CFCE8C5962F
 429	-1112 264 -160
 430	8368D0A1-1329-6A2C-5D8B-F17F306A79C6
 431	B9A558BF-8424-11EC-BB30-9CFCE8C5962F
 432	6FB21D0F-CDC0-7672-095A-325BF557310E
 433	-914 442.039 -176
 434	scriptable_fluorescent_flicker_medium_steady
 435	-840 312 -176
 436	45AB22C8-9F4F-3765-4015-C4BB16AB03BE
 437	F5EF9B14-38C9-11ED-BB47-9CFCE8C5962F
 438	-1009.8 177.301 -168
 439	5E5BE4D8-9E99-7248-59A7-618D8ED05992
 440	140 -872 -176
 441	B9A55A87-8424-11EC-BB30-9CFCE8C5962F
 442	B9A55CC4-8424-11EC-BB30-9CFCE8C5962F
 443	BA3724AC-49BE-7DF7-CB16-F43BE20576F3
 444	6875D9F4-8B1C-5BB3-07B4-37A1251F94C0
 445	-1116 440 -160
 446	A754E56C-86DA-04D7-4E23-39CB576C7FF7
 447	62596E8B-0ACB-B712-6119-FFFEB17B6139
 448	146 -522.039 -156
 449	-304 448 -160
 450	wrapped::accessory_money_pile_tiny
 451	-1110 166.039 -176
 452	79F7F6A2-48C4-3B2D-4770-7A5FB1873484
 453	ED7C1410-FC12-3643-A5F0-C12EF345D4F6
 454	B9A557A2-8424-11EC-BB30-9CFCE8C5962F
 455	FB7CD531-C08C-3A2B-9144-4754C87F1576
 456	B9A55D2D-8424-11EC-BB30-9CFCE8C5962F
 457	14C4F8E4-8133-9B50-C500-D34404F34916
 458	6D6A289E-A6B9-4080-D010-8A3C70253523
 459	B9A55295-8424-11EC-BB30-9CFCE8C5962F
 460	-1040 404 -172
 461	scriptable_decor_drug_brick_pile_03
 462	B9A5595E-8424-11EC-BB30-9CFCE8C5962F
 463	-8 440 -184
 464	-72 432 -168
 465	B9A55B7D-8424-11EC-BB30-9CFCE8C5962F
 466	72 -740 -184
 467	0B3F05BA-F110-F663-BF68-DE10EF1ABE74
 468	p7_box_cardboard_c_closed
 469	0798E780-A9E1-00B5-91DD-C1EE3A85EAFC
 470	136 -523 -168
 471	144 192 -184
 472	B9A55A84-8424-11EC-BB30-9CFCE8C5962F
 473	B9A55847-8424-11EC-BB30-9CFCE8C5962F
 474	B85D4D6F-4A6D-9469-34B1-E5842625FD80
 475	mp_cyber_spawn_axis
 476	595373DF-E8CD-F1F0-15A8-765492C63CA2
 477	B9A55CB2-8424-11EC-BB30-9CFCE8C5962F
 478	F2000067-DBD2-AC91-2053-933E6523F05C
 479	B9A55322-8424-11EC-BB30-9CFCE8C5962F
 480	26F20D4A-44AB-DAD6-C6D0-53D70ECE518C
 481	B9A55715-8424-11EC-BB30-9CFCE8C5962F
 482	89FBF89D-624B-406F-3588-4A77B0D6F55B
 483	pf367a3e6c1483f907_auto2108
 484	-888 -872 -168
 485	2FB9A716-DA77-D6EA-EC23-8C1A402C624E
 486	-504 -872 -176
 487	-184 -882 -164
 488	B9A55AE7-8424-11EC-BB30-9CFCE8C5962F
 489	B9A55ACC-8424-11EC-BB30-9CFCE8C5962F
 490	0 315 0
 491	A66AC4B4-54C8-FB79-6ADD-B29E5DF199C4
 492	B9A55874-8424-11EC-BB30-9CFCE8C5962F
 493	46AFC577-D31A-534D-137C-DCD7494D76E8
 494	801DEF81-8CB2-2055-D577-E0C466F1C57C
 495	B9A55B80-8424-11EC-BB30-9CFCE8C5962F
 496	-6 -798.039 -160
 497	-1082 154.039 -168
 498	31EDA3F3-E713-ADBC-DE04-D33512F1D099
 499	B9A559FA-8424-11EC-BB30-9CFCE8C5962F
 500	B9A558CE-8424-11EC-BB30-9CFCE8C5962F
 501	B9A55CA0-8424-11EC-BB30-9CFCE8C5962F
 502	DE8D2EDF-1DEA-8701-ED99-78FF6F8BB2AB
 503	A7BFF18B-EE36-0A1C-06D9-4B2357A699EA
 504	E25FEAB3-591F-56C7-1D0F-E26048FE8B59
 505	-70 -813 -176
 506	9ACC6325-C88B-C86A-695F-56AD002AC948
 507	hardpoint_5_chevrons
 508	D684E250-7EB4-5F8C-47ED-C4EC17D664D3
 509	433A3E21-CC19-41CD-2389-A0B05C523472
 510	43F521C3-FDBB-9E13-07F6-C49B24AF167C
 511	28D5D00B-6AEC-A65C-6EF0-FB2EC99AB27F
 512	831988FE-4B41-B2CD-9FEC-668713ABD24A
 513	-848 452 -160
 514	94 -870.039 -152
 515	-1105.8 421.629 -168
 516	5C878D42-07CB-6F24-DB01-AD582C106B55
 517	B9A557ED-8424-11EC-BB30-9CFCE8C5962F
 518	0 330 0
 519	-1040 -472 -160
 520	F06AE93E-1C3A-BE4F-3368-56912B532C17
 521	46E7B229-B2A9-A421-4BCB-87CFA1EF1088
 522	-492 360 -174
 523	B9A5527A-8424-11EC-BB30-9CFCE8C5962F
 524	B9A557FC-8424-11EC-BB30-9CFCE8C5962F
 525	045C0056-2FAF-1A33-08A6-AEA07D9E0EA5
 526	B9A55658-8424-11EC-BB30-9CFCE8C5962F
 527	B9A55991-8424-11EC-BB30-9CFCE8C5962F
 528	B9A556F1-8424-11EC-BB30-9CFCE8C5962F
 529	0F55EE0A-50C4-5CCA-CC3E-7BE310AF2582
 530	pf938f77b5c93f63f1_auto2108
 531	B9A55610-8424-11EC-BB30-9CFCE8C5962F
 532	-976 212 -172
 533	B9A55AE1-8424-11EC-BB30-9CFCE8C5962F
 534	B9A5579C-8424-11EC-BB30-9CFCE8C5962F
 535	-1110 330.039 -176
 536	3D58599E-0650-9831-0AE9-E23CE531FB98
 537	B9A5591C-8424-11EC-BB30-9CFCE8C5962F
 538	B9A55937-8424-11EC-BB30-9CFCE8C5962F
 539	138 -758.039 -148
 540	7A55102A-55A0-F2F4-368C-1D00A6306CE9
 541	D50F27CF-38C9-11ED-BB47-9CFCE8C5962F
 542	-1032 -488 -152
 543	22029765-921C-D13F-99A5-17BAEBF1BFB4
 544	21D52A3C-4D31-F79E-6DE4-2279B1173411
 545	28.3008 -868.18 -172.007
 546	3CAD5E91-131E-6DC2-739B-D5E642E8345A
 547	-864 -108 -160
 548	-952 392 -184
 549	-1054 106.039 -176
 550	169046A9-2A2C-D318-99FD-2D9D172E2537
 551	B9A55A00-8424-11EC-BB30-9CFCE8C5962F
 552	C4436F62-06A0-9423-B5AA-13BB53123623
 553	F32E2B99-2983-D7AE-85D5-5502C7B80202
 554	C7B228DA-5212-67DF-D86F-71A7A690C875
 555	B9A5570F-8424-11EC-BB30-9CFCE8C5962F
 556	8BADFF7B-3F12-11ED-BB47-9CFCE8C5962F
 557	73A2E044-2994-01DB-5188-9217B633348F
 558	B9A5596D-8424-11EC-BB30-9CFCE8C5962F
 559	20E007B6-036B-5B96-4451-BF66946554F5
 560	E44E7FE0-EDB9-E032-A509-23936E98BDB3
 561	B9A55AC9-8424-11EC-BB30-9CFCE8C5962F
 562	0067DCBD-054E-EBCC-F3C0-4E1125F2DAEB
 563	23045BD1-50B7-7347-824B-1CE9D9E365A0
 564	B9A55A06-8424-11EC-BB30-9CFCE8C5962F
 565	B9A55BF5-8424-11EC-BB30-9CFCE8C5962F
 566	-944 392 -176
 567	B9A55CDF-8424-11EC-BB30-9CFCE8C5962F
 568	B9A55D30-8424-11EC-BB30-9CFCE8C5962F
 569	DB1D2125-7082-DAE6-7BB2-2C2E93B26AFE
 570	6983C64D-940A-94A2-E409-9400CCA9BE31
 571	B9A557E1-8424-11EC-BB30-9CFCE8C5962F
 572	B9A556D6-8424-11EC-BB30-9CFCE8C5962F
 573	83B061B4-42C1-84FE-F9F6-308F826219E8
 574	-1077.9 -151.73 -172
 575	pf3fc667e7b21f2762_auto3181
 576	242947A5-38CA-11ED-BB47-9CFCE8C5962F
 577	B9A558AA-8424-11EC-BB30-9CFCE8C5962F
 578	D69A2AE3-53FE-227C-01AD-01CF274041BF
 579	98A64A02-7DFE-2B73-4116-1F9171DC634B
 580	C1356C3C-3F12-11ED-BB47-9CFCE8C5962F
 581	FFA65ABC-38C9-11ED-BB47-9CFCE8C5962F
 582	-16 -880 -176
 583	B0EA5263-B507-E3C7-FDC9-B325DF7F533B
 584	54434470-DA12-7EA4-9DD2-4C4363B2CA93
 585	970558FE-34A8-D0E6-7746-5D496C0158ED
 586	-1056 -860 -160
 587	-2.6992 -823.18 -172.007
 588	F710C52F-B116-A492-0ED8-39A9A7FF7738
 589	B33DA9DB-AD3C-30BE-4E63-E10C1AF5A996
 590	F2AEED0A-C456-AEAB-4F51-9229C193D511
 591	-892 440 -184
 592	B9A557E4-8424-11EC-BB30-9CFCE8C5962F
 593	B9A55CBE-8424-11EC-BB30-9CFCE8C5962F
 594	B9A55BA1-8424-11EC-BB30-9CFCE8C5962F
 595	B9A55D3C-8424-11EC-BB30-9CFCE8C5962F
 596	B9A55C34-8424-11EC-BB30-9CFCE8C5962F
 597	B9A5587A-8424-11EC-BB30-9CFCE8C5962F
 598	132 400 -168
 599	B9A55BCE-8424-11EC-BB30-9CFCE8C5962F
 600	B9A55D42-8424-11EC-BB30-9CFCE8C5962F
 601	0 255 0
 602	136 -506 -168
 603	B9A55943-8424-11EC-BB30-9CFCE8C5962F
 604	0 240 0
 605	DB24382B-A612-4797-5FCC-6245BC0F4CE3
 606	B9A55781-8424-11EC-BB30-9CFCE8C5962F
 607	-116 -872 -176
 608	B9A5576C-8424-11EC-BB30-9CFCE8C5962F
 609	-648 -880 -168
 610	1A6A6EB7-1BA3-6EEF-5220-E90A452DA668
 611	-1120 -488 -168
 612	E530B285-54EA-517F-C21A-C3B57D4BB135
 613	2EBD59EE-47FF-AB20-A301-AE0DADE03D9D
 614	EF318A07-3F12-11ED-BB47-9CFCE8C5962F
 615	099FE020-CF09-3FBA-89EE-E5F573F2D494
 616	BC2A67BC-C246-CEDD-EC7E-657224A4B725
 617	9D2EF00C-C851-E1C6-AF90-405E05F7F8A2
 618	-830 410.039 -176
 619	0E8C415D-3877-C9A4-C1BB-E22E14DFD685
 620	567EC5F5-252B-CCFD-9DEA-EA103AD2604C
 621	EEFB66CA-43D7-751B-47B9-0F2CD6B717B3
 622	B9A55BD4-8424-11EC-BB30-9CFCE8C5962F
 623	146 -518.039 -148
 624	B9A55AFC-8424-11EC-BB30-9CFCE8C5962F
 625	16534F47-3FC7-11ED-BB47-9CFCE8C5962F
 626	507AF01D-2249-59CE-081A-EB273B8B88BB
 627	B9A55910-8424-11EC-BB30-9CFCE8C5962F
 628	5DE8D761-CCFF-7313-3C58-455601A872D0
 629	B9A55AC0-8424-11EC-BB30-9CFCE8C5962F
 630	-834 410.039 -176
 631	B9A55CAF-8424-11EC-BB30-9CFCE8C5962F
 632	-1048 408 -184
 633	B9A55217-8424-11EC-BB30-9CFCE8C5962F
 634	ACED4A7E-2C90-FAA8-9FD0-DF3402962481
 635	DE773E2E-38C9-11ED-BB47-9CFCE8C5962F
 636	48 -820 -176
 637	B9A556FD-8424-11EC-BB30-9CFCE8C5962F
 638	0 80 0
 639	B9A55B86-8424-11EC-BB30-9CFCE8C5962F
 640	B9A55B5C-8424-11EC-BB30-9CFCE8C5962F
 641	E68CB447-B695-CD14-DD18-0904F39BC277
 642	B9A555DA-8424-11EC-BB30-9CFCE8C5962F
 643	E2E19807-0609-6CF4-ECEB-6D04ED7B2026
 644	-744 392 -160
 645	36CEA790-91EE-D6A6-CC10-BAD37D3A3938
 646	B9A55730-8424-11EC-BB30-9CFCE8C5962F
 647	6B7110C1-DE24-5CA6-F178-391B9CAA8D0F
 648	C9121DAD-965C-74EC-D06F-D4EE5CEE2B54
 649	4B9BC521-43B8-11ED-BB48-9CFCE8C5962F
 650	B9A55667-8424-11EC-BB30-9CFCE8C5962F
 651	15982C1C-3F12-11ED-BB47-9CFCE8C5962F
 652	CF030849-2CBE-742F-EDB3-8C9397CB894D
 653	0BB68A0E-0FBE-C2D7-5B17-64F06E4366D9
 654	B9A5585F-8424-11EC-BB30-9CFCE8C5962F
 655	B9A559AC-8424-11EC-BB30-9CFCE8C5962F
 656	58 -806.039 -156
 657	B9A556E8-8424-11EC-BB30-9CFCE8C5962F
 658	-1095.3 352.18 -180.007
 659	4CB40C4F-A6C4-5B38-D27C-CABC9F822F98
 660	985C7970-E54F-EE2B-3474-E8605AA14DB2
 661	B9A557FF-8424-11EC-BB30-9CFCE8C5962F
 662	-752 448 -168
 663	-1056 -220 -176
 664	B9A55D27-8424-11EC-BB30-9CFCE8C5962F
 665	148 -800 -176
 666	B9A55B74-8424-11EC-BB30-9CFCE8C5962F
 667	-1120 -504 -160
 668	B9A5530D-8424-11EC-BB30-9CFCE8C5962F
 669	D4169B17-F1C1-1BEA-2928-13BA8FB5E65F
 670	03CEF840-32BA-D82B-1FDF-7E67038EA7E1
 671	mp_sd_spawn_defender
 672	-866 306.039 -176
 673	-976 208 -184
 674	8DF726DB-34DB-28AB-B9A9-E91C336F66C4
 675	D98B52B3-35FC-EB36-1BDF-0541C77D7D39
 676	pf4b54f524ca1e0321_auto2108
 677	62FF5DC7-AFAE-7B0B-91FD-CB6CC963A240
 678	B9A558D7-8424-11EC-BB30-9CFCE8C5962F
 679	B9A556EB-8424-11EC-BB30-9CFCE8C5962F
 680	03E480A1-7AF3-063D-E1D5-4316461BB807
 681	0FC61CC3-3FC7-11ED-BB47-9CFCE8C5962F
 682	B9A55B8C-8424-11EC-BB30-9CFCE8C5962F
 683	B9A557C3-8424-11EC-BB30-9CFCE8C5962F
 684	-944 -64 -160
 685	144 320 -184
 686	DB74BEFD-D4FF-FB15-85DD-06E899669328
 687	B9A55C43-8424-11EC-BB30-9CFCE8C5962F
 688	140 -128 -176
 689	7236D75F-48A3-2190-C470-6AC7D5040A43
 690	-1038 250.039 -168
 691	-952 396 -172
 692	9AABB1AA-4F2D-571B-4A7E-285351698593
 693	AA25A39A-289A-D57C-0E57-9AA75333515D
 694	69903C26-A645-D16F-F8AA-7C3577B7BC74
 695	A37854EE-1B5F-55B6-4E87-3CC9A5B73844
 696	02F37770-3F13-11ED-BB47-9CFCE8C5962F
 697	fluorescent_flicker_medium_steady
 698	136 -448 -176
 699	E9186A0E-6574-CB27-B5D9-64A917B6BBD9
 700	8F45C9EB-2F9B-6D50-6E80-46F3CF0EABB3
 701	B9A55316-8424-11EC-BB30-9CFCE8C5962F
 702	C7313B59-3F12-11ED-BB47-9CFCE8C5962F
 703	B9A555D7-8424-11EC-BB30-9CFCE8C5962F
 704	-1120 296 -168
 705	12B342CE-CE81-E1AA-3A09-BCC012551EBC
 706	0FDFE393-F513-C5DB-C2B3-987D67A2274F
 707	DE819F4A-206D-5CED-92F4-2C4E1B8E6EBA
 708	71148B4C-A10E-20A5-984F-E08D94C8B924
 709	302ED94B-35CE-4613-1F83-8282C824C76F
 710	152 -610 -168
 711	B9A55985-8424-11EC-BB30-9CFCE8C5962F
 712	FC124B82-308E-03F6-53AB-C4AB5D07972D
 713	74D325A3-7160-69FF-5DB2-FA725828C0C4
 714	617DB229-A272-54B4-DB8F-6A159C5314EE
 715	-1071.3 472.18 -180.007
 716	B0B6725B-CEC1-3B9F-D6DF-C48B947C9942
 717	mp_koth_spawn
 718	0 325 0
 719	B9A55688-8424-11EC-BB30-9CFCE8C5962F
 720	B9A556C7-8424-11EC-BB30-9CFCE8C5962F
 721	B9A55877-8424-11EC-BB30-9CFCE8C5962F
 722	05176F18-35F7-062D-5F39-536C317982AD
 723	40BC48C2-2945-71BB-8315-72E81FD5D2D9
 724	D67887DE-66D8-DF22-8998-4586934CF8EF
 725	B9A55C94-8424-11EC-BB30-9CFCE8C5962F
 726	DF4864A3-C57F-F980-924E-AA5D07F20B40
 727	4E27815E-4E2F-3472-40C4-228AC03E2D03
 728	06908094-5EAE-8F62-2000-07DB044A87A8
 729	-644 -880 -168
 730	E95FC5B0-242B-9D2D-082C-E4F6A3061866
 731	0 129.999 0
 732	422444F2-9A11-E572-5042-09E3E9C0728D
 733	-1112 144 -160
 734	2BA48531-3946-8689-844C-D921534B8131
 735	519C56B3-2835-D365-D7BC-9102F532AFAA
 736	88 -600 -184
 737	-16 -864 -184
 738	128 -860 -176
 739	-456 -872 -176
 740	A0B1A40D-0AED-7421-8313-14BB2B624E87
 741	F5EF9B19-38C9-11ED-BB47-9CFCE8C5962F
 742	B9A558C8-8424-11EC-BB30-9CFCE8C5962F
 743	88FF0DE9-8E9C-73F5-0711-30649F7E63A8
 744	132 -692 -176
 745	B9A55892-8424-11EC-BB30-9CFCE8C5962F
 746	B9A5572D-8424-11EC-BB30-9CFCE8C5962F
 747	B3D471CB-936F-64BC-F850-4D3BC4EF8E81
 748	EADC9FDA-1261-7C37-6C53-4622862EE977
 749	-1022 226.039 -176
 750	8B3C5CAC-7D1E-8C1E-BBCA-BB4E1EDEFD8A
 751	-2 -866.039 -152
 752	0 135 0
 753	B9A555DD-8424-11EC-BB30-9CFCE8C5962F
 754	B9A55A60-8424-11EC-BB30-9CFCE8C5962F
 755	B9A55C97-8424-11EC-BB30-9CFCE8C5962F
 756	B9A5587D-8424-11EC-BB30-9CFCE8C5962F
 757	B9A55814-8424-11EC-BB30-9CFCE8C5962F
 758	scriptable_accessory_money_pile_tiny
 759	3099EF04-AC05-6AF2-6906-191F8EF5F9DB
 760	20F530BF-68CD-168F-B2E9-77E75FA25E78
 761	-970 386.039 -176
 762	-936 368 -176
 763	B9A55D45-8424-11EC-BB30-9CFCE8C5962F
 764	124 398 -164
 765	0 270 0
 766	-68 -816 -184
 767	C5379EFD-BB77-A5FC-B050-62256A7A4A84
 768	B9A55D54-8424-11EC-BB30-9CFCE8C5962F
 769	B9A55A4B-8424-11EC-BB30-9CFCE8C5962F
 770	B9A557F6-8424-11EC-BB30-9CFCE8C5962F
 771	66969F76-B1E2-AA08-9797-CD1506EAF09D
 772	mp_dd_spawn_defender_start
 773	B9A55AD2-8424-11EC-BB30-9CFCE8C5962F
 774	25FFC509-28DA-7518-C591-AE80D0B43684
 775	vfx/jup/level/mp_jup_shipment_alt_5/vfx_shipment_alt_5_glowing_light_white
 776	B9A55C3A-8424-11EC-BB30-9CFCE8C5962F
 777	-456 352 -172
 778	B9A5532B-8424-11EC-BB30-9CFCE8C5962F
 779	-1120 -616 -184
 780	B9A5563D-8424-11EC-BB30-9CFCE8C5962F
 781	C43B8C81-1F45-7507-ACD3-88A805E8D813
 782	-1112 216 -160
 783	mp_control_spawn_defender
 784	-102 -794.039 -160
 785	-1112 -512 -168
 786	B9A55D09-8424-11EC-BB30-9CFCE8C5962F
 787	-840 368 -176
 788	D00CF11D-99B9-7755-F7B3-A342DA240FBF
 789	B9A55D69-8424-11EC-BB30-9CFCE8C5962F
 790	90 -686.039 -156
 791	7834B850-B289-6967-D98C-8EBC7587A904
 792	CF832E7A-9381-9960-6A3D-CEDC5E459718
 793	-112 448 -184
 794	B9A55694-8424-11EC-BB30-9CFCE8C5962F
 795	-1064 168 -184
 796	5C42090F-9A12-5143-C60D-2D2922D5410F
 797	-100 -318 -164
 798	583FBBC9-CBE9-468F-8DCE-B7A3822EE13A
 799	B9A55D2A-8424-11EC-BB30-9CFCE8C5962F
 800	B9A559E5-8424-11EC-BB30-9CFCE8C5962F
 801	89A587F1-E145-E555-B635-B0D423566948
 802	120 -660 -176
 803	B9A5583B-8424-11EC-BB30-9CFCE8C5962F
 804	B9A5599A-8424-11EC-BB30-9CFCE8C5962F
 805	metal_chain_01_hanging_arc
 806	vfx/jup/level/mp_jup_shipment_alt_5/vfx_shipment_alt_5_lensflare_bulb_warm
 807	B9A55760-8424-11EC-BB30-9CFCE8C5962F
 808	144 -736 -176
 809	B9A55928-8424-11EC-BB30-9CFCE8C5962F
 810	B9A55823-8424-11EC-BB30-9CFCE8C5962F
 811	F9C95CA6-03BE-AD9D-3D91-E8DFFD4CEFE4
 812	DE734792-5E5C-633E-20FB-2B7EAF36FB29
 813	1DE6F5A3-38CA-11ED-BB47-9CFCE8C5962F
 814	421DA6FD-8410-AC5C-FB33-2176428084E1
 815	D32B9279-89D1-2837-5609-029A6A3DEA4C
 816	26B367D9-6D07-9704-AC57-A8A11121379D
 817	AB917179-38C9-11ED-BB47-9CFCE8C5962F
 818	87456191-52C7-3B7A-D0FE-4033F68B4019
 819	C942BEDC-76EA-4EBF-C30C-68FD66195E41
 820	53316867-43B8-11ED-BB48-9CFCE8C5962F
 821	AB917165-38C9-11ED-BB47-9CFCE8C5962F
 822	BC49887E-F041-F7CC-8989-49351E9E706B
 823	mp_dd_spawn_attacker
 824	1FB56F1A-866E-0303-3F04-CB02AA59A565
 825	-512 -872 -176
 826	-898 362.039 -176
 827	B9A55709-8424-11EC-BB30-9CFCE8C5962F
 828	-1092 216 -180
 829	0D78A172-38CA-11ED-BB47-9CFCE8C5962F
 830	2A8C15D5-621E-34CB-77C3-20997AC4B8FB
 831	B9A55622-8424-11EC-BB30-9CFCE8C5962F
 832	ACF10800-021B-8A69-FF52-49918B46FD7A
 833	B9A55925-8424-11EC-BB30-9CFCE8C5962F
 834	FAC68DEE-33EA-9196-2B4E-1BCD3B0A9814
 835	C075DAF8-41B1-71CA-D7DF-4BE5CD51F299
 836	9B5B3C01-5F0C-F578-5ECF-6D208D93E241
 837	36227878-567C-54A2-42FE-099695DEB7F9
 838	mp_cyber_spawn_allies
 839	161E3FBA-75A3-7505-5E1B-2DEA03CE7AC1
 840	CF84E98C-9749-4861-2A0A-6E4EF8FF96CD
 841	mp_dm_spawn_secondary
 842	B9A5532E-8424-11EC-BB30-9CFCE8C5962F
 843	-720 -872 -168
 844	pf833b46e8f748050b_auto2108
 845	B9A55C07-8424-11EC-BB30-9CFCE8C5962F
 846	B9A5597F-8424-11EC-BB30-9CFCE8C5962F
 847	F13973F2-FC8E-4FE2-E8E5-2D106FD66C16
 848	-848 316 -172
 849	-376 -504 -176
 850	16534F38-3FC7-11ED-BB47-9CFCE8C5962F
 851	B9A55220-8424-11EC-BB30-9CFCE8C5962F
 852	B9A55CDC-8424-11EC-BB30-9CFCE8C5962F
 853	EA66FFC5-2D6A-A1AD-091B-E5CE0C039EEA
 854	mp_tdm_spawn_secondary
 855	-1064 64 -160
 856	2B63FEF2-A329-5317-045F-BB2FE0595C65
 857	B9A55CEB-8424-11EC-BB30-9CFCE8C5962F
 858	136 0 -168
 859	25BB99D5-76E0-8429-AF5F-5E0CEA5A0CAD
 860	B9A55C9D-8424-11EC-BB30-9CFCE8C5962F
 861	-680 432 -168
 862	5690C995-6DA0-61C8-85C8-7DDD07D3EE6B
 863	0DB0583A-81A2-5025-81EC-73B444D9B2C4
 864	AB23175B-2A52-5CE3-5CB1-87E1C7F84A93
 865	B49EB291-937C-065E-9740-C6C423F56202
 866	B1DE511E-C46F-6BB8-534B-36221E29A817
 867	B9A55CE2-8424-11EC-BB30-9CFCE8C5962F
 868	B9A5575D-8424-11EC-BB30-9CFCE8C5962F
 869	136 -513 -168
 870	B9A55ACF-8424-11EC-BB30-9CFCE8C5962F
 871	mp_dd_spawn_defender_a
 872	B9A55CD9-8424-11EC-BB30-9CFCE8C5962F
 873	2BB57568-0414-4B73-F70C-A592E72BA439
 874	739D894E-4D41-9D8C-5414-1FC601DA9E00
 875	B9A55AAB-8424-11EC-BB30-9CFCE8C5962F
 876	-977.801 377.301 -168
 877	BBA90EF1-0E57-3A1F-C8DA-B948D802AF82
 878	A367B9F5-99A7-C02B-FEBD-D32E5E990BEB
 879	-1032 172 -172
 880	0 130 0
 881	C40843DE-4DF9-6B41-24EF-F31CE7763025
 882	6C893140-46A8-2F3A-75CE-EDE4C06CB30D
 883	B9A55CF1-8424-11EC-BB30-9CFCE8C5962F
 884	-72 448 -160
 885	E821FB46-B9FF-76C4-C8F0-71749F132824
 886	212825D9-6147-B3AC-3467-7F126B26EC62
 887	B9A5573F-8424-11EC-BB30-9CFCE8C5962F
 888	B9A5565E-8424-11EC-BB30-9CFCE8C5962F
 889	mp_dd_spawn_attacker_a
 890	scriptable_accessory_accessory_scale_lab
 891	-848 432 -168
 892	B9A5534C-8424-11EC-BB30-9CFCE8C5962F
 893	6F672FBF-B750-D10C-7F6B-5175F710F107
 894	traverse
 895	E076B04A-C416-F1D8-F134-FD71634A1EF6
 896	-536 -872 -176
 897	B9A556CA-8424-11EC-BB30-9CFCE8C5962F
 898	128 360 -184
 899	-1064 444 -160
 900	07724F25-B040-BDB4-45E0-0598CA5A63FD
 901	858D83CF-864B-1F32-E047-4FF21F5E6D57
 902	-108 -120 -176
 903	7AF38F52-432F-D373-BF05-146931D45B29
 904	8AEFEF72-30C5-5D5A-0F9B-E90CC03F109E
 905	89773933-6A65-951C-9C5E-5E7051A3A0E3
 906	1C490640-68B4-E200-DDDB-34F5EB22FB4F
 907	48 -880 -168
 908	0D3B83EC-B151-AA1A-9295-3080682FD2B2
 909	8DCC9F38-E928-4BB5-EDDC-2960CEE7463F
 910	pfb1a67850cc350031_auto2108
 911	8268A239-FDB0-122D-4DFE-2BDBF1E1D1C7
 912	DE773E3E-38C9-11ED-BB47-9CFCE8C5962F
 913	-1000 104 -184
 914	-248 -880 -176
 915	CF89FBDF-F207-9D9D-4835-ADEE2A8E2D5F
 916	-1032 408 -184
 917	B9A55ABD-8424-11EC-BB30-9CFCE8C5962F
 918	-416 352 -176
 919	B9A55652-8424-11EC-BB30-9CFCE8C5962F
 920	715E23E8-6D92-3DB4-3F40-86703A834B48
 921	B9A5586E-8424-11EC-BB30-9CFCE8C5962F
 922	04AC29CE-DF85-3782-3266-8E6E4A2CC2D3
 923	6ABDD36C-0E90-211E-0F0E-67170B1F19E9
 924	B9A556FA-8424-11EC-BB30-9CFCE8C5962F
 925	B9A55898-8424-11EC-BB30-9CFCE8C5962F
 926	8C5DE4CD-7A62-93E8-6359-602A73D38F09
 927	B9A55A8D-8424-11EC-BB30-9CFCE8C5962F
 928	-304 -752 -160
 929	-1040 244 -172
 930	144 4 -184
 931	mp_arena_spawn
 932	B9A55D72-8424-11EC-BB30-9CFCE8C5962F
 933	-1072 -144 -168
 934	B766CB04-60D9-8834-E664-0F2CC46CC754
 935	B9A5598B-8424-11EC-BB30-9CFCE8C5962F
 936	1E9D8BD9-BC51-45A0-4BDB-817F9444AB4F
 937	-526 -872 -172
 938	-304 456 -184
 939	decor_drug_brick_pile_03
 940	-1048 248 -184
 941	0 74.9998 0
 942	B9A55D5A-8424-11EC-BB30-9CFCE8C5962F
 943	A0066DEE-3B78-C414-F9D7-C8C974494899
 944	-1112 -568 -160
 945	DD754911-2E50-E2C7-E02D-180DAC4D1DE8
 946	B9A55907-8424-11EC-BB30-9CFCE8C5962F
 947	D405ABAB-43B8-11ED-BB48-9CFCE8C5962F
 948	0FC61CD7-3FC7-11ED-BB47-9CFCE8C5962F
 949	B9A55C16-8424-11EC-BB30-9CFCE8C5962F
 950	130 -854.039 -160
 951	-1120 360 -160
 952	A7BBB08A-067C-3AD6-04BF-4E00D4D9A532
 953	104 -824 -160
 954	D4A49302-7462-6BAA-57E0-CCB4DE0E708B
 955	mp_control_spawn_attacker_start
 956	-376 -472 -176
 957	CFADC5D9-B386-5694-A0A8-DCBBB996ED57
 958	90A278DD-BD91-C29C-D287-103C247A42A5
 959	A10208F8-09B0-5AC5-2529-2DB20F63C4C0
 960	B9A55811-8424-11EC-BB30-9CFCE8C5962F
 961	B9A55772-8424-11EC-BB30-9CFCE8C5962F
 962	B9A555FE-8424-11EC-BB30-9CFCE8C5962F
 963	DD72803B-D403-9336-CC09-9F81741F4052
 964	354EEE14-072A-F33B-DE46-792B7E50C180
 965	0 319.999 0
 966	B9A55628-8424-11EC-BB30-9CFCE8C5962F
 967	B9A55ABA-8424-11EC-BB30-9CFCE8C5962F
 968	-224 432 -168
 969	B9A55934-8424-11EC-BB30-9CFCE8C5962F
 970	0FC61CB9-3FC7-11ED-BB47-9CFCE8C5962F
 971	B9A55C2E-8424-11EC-BB30-9CFCE8C5962F
 972	40 448 -160
 973	B9A55D39-8424-11EC-BB30-9CFCE8C5962F
 974	vfx/jup/level/mp_jup_shipment_alt_5/vfx_shipment_alt_5_glowing_light_orange
 975	B9A55994-8424-11EC-BB30-9CFCE8C5962F
 976	B9A5589E-8424-11EC-BB30-9CFCE8C5962F
 977	4183A89E-664B-00D3-CAB4-1BFA9F906A7F
 978	16534F29-3FC7-11ED-BB47-9CFCE8C5962F
 979	B9A55BF2-8424-11EC-BB30-9CFCE8C5962F
 980	66 -790.039 -152
 981	-96 -122 -164
 982	33FDDAA8-493F-3485-8A17-EA70EA1D22B5
 983	B9A552B0-8424-11EC-BB30-9CFCE8C5962F
 984	-714 -884 -164
 985	B9A5594F-8424-11EC-BB30-9CFCE8C5962F
 986	E1D65D06-AA39-6485-35A1-DFA5EADB49D8
 987	0 89.9999 0
 988	-296 456 -184
 989	B9A55AC3-8424-11EC-BB30-9CFCE8C5962F
 990	B2BCA7BE-7E5B-92E7-B0A8-6797434E0A06
 991	FCD18A63-D86F-472A-AEF3-9CCA7DF8BE9C
 992	3E7DF528-F55E-44F9-8D0F-5F64A9FF54A6
 993	-1072 0 -160
 994	B9A55BB3-8424-11EC-BB30-9CFCE8C5962F
 995	34B43523-96EB-F718-2768-07AB486A485B
 996	72 -328 -168
 997	BA1CF0F3-A6EA-B4BD-6D37-6A49CC6842CA
 998	B9A55BE6-8424-11EC-BB30-9CFCE8C5962F
 999	B9A55C28-8424-11EC-BB30-9CFCE8C5962F
1000	-72 -812 -176
1001	76C88175-5AC0-2C7E-79CE-1525972AA953
1002	B9A555D4-8424-11EC-BB30-9CFCE8C5962F
1003	B9A5584A-8424-11EC-BB30-9CFCE8C5962F
1004	-848 388 -172
1005	5316A59A-1424-86BE-19CC-CD71AB335DCB
1006	8C0615AE-2F38-502C-1611-6934E644BC2B
1007	FE266775-1355-750A-386F-55830D41FF29
1008	B9A55C13-8424-11EC-BB30-9CFCE8C5962F
1009	2B0F5632-E316-47CE-5733-FB6EE0FE052E
1010	B9A55904-8424-11EC-BB30-9CFCE8C5962F
1011	B9A555E9-8424-11EC-BB30-9CFCE8C5962F
1012	scriptable_hardpoint_chevron
1013	985B3D6B-3A68-0EAF-C23B-A0C4B62E0791
1014	0 320 0
1015	CE09D3E8-B276-41F5-7296-66DC1942E26A
1016	2A2819A7-38CA-11ED-BB47-9CFCE8C5962F
1017	-1120 -768 -184
1018	2E66FB30-B6C6-C170-9A74-2DEB436B303B
1019	885F6CBC-BCDB-7181-27F6-920B91513C7A
1020	B9A55D0C-8424-11EC-BB30-9CFCE8C5962F
1021	B9A55D36-8424-11EC-BB30-9CFCE8C5962F
1022	B9A55964-8424-11EC-BB30-9CFCE8C5962F
1023	B9B45A24-144B-7CA2-7305-5B4E062262B5
1024	16534F33-3FC7-11ED-BB47-9CFCE8C5962F
1025	B9A55889-8424-11EC-BB30-9CFCE8C5962F
1026	-1072 72 -152
1027	69E685F2-E213-0AC0-2F37-90B5F4C9D492
1028	49175748-9E3F-A956-8557-F372F351BC98
1029	B9A55C91-8424-11EC-BB30-9CFCE8C5962F
1030	B9A55D6C-8424-11EC-BB30-9CFCE8C5962F
1031	75F8BFAD-8C34-6AF6-DCE0-07171951D231
1032	B9A55CF4-8424-11EC-BB30-9CFCE8C5962F
1033	40DF5562-AE5B-20D0-ED05-44033F646B91
1034	291156AE-12E4-5F77-EEA0-CBB0B0B23683
1035	144 260 -184
1036	-1021.8 441.629 -168
1037	B9A55B89-8424-11EC-BB30-9CFCE8C5962F
1038	F2BC73A1-6D2F-B3DF-CBB9-C0732FD4BC70
1039	jump_up_80
1040	jump_up_40
1041	B9A557CC-8424-11EC-BB30-9CFCE8C5962F
1042	-977.801 385.301 -168
1043	-1106 166.039 -176
1044	B9A5571E-8424-11EC-BB30-9CFCE8C5962F
1045	mp_rugby_spawn_axis
1046	B9A55751-8424-11EC-BB30-9CFCE8C5962F
1047	CF82D24F-703D-6461-75C6-BEF5BCA406BF
1048	B9A558E0-8424-11EC-BB30-9CFCE8C5962F
1049	AB91718D-38C9-11ED-BB47-9CFCE8C5962F
1050	B9A558BC-8424-11EC-BB30-9CFCE8C5962F
1051	144 132 -184
1052	-878 -880 -164
1053	817D658E-CA5C-6952-81AC-D35AC83AC890
1054	B9A55D63-8424-11EC-BB30-9CFCE8C5962F
1055	-864 -120 -160
1056	B9A55CCA-8424-11EC-BB30-9CFCE8C5962F
1057	-935.5 452.539 -168
1058	F79CE5E6-56DA-2FD1-8D6E-342CCCFA4561
1059	B9A55BFE-8424-11EC-BB30-9CFCE8C5962F
1060	AB917188-38C9-11ED-BB47-9CFCE8C5962F
1061	B9A5593A-8424-11EC-BB30-9CFCE8C5962F
1062	B9A55616-8424-11EC-BB30-9CFCE8C5962F
1063	88 -848 -184
1064	8BADFF89-3F12-11ED-BB47-9CFCE8C5962F
1065	-168 -880 -168
1066	-634 -884 -164
1067	74 -578.039 -156
1068	mp_koth_spawn_secondary
1069	1D9B5E71-C09E-60E5-3AD2-D9A921037325
1070	B9A55739-8424-11EC-BB30-9CFCE8C5962F
1071	116 416 -168
1072	B9A55CB8-8424-11EC-BB30-9CFCE8C5962F
1073	B9A559B2-8424-11EC-BB30-9CFCE8C5962F
1074	B9A552E0-8424-11EC-BB30-9CFCE8C5962F
1075	B9A555F2-8424-11EC-BB30-9CFCE8C5962F
1076	3DB78610-CB1F-541E-0886-D3F2298ED699
1077	B9A55CFD-8424-11EC-BB30-9CFCE8C5962F
1078	A259FB4C-E89C-411F-050F-BFE8EB79C10D
1079	9CDCDDA1-F560-6BC3-0D63-2A8BEEFC8832
1080	B9A55310-8424-11EC-BB30-9CFCE8C5962F
1081	C7313B64-3F12-11ED-BB47-9CFCE8C5962F
1082	B9A55B44-8424-11EC-BB30-9CFCE8C5962F
1083	-142 -870.039 -160
1084	6DEE2A04-C9D8-8190-4DFD-D4E0C7712EDA
1085	B9A5568B-8424-11EC-BB30-9CFCE8C5962F
1086	B9A55952-8424-11EC-BB30-9CFCE8C5962F
1087	B9A551FE-8424-11EC-BB30-9CFCE8C5962F
1088	B9A55B77-8424-11EC-BB30-9CFCE8C5962F
1089	scriptable_accessory_money_pile_small
1090	pf3ddab537d7b84b16_auto2108
1091	B9A55871-8424-11EC-BB30-9CFCE8C5962F
1092	-976 432 -168
1093	-868 -316 -160
1094	20336C30-185C-B4FE-9273-976C3C926B98
1095	1FEDA084-B189-BF5C-D0DA-5A0A0F2FA0A1
1096	-901.801 389.301 -168
1097	mp_rugby_spawn_allies
1098	B9A55325-8424-11EC-BB30-9CFCE8C5962F
1099	mp_ctf_spawn_axis_start
1100	-1112 80 -168
1101	B9A5572A-8424-11EC-BB30-9CFCE8C5962F
1102	-1088 312 -184
1103	B9A55655-8424-11EC-BB30-9CFCE8C5962F
1104	-808 456 -160
1105	DDF67CB6-A522-FEBA-9FA5-6C74855D05B4
1106	FD8126BC-B5AB-958F-C1CD-75D4DBF70FA7
1107	-1080 -144 -164
1108	62D409AE-8B16-D827-2CE2-4C49C1B68BDA
1109	-100 -144 -168
1110	B9A5570C-8424-11EC-BB30-9CFCE8C5962F
1111	hardpoint_3_chevrons
1112	B9A55886-8424-11EC-BB30-9CFCE8C5962F
1113	-64 440 -176
1114	B5CA6431-E6E1-2916-0164-963055165BA4
1115	7E3F34F5-F86C-6C75-0CF7-3767CD48E107
1116	76283CD7-46DB-4E14-8B07-9766930C32E6
1117	-910 442.039 -176
1118	B9A55B71-8424-11EC-BB30-9CFCE8C5962F
1119	B9A55901-8424-11EC-BB30-9CFCE8C5962F
1120	134 -654.039 -160
1121	B9A55307-8424-11EC-BB30-9CFCE8C5962F
1122	B9A55712-8424-11EC-BB30-9CFCE8C5962F
1123	mp_sd_spawn_attacker
1124	B9A55607-8424-11EC-BB30-9CFCE8C5962F
1125	B0D1B503-7383-015F-7947-6A0E2DE97496
1126	-8 440 -168
1127	96FE960D-57B4-AA1F-A3EF-D928C611242F
1128	67EED676-F98A-7DE1-0C30-79B49B0EC8FE
1129	-98 -798.039 -160
1130	877FB57B-63DB-8C58-22CA-4B34E573921E
1131	0CBD540D-0CC8-227F-A4D9-D7146593AEA0
1132	B9A5575A-8424-11EC-BB30-9CFCE8C5962F
1133	15E4B87B-424C-D3E0-F0F8-2A031388980E
1134	0CD32892-5BA0-E966-E087-B31BF5DC2415
1135	B9A55D03-8424-11EC-BB30-9CFCE8C5962F
1136	-66 -822.039 -156
1137	B9A557B4-8424-11EC-BB30-9CFCE8C5962F
1138	0 160 0
1139	128 -556 -176
1140	B9A55988-8424-11EC-BB30-9CFCE8C5962F
1141	B1592D2D-EB19-7E13-8481-F32ABD9B5037
1142	B9A5597C-8424-11EC-BB30-9CFCE8C5962F
1143	0 115 0
1144	ADE551F1-D2C1-6FD9-40F6-BA1FAEE75EAE
1145	BA3F3E07-7BB4-224F-8DE8-6EE433DCE6AC
1146	B9A556C4-8424-11EC-BB30-9CFCE8C5962F
1147	4BA551EF-B90F-130E-7F03-2A91A11C99D1
1148	B9A556BE-8424-11EC-BB30-9CFCE8C5962F
1149	B9A55D5D-8424-11EC-BB30-9CFCE8C5962F
1150	B9A55AD8-8424-11EC-BB30-9CFCE8C5962F
1151	base
1152	B9A552D1-8424-11EC-BB30-9CFCE8C5962F
1153	947D04B1-BC31-F5B9-218F-21325139EDB5
1154	D0370F45-553F-0C42-D78D-CA704755F177
1155	69E068D6-DA52-D1F6-4E2D-F7EBA78D5136
1156	-688 460 -160
1157	C74F1DF8-E7D0-6A76-DA6A-3AF5D45A239A
1158	136 -800 -184
1159	allies_endzone_vis
1160	B9A557D2-8424-11EC-BB30-9CFCE8C5962F
1161	B9A55D4E-8424-11EC-BB30-9CFCE8C5962F
1162	BFBCA257-A4B8-1439-CDA4-3B966F61E122
1163	93EBE357-8099-1767-64B8-E8D63303B42A
1164	04DB8100-0F70-9759-4922-11C42C768EF6
1165	139 -788.039 -160
1166	136 -736 -168
1167	-1120 248 -160
1168	B9A55292-8424-11EC-BB30-9CFCE8C5962F
1169	10FC3042-B533-BD33-284C-CF557D45CD0D
1170	-1048 248 -176
1171	A9920D99-11FC-C341-8DCD-71FAAFD73575
1172	B9A555F8-8424-11EC-BB30-9CFCE8C5962F
1173	B9A552F5-8424-11EC-BB30-9CFCE8C5962F
1174	16534F42-3FC7-11ED-BB47-9CFCE8C5962F
1175	24 -808 -184
1176	B9A55940-8424-11EC-BB30-9CFCE8C5962F
1177	471D1541-9061-F2FE-B82D-7430DEEBFA5A
1178	B9A55784-8424-11EC-BB30-9CFCE8C5962F
1179	B9A5576F-8424-11EC-BB30-9CFCE8C5962F
1180	DE773E33-38C9-11ED-BB47-9CFCE8C5962F
1181	BEB8AD09-F93F-356C-E54B-64F563F3CC48
1182	B9A5529B-8424-11EC-BB30-9CFCE8C5962F
1183	FD3F021A-F390-5C55-15E1-23A89DFE7D2E
1184	4 -872 -176
1185	B9A559DF-8424-11EC-BB30-9CFCE8C5962F
1186	13701732-D0D5-1D2C-5062-5FA31C393494
1187	-74 -808.039 -160
1188	mp_rugby_spawn_allies_start
1189	D3885DC1-3F12-11ED-BB47-9CFCE8C5962F
1190	-128 432 -168
1191	-1023.3 416.18 -180.007
1192	B9A55A66-8424-11EC-BB30-9CFCE8C5962F
1193	-1088 312 -176
1194	equipment_safety_vest_02
1195	893E94F2-4B5E-6E18-4869-193ABB39CADF
1196	-1064 -24 -160
1197	pfc14a344956f018f9_auto2108
1198	pfdce8b5134eb0570b_auto2108
1199	B9A55A93-8424-11EC-BB30-9CFCE8C5962F
1200	-264 -810 -164
1201	-1120 136 -168
1202	0FC61CB4-3FC7-11ED-BB47-9CFCE8C5962F
1203	110 -304 -172
1204	070BD26D-7071-64C7-1C8F-430872FCA425
1205	ABDC9DFB-69DE-8CBA-8622-50761EC69D35
1206	B9A55BCB-8424-11EC-BB30-9CFCE8C5962F
1207	F6042421-65AF-B324-BCA0-8DE9958ABAE0
1208	33796AF7-EF04-0A26-58F2-027769DD765A
1209	0 335 0
1210	128 -672 -184
1211	136 -440 -168
1212	AD8F8F61-3F12-11ED-BB47-9CFCE8C5962F
1213	-138 -874.039 -160
1214	142 -822.039 -152
1215	B55FE92C-6E74-F306-EAF9-216E6BF6EE0F
1216	DE773E38-38C9-11ED-BB47-9CFCE8C5962F
1217	scriptable_decor_drug_brick_pile_04
1218	light_part
1219	B9A5590A-8424-11EC-BB30-9CFCE8C5962F
1220	428EC227-124C-909A-8629-B9763DAB292F
1221	122 -538.039 -160
1222	B9A5591F-8424-11EC-BB30-9CFCE8C5962F
1223	8B19738F-3CCB-5A45-83A8-EAD354A294B0
1224	B9A55C49-8424-11EC-BB30-9CFCE8C5962F
1225	-30 -874.039 -160
1226	136 -784 -184
1227	B9A552B6-8424-11EC-BB30-9CFCE8C5962F
1228	B9A5566D-8424-11EC-BB30-9CFCE8C5962F
1229	-935.5 444.539 -168
1230	A80089F4-38B8-9C78-C49A-3F8CDA539430
1231	A8C9E168-A8A2-7799-8A0F-5C91314FCE06
1232	06DA6672-38CA-11ED-BB47-9CFCE8C5962F
1233	21056A4D-C161-786B-7F2D-536A335462AA
1234	C2AB8987-E175-D0BF-ADF5-1B8AA82D2C91
1235	mp_ctf_spawn_secondary
1236	E42976A3-92FC-9B24-BD96-92C6B21F14B1
1237	06C6DC15-DEBA-42D4-D5BB-972C47252C21
1238	hardpoint_1_chevrons
1239	6679424C-0817-7FCB-FA8C-48D9A1A6A9AD
1240	AB91716A-38C9-11ED-BB47-9CFCE8C5962F
1241	3EA806AE-6D31-74E5-A565-579640DE4054
1242	B9A55631-8424-11EC-BB30-9CFCE8C5962F
1243	-1112 8 -160
1244	B9A55844-8424-11EC-BB30-9CFCE8C5962F
1245	0FC61CDC-3FC7-11ED-BB47-9CFCE8C5962F
1246	B9A55796-8424-11EC-BB30-9CFCE8C5962F
1247	B9A552CE-8424-11EC-BB30-9CFCE8C5962F
1248	B9A5588F-8424-11EC-BB30-9CFCE8C5962F
1249	B9A55BB6-8424-11EC-BB30-9CFCE8C5962F
1250	pf69df9d7329edb759_auto2108
1251	6C2A9C33
1252	-1050 106.039 -176
1253	B9A55C37-8424-11EC-BB30-9CFCE8C5962F
1254	DDCB6188-B48C-BAF3-0497-C2C2534E1B0D
1255	F4BE5A77-4576-4327-53B7-00DCCF593426
1256	-116 -884 -176
1257	D9AA0257-7931-543C-4462-469BADDFB018
1258	E56F7701-5531-691B-E003-06D476590C84
1259	B9A55BD7-8424-11EC-BB30-9CFCE8C5962F
1260	F5AB5A50-8660-BFF5-43B7-D78EBB844AA1
1261	134 -866.039 -148
1262	0862E314-A826-0A5D-7BB8-15005B300488
1263	71DC45B0-2827-6901-8F47-6452FAFAF64F
1264	7B10484D-150A-08CE-7C4A-893A1354CACB
1265	B9A5521D-8424-11EC-BB30-9CFCE8C5962F
1266	B9A5574B-8424-11EC-BB30-9CFCE8C5962F
1267	84 -596 -184
1268	48 432 -184
1269	B9A55766-8424-11EC-BB30-9CFCE8C5962F
1270	-864 -120 -168
1271	3A22B49C-492E-9F46-792F-95FE5EC28422
1272	-1026 226.039 -176
1273	152 -736 -160
1274	B9A55AF0-8424-11EC-BB30-9CFCE8C5962F
1275	0 180 0
1276	pf7afe52bb13f9fc33_auto2108
1277	E03A2685-43B8-11ED-BB48-9CFCE8C5962F
1278	B9A55A99-8424-11EC-BB30-9CFCE8C5962F
1279	138 -762.039 -156
1280	mp_koth_spawn_axis_start
1281	B9A556F7-8424-11EC-BB30-9CFCE8C5962F
1282	B9A55AEA-8424-11EC-BB30-9CFCE8C5962F
1283	9B27BB04-6F25-DE6D-586E-D16F5E80CF3B
1284	80 432 -184
1285	B9A55B14-8424-11EC-BB30-9CFCE8C5962F
1286	B9A55913-8424-11EC-BB30-9CFCE8C5962F
1287	AB445874-F669-BCC7-A456-A18FE271454B
1288	B9A55670-8424-11EC-BB30-9CFCE8C5962F
1289	B9A557D8-8424-11EC-BB30-9CFCE8C5962F
1290	0 340 0
1291	87D36140-EFA2-1193-ABCF-1EC36023BBAF
1292	0FC61CD2-3FC7-11ED-BB47-9CFCE8C5962F
1293	18F7B7B9-1A05-6360-C393-D1D5AE90DC05
1294	B9A55733-8424-11EC-BB30-9CFCE8C5962F
1295	752FF32A-3FBD-DC8A-0932-6A48AFDE85B6
1296	mp_tdm_spawn
1297	3B8417C0-79CF-67D2-2B64-CF604EB1059D
1298	B9A5534F-8424-11EC-BB30-9CFCE8C5962F
1299	B9A55C04-8424-11EC-BB30-9CFCE8C5962F
1300	-720 456 -160
1301	-1096 -832 -168
1302	B9A55634-8424-11EC-BB30-9CFCE8C5962F
1303	-472 -872 -176
1304	16534F24-3FC7-11ED-BB47-9CFCE8C5962F
1305	1
1306	B9A55CE5-8424-11EC-BB30-9CFCE8C5962F
1307	142 -618.039 -148
1308	B9A55A51-8424-11EC-BB30-9CFCE8C5962F
1309	-848 420 -180
1310	mp_rugby_spawn_allies_secondary
1311	142 -622.039 -156
1312	-960 184 -184
1313	B9A55922-8424-11EC-BB30-9CFCE8C5962F
1314	B9A55931-8424-11EC-BB30-9CFCE8C5962F
1315	-1112 240 -176
1316	0AC5F183-DBFC-2107-FCAF-E6F943131283
1317	A434C2F6-A5D9-A369-B41D-A090B7646F11
1318	-984 -40 -168
1319	-1128 -672 -184
1320	B9A55D3F-8424-11EC-BB30-9CFCE8C5962F
1321	B9A55625-8424-11EC-BB30-9CFCE8C5962F
1322	BAAFB802-210E-0BFC-A2A7-5FBB435960AD
1323	B9A55D21-8424-11EC-BB30-9CFCE8C5962F
1324	54E76F62-CCB7-1335-0602-DB4FCA75C38E
1325	FC9BACB5-0913-989B-8588-BBAE10A60A96
1326	120 404 -168
1327	-1111.3 432.18 -180.007
1328	07CE000A-67A0-9361-57DE-D922EFBE0A8C
1329	B97CCDBA-AEF1-64C9-4009-D0EDDD1E6FB1
1330	B9A55946-8424-11EC-BB30-9CFCE8C5962F
1331	10951455-9F48-05AC-29EF-78953784D7D5
1332	648060AA-FBCE-C122-7ABC-F9D17137C8A6
1333	B9A5561F-8424-11EC-BB30-9CFCE8C5962F
1334	DBA56B34-3F92-E5CE-E997-E02E94B8D18D
1335	1F2AFA59-8268-4C4F-AA8C-F489E6980BE2
1336	5331685C-43B8-11ED-BB48-9CFCE8C5962F
1337	B9A5588C-8424-11EC-BB30-9CFCE8C5962F
1338	B9A55B83-8424-11EC-BB30-9CFCE8C5962F
1339	B0287CC5-2CDE-869F-8017-FAD3FA7941B6
1340	B9A5581A-8424-11EC-BB30-9CFCE8C5962F
1341	B9A55D15-8424-11EC-BB30-9CFCE8C5962F
1342	-1038 258.039 -168
1343	D304089E-0815-A11A-1231-0E418D3A56EF
1344	B9A555EF-8424-11EC-BB30-9CFCE8C5962F
1345	74 -574.039 -148
1346	97ED2DBB-49B2-EFA8-47F1-D2F958C68223
1347	-1104 432 -168
1348	16534F4C-3FC7-11ED-BB47-9CFCE8C5962F
1349	1991ACB8-B152-7FA7-A03C-7649A9B411F8
1350	B9A55B0B-8424-11EC-BB30-9CFCE8C5962F
1351	AB917183-38C9-11ED-BB47-9CFCE8C5962F
1352	84AE9A1D-6920-10BC-1F16-5202E131A040
1353	-712 -880 -160
1354	B9A5580B-8424-11EC-BB30-9CFCE8C5962F
1355	B9A556D0-8424-11EC-BB30-9CFCE8C5962F
1356	B9A55D48-8424-11EC-BB30-9CFCE8C5962F
1357	AEA5B447-4B98-F808-7C25-052BDABCAEBF
1358	vfx/jup/level/mp_jup_shipment_alt_5/vfx_shipment_alt_5_smokestack
1359	B9A5593D-8424-11EC-BB30-9CFCE8C5962F
1360	96FB49DC-0A65-1C19-3070-60A6EAB72CBB
1361	8AC752C7-20B7-E2D0-C103-D0E39CC028DB
1362	B9A55AB1-8424-11EC-BB30-9CFCE8C5962F
1363	B9A55D66-8424-11EC-BB30-9CFCE8C5962F
1364	D8B0FADC-CB99-A34D-54B6-91D4FDFFDB9A
1365	094F4C14-9867-5D8E-B486-E1F236B91DFB
1366	AC941EDF-903E-E44A-EB65-5505D394559B
1367	pfb48f7ce4fff7128b_auto2108
1368	B9A55352-8424-11EC-BB30-9CFCE8C5962F
1369	A4F5F3DE-4BEB-C8B0-5E91-CF7D93BC6A11
1370	-1064 168 -176
1371	F916B6FE-08A6-AC04-0334-09F9700BC93D
1372	-1118 226.039 -168
1373	B9A556F4-8424-11EC-BB30-9CFCE8C5962F
1374	148 306 -164
1375	4B49CC74-EC67-9133-C094-73FBE711651C
1376	C454FC12-06C2-2C51-F28F-499C949345F5
1377	-840 304 -184
1378	80021FBE-02BC-062A-8DBB-A9D29DCF6A16
1379	E8C4C195-E0CD-A2C4-A0AA-E9A24DFA3350
1380	2591D373-228F-DA8F-6DB7-E1523346B5D0
1381	36917D7C-D172-CCA2-13AE-71ECFF4928B2
1382	20DCA9A5-C652-FB03-05D0-ADF0B041E664
1383	04E7CAA5-36CB-37D0-227A-60EA48DE2C86
1384	B9A55CB5-8424-11EC-BB30-9CFCE8C5962F
1385	B9A559E8-8424-11EC-BB30-9CFCE8C5962F
1386	53316872-43B8-11ED-BB48-9CFCE8C5962F
1387	8F3DBFD4-7D8F-732D-B93E-B26663913BC0
1388	88 -868 -176
1389	BC81A59B-0A9E-570D-B924-4B55E23AD3ED
1390	B9A55AF9-8424-11EC-BB30-9CFCE8C5962F
1391	mp_tdm_spawn_axis_start
1392	-1032 168 -184
1393	BB949181-74D4-D251-DB09-B6BD19B73073
1394	decor_drug_brick_pile_02
1395	B9A55A78-8424-11EC-BB30-9CFCE8C5962F
1396	B9A55A90-8424-11EC-BB30-9CFCE8C5962F
1397	B9A552D7-8424-11EC-BB30-9CFCE8C5962F
1398	B9A55757-8424-11EC-BB30-9CFCE8C5962F
1399	pfb0535545bcad4a9e_auto2108
1400	B9A55724-8424-11EC-BB30-9CFCE8C5962F
1401	-1104 312 -184
1402	B9A551F8-8424-11EC-BB30-9CFCE8C5962F
1403	B9A558B3-8424-11EC-BB30-9CFCE8C5962F
1404	B9A55955-8424-11EC-BB30-9CFCE8C5962F
1405	B9A55883-8424-11EC-BB30-9CFCE8C5962F
1406	B9A552BC-8424-11EC-BB30-9CFCE8C5962F
1407	B9A55649-8424-11EC-BB30-9CFCE8C5962F
1408	90314572-5742-92BE-60AB-B885AD48542D
1409	-1112 232 -168
1410	B9A556A6-8424-11EC-BB30-9CFCE8C5962F
1411	2B7E6812-C08C-E47E-4DA9-92A4633D8683
1412	B9A55BE0-8424-11EC-BB30-9CFCE8C5962F
1413	132 416 -184
1414	096AD707-D0B3-B914-3A4F-CE00A1CDBD4A
1415	48 -882 -164
1416	-136 -880 -176
1417	130 -754.039 -160
1418	93376CEF-F98A-0360-4007-7334C5A726AC
1419	-304 368 -168
1420	-1060 140 -180
1421	-1064 -24 -168
1422	2587FFCE-A866-72F2-BC3A-5D31FF80E3FA
1423	EB5EBA38-97E2-F262-32E9-55BAE37CBC13
1424	0 329.999 0
1425	BB7F6E96-A5F3-D2E5-F244-E5F55231B7B2
1426	DA296617-43B8-11ED-BB48-9CFCE8C5962F
1427	-896 -864 -168
1428	80F97863-7B68-4F79-6369-CB25928B8253
1429	34AB1AC4-A01E-868F-9685-5215E3E0A2C5
1430	-1021.8 449.629 -168
1431	144 -808 -176
1432	D1563E77-7B7E-3D9E-0DAA-2B0224E03696
1433	B9A55742-8424-11EC-BB30-9CFCE8C5962F
1434	wrapped::accessory_money_pile_small
1435	B9A55331-8424-11EC-BB30-9CFCE8C5962F
1436	136 -496 -176
1437	B9A556D9-8424-11EC-BB30-9CFCE8C5962F
1438	18F5ADF7-DACB-837B-998D-5B875D3BF5B8
1439	-168 440 -176
1440	A56C0EDA-D13A-DC3A-B478-2F1A44ED65F7
1441	-1072 -304 -168
1442	F0A75433-F53D-C0E6-4D3D-6E91259C66AB
1443	5306B802-75F9-3420-8E26-ED13E4BD57A1
1444	16534F3D-3FC7-11ED-BB47-9CFCE8C5962F
1445	B9A55B20-8424-11EC-BB30-9CFCE8C5962F
1446	pf8a6c97a2edc0e920_auto2108
1447	0 0 0
1448	-1112 24 -168
1449	142 -690.039 -152
1450	8A410959-C9F5-0DDC-9680-409306E0D24E
1451	BF797909-9003-1051-396F-24EEE370679E
1452	645015A2-EE6A-3A0D-4810-27DFF06791B8
1453	A8B19B77-B62C-44E9-FBEE-C7221CB53F66
1454	225D079D-2905-002D-863E-B158A94BE268
1455	0 165 0
1456	68F9A079-0202-FFB2-A8C2-41D9ACFB840B
1457	B9A5595B-8424-11EC-BB30-9CFCE8C5962F
1458	0B88852B-0B37-82ED-A1A5-6C869C72810A
1459	B9A55721-8424-11EC-BB30-9CFCE8C5962F
1460	auto_mp_jup_shipment_base_cfx.map
1461	B9A556E5-8424-11EC-BB30-9CFCE8C5962F
1462	B9A5596A-8424-11EC-BB30-9CFCE8C5962F
1463	A7F1B567-2165-56F0-2FCA-F39EA69F6791
1464	1CEBF19D-F28A-B6F1-4682-BB641B8A6A8B
1465	-924 356 -180
1466	21199C42-D48C-4171-A014-AC8B033EF363
1467	53860FFE-0AFC-C896-F534-61B5E6ADD1D6
1468	533807BA-8744-3065-36A7-B125FC5F2269
1469	B9A5560D-8424-11EC-BB30-9CFCE8C5962F
1470	910D83CF-0FF2-9C04-DB98-575215E1660B
1471	B9A55C0A-8424-11EC-BB30-9CFCE8C5962F
1472	50 -866.039 -160
1473	B9A55664-8424-11EC-BB30-9CFCE8C5962F
1474	-368 -488 -176
1475	-1112 8 -168
1476	68A41720-2D98-612A-D64B-6E2FBFDCBF75
1477	0 310 0
1478	B9A552E9-8424-11EC-BB30-9CFCE8C5962F
1479	7FFD349B-486A-06DE-B691-F2C1CE771260
1480	9647003A-62EC-9506-9DA7-07C2555B7339
1481	-1088 -832 -160
1482	6E214F87-3D32-A70F-D365-0C7A9D0CD402
1483	-864 -304 -160
1484	c2
1485	28A9CD3B-19D0-5C47-C081-2C7C70DFC063
1486	7AEC7E02-3DAB-0FE0-F951-0A3E068FD69C
1487	425F9E01-FCBB-214D-DF68-7C2028904AE0
1488	-110 -878.039 -148
1489	B9A55B98-8424-11EC-BB30-9CFCE8C5962F
1490	3EEA8D46-9DDA-AD9F-50A2-4E7ACF1C51EB
1491	mp_ctf_spawn_allies_start
1492	B9A557F0-8424-11EC-BB30-9CFCE8C5962F
1493	B9A558CB-8424-11EC-BB30-9CFCE8C5962F
1494	decor_drug_brick_04
1495	0 140 0
1496	3
1497	EB31AB27-7A24-7E4D-D870-D5CD2ECFDDAD
1498	-768 96 -160
1499	B9A55A33-8424-11EC-BB30-9CFCE8C5962F
1500	118 -534.039 -160
1501	0D78A186-38CA-11ED-BB47-9CFCE8C5962F
1502	-776 -872 -168
1503	B9A556E2-8424-11EC-BB30-9CFCE8C5962F
1504	B9A559D0-8424-11EC-BB30-9CFCE8C5962F
1505	-960 -408 -160
1506	-200 -880 -176
1507	-66 -818.039 -148
1508	B9A55979-8424-11EC-BB30-9CFCE8C5962F
1509	B9A55CEE-8424-11EC-BB30-9CFCE8C5962F
1510	-1040 248 -176
1511	-768 452 -160
1512	40 432 -168
1513	mx::accessory_money_pile_small
1514	B9A5573C-8424-11EC-BB30-9CFCE8C5962F
1515	B9A552EF-8424-11EC-BB30-9CFCE8C5962F
1516	mp_tdm_spawn_allies_start
1517	-1112 308 -180
1518	-1118 218.039 -168
1519	9D69AE53-9410-0BCB-97C5-1FFCC20485BB
1520	-864 -296 -168
1521	860D081C-263B-DD59-8EFB-CBC037CEE2C5
1522	E03A269F-43B8-11ED-BB48-9CFCE8C5962F
1523	B9A55997-8424-11EC-BB30-9CFCE8C5962F
1524	88 -456 -176
1525	B9A55829-8424-11EC-BB30-9CFCE8C5962F
1526	B9A5560A-8424-11EC-BB30-9CFCE8C5962F
1527	B34D2C47-97B4-11F6-4189-B1ACDEFCDFD1
1528	B9A556CD-8424-11EC-BB30-9CFCE8C5962F
1529	B9A5527D-8424-11EC-BB30-9CFCE8C5962F
1530	B9A5566A-8424-11EC-BB30-9CFCE8C5962F
1531	B9A559BB-8424-11EC-BB30-9CFCE8C5962F
1532	B9A55793-8424-11EC-BB30-9CFCE8C5962F
1533	744540F8-4A4C-96C7-B701-924B3CB40A82
1534	32B6A4F8-C64A-243C-EC20-F77D067E218D
1535	B9A551BF-8424-11EC-BB30-9CFCE8C5962F
1536	-488 344 -176
1537	DAD60560-3CFA-B595-3728-3475D3552D92
1538	D2C51C88-3677-A5B5-49D9-E2D3FCA9571C
1539	traversal_door
1540	109.301 -711.18 -172.007
1541	B9A55CA3-8424-11EC-BB30-9CFCE8C5962F
1542	B9A55775-8424-11EC-BB30-9CFCE8C5962F
1543	B9A55CC7-8424-11EC-BB30-9CFCE8C5962F
1544	-988 448 -176
1545	B9A55C22-8424-11EC-BB30-9CFCE8C5962F
1546	D63C8FE8-581A-F00A-246D-B7831EDFD390
1547	B9A55601-8424-11EC-BB30-9CFCE8C5962F
1548	B9A55C31-8424-11EC-BB30-9CFCE8C5962F
1549	-110 -882.039 -156
1550	B886FF80-39FC-AE7B-E040-EE1C057E5D48
1551	-264 -768 -168
1552	24 -824 -184
1553	B42198E7-3F12-11ED-BB47-9CFCE8C5962F
1554	-960 192 -176
1555	-950 186.039 -176
1556	-528 -872 -176
1557	7CCFA914-3F12-11ED-BB47-9CFCE8C5962F
1558	0 210 0
1559	BAE4109E-AF56-E311-237A-2DDF0A79C11A
1560	mp_ctf_spawn
1561	4FD72C02-1B1A-8043-E074-6BE74AFF8EA0
1562	13325776-90F0-56C5-6CF6-9C3BA4DF175A
1563	75 -574.039 -160
1564	A09627BC-0CF4-0C8E-70A4-E9D4FECB8FE9
1565	0 225 0
1566	B9A552B9-8424-11EC-BB30-9CFCE8C5962F
1567	B9A55919-8424-11EC-BB30-9CFCE8C5962F
1568	84A8319B-3F12-11ED-BB47-9CFCE8C5962F
1569	B9A55313-8424-11EC-BB30-9CFCE8C5962F
1570	B9A555FB-8424-11EC-BB30-9CFCE8C5962F
1571	scriptable_decor_drug_brick_04
1572	-832 400 -176
1573	-1040 -440 -168
1574	EC2CC3A7-3029-ECF4-A1E1-8512E199E9CE
1575	8C378439-3DEC-F6BC-4776-52E8481BD19C
1576	B9A55C9A-8424-11EC-BB30-9CFCE8C5962F
1577	B9A55CA9-8424-11EC-BB30-9CFCE8C5962F
1578	mp_dom_spawn_axis_start
1579	pf44c1f78f6b8cad0e_auto2108
1580	-1072 -56 -160
1581	E9AEFBCA-895E-6E79-F9D0-B443642353B4
1582	-1009.8 185.301 -168
1583	84A7BC77-C549-1892-E37B-3B43F3C32696
1584	E6BE38FD-38C9-11ED-BB47-9CFCE8C5962F
1585	B9A552FE-8424-11EC-BB30-9CFCE8C5962F
1586	-648 -784 -168
1587	mp_rescue_spawn_attacker
1588	B9CF5308-EAFC-C4C2-7A49-981AE2A999D5
1589	-1082 146.039 -168
1590	D0503D8C-8A2B-7758-BA57-E3F2E0CE91A1
1591	0448E1A1-F70B-63F5-1A6A-9E276BDA8B1F
1592	boat_life_saver_01
1593	B9A5562E-8424-11EC-BB30-9CFCE8C5962F
1594	A02EF439-821E-24A6-BCBA-89794DF6FE39
1595	1CFE426C-5CAB-470F-F615-35B519A0DA7A
1596	3F515B29-729B-EFBA-28FA-F6FDE12B093A
1597	B9A55BD1-8424-11EC-BB30-9CFCE8C5962F
1598	B9A555E3-8424-11EC-BB30-9CFCE8C5962F
1599	scriptable_equipment_safety_vest_02
1600	4B9BC516-43B8-11ED-BB48-9CFCE8C5962F
1601	A3DF017F-2049-BA1D-E0AC-3319D76E002A
1602	B9A558FE-8424-11EC-BB30-9CFCE8C5962F
1603	397F7288-AD85-2BD1-4109-2381E37A39DB
1604	-1104 424 -180
1605	95B93023-D2BE-0388-2856-7598DCB00B50
1606	77789A9F-7EF6-4ADB-CE42-D653AA3D012D
1607	B9A55C3D-8424-11EC-BB30-9CFCE8C5962F
1608	-492 -880 -176
1609	c1
1610	2429479A-38CA-11ED-BB47-9CFCE8C5962F
1611	B9A55D57-8424-11EC-BB30-9CFCE8C5962F
1612	B9A5583E-8424-11EC-BB30-9CFCE8C5962F
1613	8D0444DB-7EC7-0971-2773-1BD3049ABC47
1614	-1040 240 -184
1615	B9A55820-8424-11EC-BB30-9CFCE8C5962F
1616	-1112 176 -160
1617	90 -682.039 -148
1618	B9A5571B-8424-11EC-BB30-9CFCE8C5962F
1619	B9A55862-8424-11EC-BB30-9CFCE8C5962F
1620	445D2D80-B5FF-4D18-0454-5217E9B45D7A
1621	B9A557F3-8424-11EC-BB30-9CFCE8C5962F
1622	136 -672 -184
1623	B9A558A1-8424-11EC-BB30-9CFCE8C5962F
1624	136 -538 -176
1625	D6BD1DA1-1786-75FB-651D-5DD2B4D7F8D5
1626	77CE5015-B5AC-1ABE-5660-C91E6FAADCC4
1627	82 -598.039 -152
1628	320BF7EB-A300-2BC7-4EE2-BCD107A8DF90
1629	B9A559E2-8424-11EC-BB30-9CFCE8C5962F
1630	vfx_shipment_alt_5_lensflare_bulb_warm
1631	B9A559B5-8424-11EC-BB30-9CFCE8C5962F
1632	1D5A4EC4-595C-E34A-B149-D4249667D24D
1633	89 -682.039 -160
1634	B9A55958-8424-11EC-BB30-9CFCE8C5962F
1635	70625A69-5D09-A274-043D-FA1A2EE89F90
1636	AE0C4970-AF18-619E-0992-B8ABE2EF172C
1637	B9A551B9-8424-11EC-BB30-9CFCE8C5962F
1638	-304 448 -168
1639	0D9CF172-3720-E56F-2BF5-6BF27A43BEE0
1640	F5FE3422-B0C1-FF61-ABC4-0B69EAC018D8
1641	mp_arena_spawn_allies_start
1642	B9A55805-8424-11EC-BB30-9CFCE8C5962F
1643	default
1644	06DA6680-38CA-11ED-BB47-9CFCE8C5962F
1645	CAEBD6AF-B7C2-DF69-37D8-29181C98F2F1
1646	144 312 -168
1647	B8F1A5E0-567D-7293-2A31-DE09AA2C9195
1648	44AB158E-9BC0-064C-39E2-C3C15DA4E578
1649	4AA02576-F6E1-33DA-1815-4EE124A292C5
1650	C1356C58-3F12-11ED-BB47-9CFCE8C5962F
1651	B9A5564C-8424-11EC-BB30-9CFCE8C5962F
1652	-848 312 -184
1653	B9A558B9-8424-11EC-BB30-9CFCE8C5962F
1654	C8812C4F-0BEC-4501-450B-157A605239D2
1655	24AAD391-5090-147B-3E79-CB9B9C875734
1656	-80 -880 -176
1657	CCBD9F72-7D47-180E-5694-B0F5B482621A
1658	195D7710-1039-F18A-7999-105A04F26FD1
1659	B9A55337-8424-11EC-BB30-9CFCE8C5962F
1660	B9A55C0D-8424-11EC-BB30-9CFCE8C5962F
1661	46422BB4-1406-D7AB-9508-0EBE52912E80
1662	-892 440 -176
1663	0 284.999 0
1664	136 -602 -164
1665	B9A559A3-8424-11EC-BB30-9CFCE8C5962F
1666	136 -536 -184
1667	C1356C4A-3F12-11ED-BB47-9CFCE8C5962F
1668	B9A55706-8424-11EC-BB30-9CFCE8C5962F
1669	-840 304 -176
1670	133.301 -783.18 -172.007
1671	-176 -472 -160
1672	140A93E4-00E9-275E-9C94-A3D3AFAADB6B
1673	B9A55A39-8424-11EC-BB30-9CFCE8C5962F
1674	136 -864 -168
1675	pfb99e95f493bc7d87_auto2108
1676	31C76724-EFE3-8867-A7A5-5539C22DAC2C
1677	-1128 240 -160
1678	CD414303-3F12-11ED-BB47-9CFCE8C5962F
1679	74 -582.039 -160
1680	0 300 0
1681	E0A3E9EE-32EB-3C9F-0901-4C5C7D51C85E
1682	EF028367-A25A-BA8C-C755-8B4D3D5BDE37
1683	B9A55B92-8424-11EC-BB30-9CFCE8C5962F
1684	B9A55700-8424-11EC-BB30-9CFCE8C5962F
1685	B9A557EA-8424-11EC-BB30-9CFCE8C5962F
1686	B9A55D00-8424-11EC-BB30-9CFCE8C5962F
1687	-116 -884 -184
1688	B9A55BF8-8424-11EC-BB30-9CFCE8C5962F
1689	3F5884FE-30B3-93E3-398C-B61D10B3B564
1690	-312 -880 -184
1691	-1000 448 -160
1692	0962BD80-9675-D7C6-416C-7D367F2500C9
1693	4D5F419A-CE44-0126-B473-FA2D800FA8B3
1694	B9A55868-8424-11EC-BB30-9CFCE8C5962F
1695	DE47B320-C5B9-8207-791A-D3318C20B1B8
1696	B9A55763-8424-11EC-BB30-9CFCE8C5962F
1697	925069BB-66AB-412F-2A19-8DC03867474B
1698	B9A55703-8424-11EC-BB30-9CFCE8C5962F
1699	DD52B3F9-6000-B0B3-EE03-1E659A7EA01B
1700	0 64.9999 0
1701	B9A557D5-8424-11EC-BB30-9CFCE8C5962F
1702	-988 448 -184
1703	B9D8684A-FE40-31BB-59E5-02CD3E899F80
1704	B9A55835-8424-11EC-BB30-9CFCE8C5962F
1705	-680 -880 -168
1706	DE67E955-7B0A-17F5-F27A-8A280ED370C4
1707	242947BF-38CA-11ED-BB47-9CFCE8C5962F
1708	762B9826-A612-8BFC-B7D8-C7AB4FEFEDE4
1709	pf45dcb027d4fdb63e_auto2108
1710	126 -750.039 -160
1711	DC6FAC7C-9B87-2FAD-D6D5-9226281D754C
1712	158A1A3D-6305-6FAB-DA11-1F968EFA2277
1713	B9A55718-8424-11EC-BB30-9CFCE8C5962F
1714	97B713D1-61B3-D8A5-B415-8BDFF4346E2B
1715	232E4789-A61E-C7AF-011B-9F25BF62B170
1716	EA8970AE-823C-6B4A-04C6-CE752AE4299B
1717	1F0420D9-D324-E93A-ABC7-BBEAA5125C6E
1718	B9A55280-8424-11EC-BB30-9CFCE8C5962F
1719	B9A55AD5-8424-11EC-BB30-9CFCE8C5962F
1720	D9B994E8-33F0-E5AF-0B8E-455511B6ECAF
1721	B9A5561C-8424-11EC-BB30-9CFCE8C5962F
1722	B9A556EE-8424-11EC-BB30-9CFCE8C5962F
1723	6082EAB0-73E4-DA4E-5A80-F5D342BB4EE5
1724	2026C82F-C8E7-E586-39D7-758BF2DD3808
1725	0FC61CC8-3FC7-11ED-BB47-9CFCE8C5962F
1726	jump_down_40
1727	jump_down_80
1728	-16 -884 -176
1729	F8C2726E-7B09-17F3-4E7F-8BDD23BDC54A
1730	B9A55967-8424-11EC-BB30-9CFCE8C5962F
1731	B9A55B9E-8424-11EC-BB30-9CFCE8C5962F
1732	CA641A29-BB2E-BF38-0B95-633FB6F62CDD
1733	E79AC644-9936-4A18-4FAF-12108D2B4D38
1734	B9A55BE9-8424-11EC-BB30-9CFCE8C5962F
1735	AFBDDD89-9D0C-6DAD-6FCC-92DD735D5E98
1736	58907284-B8D5-670A-2F05-76F832ACAE16
1737	C1EDF464-119B-C679-42C5-29521DE306D4
1738	B0480B7D-776F-A791-94A4-31550BAD4521
1739	-1056 104 -168
1740	B9A55334-8424-11EC-BB30-9CFCE8C5962F
1741	-840 368 -184
1742	B9A55D06-8424-11EC-BB30-9CFCE8C5962F
1743	0 105 0
1744	AE2CA5DE-180F-9C34-AA1B-483AF7CA2D5A
1745	BAA8ADA4-FD02-250A-71C1-FA2C6C944550
1746	-1064 136 -160
1747	C8EAE704-74B6-FC6A-8F47-A34CC8190012
1748	B9A558EC-8424-11EC-BB30-9CFCE8C5962F
1749	-640 456 -160
1750	B9A555E6-8424-11EC-BB30-9CFCE8C5962F
1751	-944 444 -160
1752	91A58E19-2029-7C2B-67AB-147E8397D156
1753	-952 -860 -160
1754	B9A55BFB-8424-11EC-BB30-9CFCE8C5962F
1755	FEA00645-5E66-751A-F2B8-6BB4B7C7087C
1756	AD1C6CC7-38B0-4D34-939A-4616D21C8924
1757	AB917174-38C9-11ED-BB47-9CFCE8C5962F
1758	FA5780D3-4FAC-5A99-7C91-B82921DBC76B
1759	-2 -802.039 -160
1760	B9A55CA6-8424-11EC-BB30-9CFCE8C5962F
1761	B9A5592E-8424-11EC-BB30-9CFCE8C5962F
1762	AD214866-4D1A-ADAC-8EEC-FDBD40832106
1763	B9A55ADE-8424-11EC-BB30-9CFCE8C5962F
1764	pf9454be1f439fe724_auto2574944882785686502
1765	0B9E8D15-29D8-AA88-8927-3F6C01EEBE07
1766	AEAEB1CE-8A5F-C6F6-5864-CD0B495EBB10
1767	35190F61-B86F-8C30-DCF9-1B824BA8303E
1768	-1000 108 -172
1769	AC7E6A21-C6A1-1C0C-099C-7A2F62D5102C
1770	B9A55949-8424-11EC-BB30-9CFCE8C5962F
1771	4CB69DB4-11BB-0345-0E7A-096DE6DFB13E
1772	B9A55961-8424-11EC-BB30-9CFCE8C5962F
1773	50E2BB78-BECF-86BA-EF72-BCDE30A0FF97
1774	BCA60275-CD62-E2D4-30FE-7BBEB9E6D8DB
1775	B9A55349-8424-11EC-BB30-9CFCE8C5962F
1776	2AD60027-4AFE-4B01-779C-482A20775ED6
1777	B9A552C5-8424-11EC-BB30-9CFCE8C5962F
1778	1DE6F585-38CA-11ED-BB47-9CFCE8C5962F
1779	132 -870 -164
1780	E12AA3D4-7AAF-36A5-EF95-62A62AA58E18
1781	B9A55619-8424-11EC-BB30-9CFCE8C5962F
1782	AF6FE5C9-EB6E-788D-1304-ECB98799048F
1783	0EC35BC3-6A7A-A5B4-6513-94DB1E8AE8D9
1784	B9A55CE8-8424-11EC-BB30-9CFCE8C5962F
1785	B9A55B17-8424-11EC-BB30-9CFCE8C5962F
1786	mp_control_spawn_defender_start
1787	90D7A778-8A36-CEFA-9C71-11FB8FC5BE63
1788	-688 456 -160
1789	-1112 -616 -168
1790	-6 -866.039 -160
1791	B9A5577B-8424-11EC-BB30-9CFCE8C5962F
1792	52.3008 -772.18 -172.007
1793	B9A552A7-8424-11EC-BB30-9CFCE8C5962F
1794	C9A6B966-9805-4411-3772-D4E2ADE0F7D7
1795	014AFD76-20E9-C186-049B-36F86C90584F
1796	mp_rugby_spawn_axis_start
1797	148 94 -164
1798	prefabs/createfx/mp_jup_shipment_base_cfx.map.mp_jup_shipment_alt_5_variant.variant
1799	mp_koth_spawn_allies_start
1800	B9A55BDD-8424-11EC-BB30-9CFCE8C5962F
1801	D67ACF5C-3E26-4DBD-4038-56C2492AD440
1802	-240 456 -184
1803	B9A55B7A-8424-11EC-BB30-9CFCE8C5962F
1804	B9A55787-8424-11EC-BB30-9CFCE8C5962F
1805	62FD0375-33B3-0B80-3A00-2FE4999A315D
1806	F0077132-FF2F-BF28-EDE3-E6EDC6286390
1807	-124 -877.039 -152
1808	CA2FBD9C-32FA-1F8E-89C2-5DB3974C6B54
1809	E69D2D0C-C323-C1A9-42E7-283E54AFE614
1810	B9A5594C-8424-11EC-BB30-9CFCE8C5962F
1811	8144BAA0-571F-A664-75CC-0BB91FA32586
1812	0 220 0
1813	decor_drug_brick_pile_04
1814	B9A55B8F-8424-11EC-BB30-9CFCE8C5962F
