   1	69CCEDCE-1038-11EF-AF12-FC3497283F54
   2	063CA190-4D3D-EF0E-E9C5-F27514E95EDB
   3	B072B886-5594-A689-DE4B-0473B89983C8
   4	7FCDEAF4-116B-11EF-AF12-FC3497283F54
   5	CCC32306-3E13-5736-9705-0EA412A9F53C
   6	1F4385C5-DE54-2E7E-6789-4587E1EF5249
   7	hardpoint_chevron_secure
   8	7765DF94-CA17-11EE-AF00-FC3497283F54
   9	8501A251-254C-203A-B9D9-9981E236CC65
  10	E9904168-1036-11EF-AF12-FC3497283F54
  11	8A9273F7-A519-3E20-D4ED-92CFA15F626F
  12	784 14168 11664
  13	B8AF760A-1CB9-C389-0EE6-9FB2DC6D10A8
  14	-640 16032 11664
  15	-184 16000 11664
  16	C896557F-E66D-6BDF-31FC-4ED38DC5BF40
  17	05435DA4-10DA-11EF-AF12-FC3497283F54
  18	A9CBF3B4-BF26-3C30-0483-B5B3C15AE03E
  19	0B61245B-1038-11EF-AF12-FC3497283F54
  20	-864 -2768 5784
  21	976 14408 11664
  22	647D2885-9A09-11EE-A70A-0CDD24150E54
  23	04C56D5F-1979-11EF-AF15-FC3497283F54
  24	81C8BBEE-CA17-11EE-AF00-FC3497283F54
  25	05435D9B-10DA-11EF-AF12-FC3497283F54
  26	0 120 0
  27	-406.965 14376.1 11664
  28	151C9A6D-FB4D-243D-234E-6BE7876A369B
  29	7FCDEB94-116B-11EF-AF12-FC3497283F54
  30	747071EE-23F1-B9A0-5794-9B82D3DE0A0B
  31	152 15712 11643
  32	7FCDEA31-116B-11EF-AF12-FC3497283F54
  33	352 16024 11664
  34	-160 14464 11648
  35	1BC1B89F-CC5C-11EE-AF02-FC3497283F54
  36	A9118660-729F-A618-E291-86616C5833A6
  37	1536 128 3088
  38	5FE26A55-17C2-F5EA-9C7A-8AF96A47A025
  39	280E6E37-6B02-257C-58F1-83A0725A4AE7
  40	9409AF63-116D-11EF-AF12-FC3497283F54
  41	-774.99 15825.3 11664
  42	CACEA38E-BD34-AF23-8266-AADEE7CCCC59
  43	B9CB8BC2-F3C0-B135-EADC-3970281184C0
  44	2E525E82-7FFA-7A47-24D0-A4D610C3E81D
  45	4A05187F-1983-11EF-AF15-FC3497283F54
  46	BA395B19-8FC3-7E83-0B9B-B71B96A8C1E8
  47	09FE2344-2C70-AF90-0BC8-633179054EE9
  48	7FCDEAAE-116B-11EF-AF12-FC3497283F54
  49	pf962dfdf315368fe0_auto2108
  50	-1488 -2192 4600
  51	CD5EC192-FC46-C282-96B2-75EF2CCC8B64
  52	18314085-5CC8-E477-69D4-8C151D5A9AB6
  53	5B02F9E0-2480-05DD-F93B-ED6BA1343983
  54	pf94637c8e901d9772_auto2108
  55	F4B9250F-CAF3-43D7-8D10-09D424B1783E
  56	A47F958B-CADF-11EE-AF00-FC3497283F54
  57	FA32E2FD-6F0F-8E23-7920-2305A411A4D4
  58	scriptable_hardpoint_chevron_secure
  59	pf3d2f4df98e1aeffb_auto2108
  60	FB7B7CFD-1B37-1F83-C29B-984FC65A2F90
  61	1408 2368 896
  62	8B6110DF-16EA-11EF-AF13-FC3497283F54
  63	A0CCDA95-1038-11EF-AF12-FC3497283F54
  64	06EF5B77-906E-0337-F5DF-9F54795017E7
  65	0 89.9997 0
  66	pfa65206c580ef217c_auto2108
  67	-935.464 15522 11664
  68	CF091730-C2BB-EFD2-557D-A19A141F8F9D
  69	-385.035 14479.9 11664
  70	8ABC7BC8-9DB8-3A0F-717E-62D7A58590A2
  71	9CBE9244-EBE1-E762-72E7-25C1535853FE
  72	7FCDEB30-116B-11EF-AF12-FC3497283F54
  73	-596 16016 11648
  74	6DA99DE6-DB3D-199B-E5BD-37C48EB2DE82
  75	mp_dd_spawn_attacker_start
  76	9E34A9EA-606D-EE5E-D834-CC4A984CAD6C
  77	83ECF54D-116D-11EF-AF12-FC3497283F54
  78	mp_dd_spawn_defender_b
  79	1000 14784 11664
  80	496 16032 11664
  81	-716 14156 11672
  82	BB639E77-1979-11EF-AF15-FC3497283F54
  83	E794AD01-D111-11EE-AF02-FC3497283F54
  84	0F7C9C30-1259-F4AD-0813-DB336B6E9622
  85	160 15712 11644
  86	25CB10B3-CA19-11EE-AF00-FC3497283F54
  87	-346 15712.5 11664
  88	2752 2016 2448
  89	-696 14040 11664
  90	mp_control_spawn_attacker
  91	1392 1056 6288
  92	94C5C77D-D126-11EE-AF03-FC3497283F54
  93	E865D35A-3CED-CB58-8DFA-419BC886BC7A
  94	FD6B258C-EE44-AE04-4FA1-5E43FBA0753F
  95	D079A1A8-CA18-11EE-AF00-FC3497283F54
  96	6855A2AA-40B0-E134-1240-D0EC0A9E9392
  97	1213485D-1038-11EF-AF12-FC3497283F54
  98	520 16032 11664
  99	E3379674-00BC-62A0-D7C1-E28F62A441B5
 100	9E4A6267-E6DD-18AC-ADC5-EC1C232F8F69
 101	pf900c8e251f5dda94_auto2108
 102	0 90 0
 103	69220D60-1037-11EF-AF12-FC3497283F54
 104	340A6274-2D1D-11EF-95CE-68545A904D17
 105	04C56D85-1979-11EF-AF15-FC3497283F54
 106	A47F9597-CADF-11EE-AF00-FC3497283F54
 107	B6BB3877-109C-63CF-694A-92B0D6AD85CA
 108	D4504653-46BF-E61A-D638-E18D69F59DCF
 109	-920 14464 11664
 110	790D6216-373F-A643-F05B-21DF8B36A68E
 111	5184 2112 2432
 112	mp_dd_spawn_attacker_b
 113	EB74BF7F-1037-11EF-AF12-FC3497283F54
 114	3B689E13-3404-B8C2-8DA5-545D52D95E02
 115	0 45 0
 116	1536 320 3088
 117	-1080 15144 11664
 118	296 -1216 4328
 119	mp_dom_spawn_secondary
 120	F473DE63-F15D-06D2-196D-B8D45E586563
 121	-448 16032 11664
 122	decor_betamax_vhs_recorder_01
 123	54CDB404-C9CB-11EE-AF07-E0D4E875DD15
 124	-913.5 15409 11672
 125	04CF24A7-7E94-D316-2FEE-8AC33AD35EA6
 126	350E1C93-1983-11EF-AF15-FC3497283F54
 127	992 14856 11664
 128	459C79F8-D078-4C42-B72C-87F49CE55F89
 129	50E73147-2E86-80E7-0CE0-E6B971172D7F
 130	693B6D6C-1D3B-CDF1-8667-9783945AE1D8
 131	D08BB4ED-CA20-11EE-AF00-FC3497283F54
 132	188E61CD-F939-5630-0E06-2B50ACAC7358
 133	3E174030-5B01-466C-68CF-97CEED66FD8F
 134	-1088 15200 11664
 135	C786D294-1038-11EF-AF12-FC3497283F54
 136	76BC8F5B-8612-50E1-33D5-06C683A29B3C
 137	9F91E82B-1979-11EF-AF15-FC3497283F54
 138	9A32B2DF-DFF1-11EE-AF05-FC3497283F54
 139	7B755F16-C517-CB54-3E1D-78F9986C447E
 140	824 14216 11664
 141	auto_mp_jup_vertigo_cfx.map
 142	-928 15392 11664
 143	BBB12F3E-CA20-11EE-AF00-FC3497283F54
 144	-16 -2648 8656
 145	0B61244F-1038-11EF-AF12-FC3497283F54
 146	5134596A-D7A3-8DFD-8124-AE9181AA4FCB
 147	A323CE64-100A-1E06-C3BA-D6E554F54646
 148	571C8F1D-5F94-5455-D2D6-3242DF256C32
 149	42CA1B70-1975-11EF-AF15-FC3497283F54
 150	-352 -1088 16
 151	BEA9C7CA-CAD6-B86D-D4B0-A160F7B21058
 152	344 16024 11664
 153	792 14168 11664
 154	pf301162da76f263c0_auto2108
 155	9F91E862-1979-11EF-AF15-FC3497283F54
 156	6A2102FE-7857-CD8F-824F-F3375AF5F8FC
 157	25CB10BF-CA19-11EE-AF00-FC3497283F54
 158	5AF51298-CA19-11EE-AF00-FC3497283F54
 159	32B447C9-22CF-11EF-AF18-FC3497283F54
 160	mp_dm_spawn_start
 161	94C5C786-D126-11EE-AF03-FC3497283F54
 162	pfb6034645f97c2358_auto2108
 163	3D85008B-29EC-11EF-95CE-68545A904D17
 164	9F91E7EF-1979-11EF-AF15-FC3497283F54
 165	968 14400 11664
 166	647DFF7F-9A09-11EE-8820-0CDD24150E54
 167	-232 14472 11653
 168	2656 1952 2448
 169	9BBE6AD2-7094-7239-A27D-09404A969F68
 170	F605CE90-116C-11EF-AF12-FC3497283F54
 171	A8BC57A7-9364-FC15-1CCA-BD5F7147E505
 172	5868B5F0-0E56-79E3-1E0D-6FB2C03FA395
 173	984 14464 11664
 174	B6AD6DDB-D112-11EE-AF02-FC3497283F54
 175	B9386075-4A10-4FE6-F0D4-0E0679CD2D36
 176	vfx_vertigo_comet_vista
 177	mp_dom_spawn_allies_start
 178	C890E584-225E-7D58-D88E-244E24BE5A01
 179	2F0A3A08-1983-11EF-AF15-FC3497283F54
 180	5248 2080 2432
 181	9409AF4F-116D-11EF-AF12-FC3497283F54
 182	idle
 183	6CD94353-D636-842D-D28C-9319E307ABC6
 184	mp_warrior_spawn_allies_start
 185	608C32CD-1038-11EF-AF12-FC3497283F54
 186	984 14792 11664
 187	BF882335-6E4A-DE54-2398-A25E203CA014
 188	A897E443-197F-11EF-AF15-FC3497283F54
 189	69CCEDD7-1038-11EF-AF12-FC3497283F54
 190	9A32B2D6-DFF1-11EE-AF05-FC3497283F54
 191	551B345D-1FA2-56F2-C3A2-FBB64879AE96
 192	104 16008 11664
 193	7FCDEA72-116B-11EF-AF12-FC3497283F54
 194	664 13976 11664
 195	452E905E-CA19-11EE-AF00-FC3497283F54
 196	BBB12F44-CA20-11EE-AF00-FC3497283F54
 197	E78E6CDC-E39B-FB09-07C1-D12568D3FE64
 198	5AC9FFFE-8B4C-9DA3-D10E-DE1967F2EA23
 199	-773.54 14242.2 11664
 200	7B21882F-A386-6902-6791-6723F8E25CDE
 201	960 576 3792
 202	7FCDEB0D-116B-11EF-AF12-FC3497283F54
 203	D079A196-CA18-11EE-AF00-FC3497283F54
 204	896 672 3792
 205	647DFF7B-9A09-11EE-BE79-0CDD24150E54
 206	BB639E13-1979-11EF-AF15-FC3497283F54
 207	-9280 8256 0
 208	BDAEB96D-4596-69B4-3D4A-159BD838D27B
 209	checkpoint_8
 210	647D4F7E-9A09-11EE-8707-0CDD24150E54
 211	vfx_vertigo_glow_vista_01
 212	25AA6E79-E2DD-542F-8348-7750CB494E8B
 213	680 13984 11664
 214	224 15712 11652
 215	160 13888 11664
 216	232 15712 11653
 217	647DFF77-9A09-11EE-9A9A-0CDD24150E54
 218	72C7AD6A-EC78-0F0F-236C-C8C7846971D9
 219	208 -224 6288
 220	-928 14408 11664
 221	-771.746 15820.6 11664
 222	A8D26983-E01C-3056-1094-72FFB2E60E8F
 223	350E1BE9-1983-11EF-AF15-FC3497283F54
 224	43E1E6D7-9114-78D4-3240-F91A03491BF1
 225	F605CE6F-116C-11EF-AF12-FC3497283F54
 226	2337F8C8-D209-D46D-637D-4FD46BD95109
 227	ECAE1D47-B5C5-392C-774E-3EB20B5F2427
 228	1000 15680 11664
 229	5B45D988-1E68-56E3-008A-7C0EE5239830
 230	-1096 15080 11664
 231	9F91E920-1979-11EF-AF15-FC3497283F54
 232	552 13984 11664
 233	0667AF08-B531-7FB7-7537-A8AD946DCA8C
 234	-408 16032 11664
 235	3D85008E-29EC-11EF-95CE-68545A904D17
 236	504 14368 11664
 237	9A32B2D9-DFF1-11EE-AF05-FC3497283F54
 238	F06A68AB-3332-0023-FD82-C3BD1B576E4E
 239	D079A19F-CA18-11EE-AF00-FC3497283F54
 240	208 -288 6288
 241	216 14472 11651
 242	832 768 3792
 243	22AD42FF-73CB-1FBF-5F5D-F26DC39DC9FE
 244	-1296 144 3664
 245	9D02A185-16EA-11EF-AF13-FC3497283F54
 246	CDCC889B-1036-11EF-AF12-FC3497283F54
 247	-192 13792 11664
 248	499C7F75-10D8-F1FE-D2BB-CFD5E45D7E2D
 249	0DAE6454-8738-7B71-E452-080F13CB1195
 250	7FCDEA6D-116B-11EF-AF12-FC3497283F54
 251	9F91E83F-1979-11EF-AF15-FC3497283F54
 252	9F91E885-1979-11EF-AF15-FC3497283F54
 253	-608 16032 11664
 254	984 14728 11664
 255	640 13984 11664
 256	F396DBD6-1036-11EF-AF12-FC3497283F54
 257	48763351-D129-11EE-AF03-FC3497283F54
 258	37472683-A04D-4088-4CAE-1B8CF0D241C7
 259	208 -352 6288
 260	-128 2208 8656
 261	048672D1-0D24-FDE8-B333-C4871B017AFC
 262	-888 15008 11664
 263	363F61AD-16FC-11EF-AF13-FC3497283F54
 264	9F91E8B2-1979-11EF-AF15-FC3497283F54
 265	384 128 7504
 266	-925.172 15654.8 11664
 267	6B6A0ECC-CA18-11EE-AF00-FC3497283F54
 268	480 13976 11664
 269	checkpoint_16
 270	A1449C21-F846-BD85-F9B4-408F0F57F469
 271	1D5B234C-2D1D-11EF-95CE-68545A904D17
 272	-232 15712 11653
 273	-2584 8 8048
 274	723460B8-23ED-F8C6-8EA6-B8356E2250A4
 275	7FCDEAB3-116B-11EF-AF12-FC3497283F54
 276	EFD082F4-573D-90B1-6D17-056A00EADFF4
 277	2F0A3A1C-1983-11EF-AF15-FC3497283F54
 278	0321383C-124B-FE3B-F578-07DD455B59A8
 279	494A568F-91DE-66F9-1567-C5D647F6E39B
 280	7AA7EDED-F946-C5FA-14F0-38346BFC162A
 281	6F406D01-A9BB-3C7A-96E1-1B08E1A9CD7A
 282	4E324C28-8EA0-A7EE-B898-9889196DFED9
 283	54D42070-0CBC-3DE1-1D18-C17B4309C216
 284	EA3BA211-116C-11EF-AF12-FC3497283F54
 285	880 -2336 6672
 286	3616 -1600 6224
 287	vfx_vertigo_cloud_02
 288	88E35E69-1C27-02F4-30A2-ED6CE5CB86C4
 289	06CF4DE1-9F2D-D079-6F99-6C01B40C0A2F
 290	54CDB427-C9CB-11EE-AF07-E0D4E875DD15
 291	19289830-E061-20E4-EEDF-3A218A9E4D5F
 292	7FCDEA54-116B-11EF-AF12-FC3497283F54
 293	7FCDEB08-116B-11EF-AF12-FC3497283F54
 294	0E60B972-CA19-11EE-AF00-FC3497283F54
 295	vfx_vertigo_sun
 296	775.458 15839 11664
 297	secure_loc_e
 298	secure_loc_w
 299	7FCDEA90-116B-11EF-AF12-FC3497283F54
 300	BB639E45-1979-11EF-AF15-FC3497283F54
 301	D29145D0-48A9-51B0-F728-1F4A559A353C
 302	65DCC76E-D918-E569-F874-105E9160C58F
 303	BB639E2C-1979-11EF-AF15-FC3497283F54
 304	-928 15552 11664
 305	2F0A39AE-1983-11EF-AF15-FC3497283F54
 306	-920 14528 11664
 307	-608 16040 11664
 308	A0CCDA98-1038-11EF-AF12-FC3497283F54
 309	5EEBA3C6-1037-11EF-AF12-FC3497283F54
 310	BBB12F4D-CA20-11EE-AF00-FC3497283F54
 311	296 -1024 4328
 312	488 16032 11664
 313	4876334E-D129-11EE-AF03-FC3497283F54
 314	A75E4F1D-1351-11EF-AF12-FC3497283F54
 315	BB639E1D-1979-11EF-AF15-FC3497283F54
 316	-128 72 8144
 317	13154F01-B6E5-3817-4336-690E9333F2DD
 318	60B02CBC-E518-78D4-A6F1-16E18C27352C
 319	3E02D68D-8E09-8FF0-EA0F-ABB56805FE1A
 320	872 14248 11664
 321	-168 15720 11645
 322	DFA6046A-19C3-3C65-6356-0B05ED47028D
 323	1328 1632 6288
 324	E566A2FA-1037-11EF-AF12-FC3497283F54
 325	-64 2208 8656
 326	-1296 80 3664
 327	0292E67A-62CB-C1EC-2C04-7E70EF3CA2BC
 328	0E60B981-CA19-11EE-AF00-FC3497283F54
 329	A505068B-F30C-825C-F8E8-D7B1F41D3C36
 330	2E5254E0-1037-11EF-AF12-FC3497283F54
 331	85731CA7-9BED-714B-1212-089A10E55258
 332	647DFF8C-9A09-11EE-9E00-0CDD24150E54
 333	7FCDEA9F-116B-11EF-AF12-FC3497283F54
 334	-920 15648 11664
 335	72D4D070-792D-94F6-1089-81585D8400E1
 336	mp_control_spawn_attacker_secondary
 337	688 -2336 6672
 338	647DFF78-9A09-11EE-B624-0CDD24150E54
 339	DD9FAC38-D26D-4CAB-EF7F-49908C23ABEB
 340	0AFFAF7A-1979-11EF-AF15-FC3497283F54
 341	E4EBA35A-A664-454D-89BB-7AB9512F9740
 342	ABBE9CE7-7CF8-1D6A-B073-27B327CED8F7
 343	2F0A3A44-1983-11EF-AF15-FC3497283F54
 344	container_electrical_box_01_small
 345	3748C4ED-38B3-BD00-1E4E-5F4E11F522EA
 346	736 14120 11664
 347	715CC510-9775-180E-DF6A-5A04A74EF500
 348	989.172 14593.2 11664
 349	4527CA30-1038-11EF-AF12-FC3497283F54
 350	-144 -2648 8656
 351	38A6DB33-BA50-FEB1-EB50-F05FB467C8F3
 352	-1232 176 3664
 353	-64 5088 9104
 354	3680 -1696 6224
 355	350E1C4D-1983-11EF-AF15-FC3497283F54
 356	086CBAE9-3041-7985-DCEF-9AE17D27F926
 357	16EA343A-2D1D-11EF-95CE-68545A904D17
 358	BA9D8D77-8764-F831-7439-50A14C5E2CA4
 359	-1552 -2096 4600
 360	128 2208 8656
 361	0 295 0
 362	625877B5-116A-11EF-AF12-FC3497283F54
 363	1D048505-2134-3CA1-8396-A3846E631E5F
 364	-374.965 14472.1 11664
 365	pfa39d5beb3d5d8aed_auto2108
 366	E7BF3740-E338-1C6D-3EAF-0E96E3B563BB
 367	BBE67C8B-1978-11EF-AF15-FC3497283F54
 368	84372220-6ED7-7FFD-F37F-237158F18235
 369	-1096 15072 11664
 370	1504 2304 896
 371	-480 16024 11664
 372	556B6499-677F-6391-A1E1-4C431697268D
 373	29698D51-1039-11EF-AF12-FC3497283F54
 374	-936 14536 11664
 375	electronics_command_phone_01
 376	45465583-10D4-11EF-AF12-FC3497283F54
 377	BF8356A2-3E11-27CF-0AC3-907FCDAFDAF9
 378	5D26394E-44F5-B7D5-E082-AD1F35D718E1
 379	mp_robj_spawn_axis_start
 380	288 16032 11664
 381	2E5254D5-1037-11EF-AF12-FC3497283F54
 382	69CCEDD1-1038-11EF-AF12-FC3497283F54
 383	mp_dd_spawn_defender
 384	564269E3-E74A-D58F-BB72-2D26C13DB664
 385	8CE07AA6-F2FE-E202-7FBE-CB5A7F4236AE
 386	54CDB3F0-C9CB-11EE-AF07-E0D4E875DD15
 387	648 16032 11664
 388	-344 16032 11664
 389	47340EC4-E906-3FF4-ACAC-4A374EA82057
 390	
 391	5248 1888 2432
 392	-384 -1152 16
 393	1328 1088 6288
 394	12F4BCD7-3689-AA36-4CDD-B5418DB939CD
 395	360 -992 4328
 396	864 14248 11664
 397	-888 15208 11664
 398	7FCDEA77-116B-11EF-AF12-FC3497283F54
 399	BB639E40-1979-11EF-AF15-FC3497283F54
 400	7FCDEB4E-116B-11EF-AF12-FC3497283F54
 401	360 16032 11664
 402	192E46B0-F5FF-DF1B-2E18-92D5E26E3ABB
 403	6CE48E26-351A-38A0-73F8-C76255E020BC
 404	350E1C43-1983-11EF-AF15-FC3497283F54
 405	3D85007F-29EC-11EF-95CE-68545A904D17
 406	AAD1319F-62DB-A787-57FB-7D3FAA7F5215
 407	9F91E812-1979-11EF-AF15-FC3497283F54
 408	CF3E75EC-10D2-11EF-AF12-FC3497283F54
 409	981E3E12-6656-10F4-CCCA-4633AB5486F7
 410	04244252-CA18-11EE-AF00-FC3497283F54
 411	-863.5 14433 11672
 412	832 14216 11664
 413	0AEE94F1-9AB8-D434-D073-A4E004D7C4DC
 414	mp_dm_spawn
 415	-925.172 15718.8 11664
 416	7FCDEA7C-116B-11EF-AF12-FC3497283F54
 417	128 13824 11664
 418	-734.675 15846.6 11664
 419	E60E30AB-1038-11EF-AF12-FC3497283F54
 420	-765.54 14242.2 11664
 421	A7877021-0E9B-4884-2260-F3C4A6F185CB
 422	256 192 7504
 423	363F61B6-16FC-11EF-AF13-FC3497283F54
 424	7FCDEB76-116B-11EF-AF12-FC3497283F54
 425	-168 14472 11645
 426	1BD7AC2E-9F7D-4144-40F6-03A5297B8FE3
 427	120 13792 11664
 428	1318F173-1327-7030-15F4-4ACC6252BAB3
 429	A47F9591-CADF-11EE-AF00-FC3497283F54
 430	7FCDEAC7-116B-11EF-AF12-FC3497283F54
 431	-1296 16 3664
 432	26FE3635-7937-F23D-7927-5D32C40FD62D
 433	0E60B966-CA19-11EE-AF00-FC3497283F54
 434	-920 14592 11664
 435	350 15712.5 11664
 436	-745.859 14224.1 11664
 437	B5C83632-7678-A68C-BAE1-00476851DF18
 438	pf8d1ed429951ae3e8_auto2108
 439	D4DE9FC4-1851-FDBD-2171-9544B0460A05
 440	0435A86D-4EE7-996B-75AB-B96DCF95D8AA
 441	932B0572-1038-11EF-AF12-FC3497283F54
 442	9647FD6A-D376-07A8-ACA9-A4AECDF9B41D
 443	-928 14400 11664
 444	647D0174-9A09-11EE-A0E0-0CDD24150E54
 445	992 15344 11664
 446	80BFD2B7-9BEE-5954-7692-16BCF3D91861
 447	992 15560 11664
 448	BBB12F4A-CA20-11EE-AF00-FC3497283F54
 449	A1898DBF-D11A-5209-5F5E-17E777821AA1
 450	25A3525C-B2C5-865F-9CB6-A8550168E797
 451	216 14464 11651
 452	-896 15000 11664
 453	992 15488 11664
 454	2F0A3A2B-1983-11EF-AF15-FC3497283F54
 455	9F91E835-1979-11EF-AF15-FC3497283F54
 456	448 14368 11664
 457	D62B2927-116C-11EF-AF12-FC3497283F54
 458	checkpoint_1
 459	01DE561C-D9D2-3B77-359F-2323A69925F0
 460	432 14376 11664
 461	B6AD6DD8-D112-11EE-AF02-FC3497283F54
 462	BBE67C80-1978-11EF-AF15-FC3497283F54
 463	-936 14664 11664
 464	-737.859 14224.1 11664
 465	vfx/jup/level/mp_jup_vertigo/vfx_vertigo_stars
 466	74A1E887-51F5-F88B-5C26-AA08A83BA6C0
 467	752 -2336 6672
 468	28A0EB69-060A-7AD4-791B-58EFF941B386
 469	552 16032 11664
 470	972AD0E3-CA17-11EE-AF00-FC3497283F54
 471	190E297F-BE43-7AB5-8A55-5CF10A493856
 472	A47F959D-CADF-11EE-AF00-FC3497283F54
 473	vfx_vertigo_clouds_cam
 474	7FCDEAEF-116B-11EF-AF12-FC3497283F54
 475	2F0A3A17-1983-11EF-AF15-FC3497283F54
 476	3070D674-B2D3-A70C-DA3F-DB7CAB312A10
 477	350E1C6B-1983-11EF-AF15-FC3497283F54
 478	CE30FB10-8F2B-252D-3F2E-1ACC56E14103
 479	7FCDEAF9-116B-11EF-AF12-FC3497283F54
 480	2F0A3A3A-1983-11EF-AF15-FC3497283F54
 481	FF9B5E7F-1037-11EF-AF12-FC3497283F54
 482	9F91E8DF-1979-11EF-AF15-FC3497283F54
 483	-1232 112 3664
 484	117BD8DA-1039-11EF-AF12-FC3497283F54
 485	350E1C02-1983-11EF-AF15-FC3497283F54
 486	31B57831-1C2C-C8A5-7C90-5A30DF8CFF98
 487	FDBBE019-3A1F-56B1-FA29-8C28CB8478E0
 488	2CF5F742-5FA4-9A6F-0707-575DF7059C9A
 489	9A32B2D0-DFF1-11EE-AF05-FC3497283F54
 490	9F91E8C1-1979-11EF-AF15-FC3497283F54
 491	4A051893-1983-11EF-AF15-FC3497283F54
 492	224 14464 11652
 493	29AA7AFA-6034-B120-E35E-056B9FA2A70C
 494	-1488 -2320 4600
 495	-8192 8320 0
 496	B6AD6DC9-D112-11EE-AF02-FC3497283F54
 497	99E5F2D9-0EA3-C17F-E7DC-A73D5EE55EFE
 498	mp_dom_spawn
 499	6B6A0EC9-CA18-11EE-AF00-FC3497283F54
 500	752 16032 11664
 501	0AC1A418-11B0-11EF-AF12-FC3497283F54
 502	85CBA1DB-9977-87D5-25BA-41022D1A6D72
 503	hardpoint_vis_05
 504	46BF55FC-0C45-F196-A2E2-D474413F6398
 505	704AF384-5C04-6211-8FB2-13E47B47A72F
 506	8848DDAD-67E5-327C-182F-CDD70431A7F8
 507	932B056F-1038-11EF-AF12-FC3497283F54
 508	1328 1504 6288
 509	9CE7852F-EE07-45D8-2257-F88F632B4AED
 510	-112 16000 11664
 511	-913.5 15488 11672
 512	400 16032 11664
 513	-1232 48 3664
 514	secret_ending
 515	363F61B3-16FC-11EF-AF13-FC3497283F54
 516	-160 13888 11664
 517	05435DA1-10DA-11EF-AF12-FC3497283F54
 518	-448 -1024 16
 519	61EBE0D3-5614-C7C3-E22E-96D0A009FA6B
 520	0BF83E57-7C93-4E97-16F5-F205D3436EC4
 521	897.619 15779.3 11664
 522	6EC4394C-D3AE-37BA-4ABB-20D77928575B
 523	647DFF8B-9A09-11EE-9F60-0CDD24150E54
 524	7FCDEB2B-116B-11EF-AF12-FC3497283F54
 525	3E81990F-1038-11EF-AF12-FC3497283F54
 526	25CB10A7-CA19-11EE-AF00-FC3497283F54
 527	168 16000 11664
 528	03C13709-4A99-DF73-6810-A07A31DD5CEF
 529	checkpoint_5
 530	DC2C73FA-1974-11EF-AF15-FC3497283F54
 531	-8640 6432 0
 532	5024 -1376 2432
 533	7FCDEB3A-116B-11EF-AF12-FC3497283F54
 534	-928 14472 11664
 535	242D149D-BD34-DA53-DEF2-20A1F3E0E30C
 536	-928 14528 11664
 537	163207F4-15D5-CDF8-09FD-ABDF6D9378FD
 538	1568 2304 896
 539	1BC1B89C-CC5C-11EE-AF02-FC3497283F54
 540	C953AD9F-3E62-787C-D43A-CCE564CBF63A
 541	EEEFB135-6C62-573A-00CF-E5095B3A727B
 542	D079A19C-CA18-11EE-AF00-FC3497283F54
 543	350E1C20-1983-11EF-AF15-FC3497283F54
 544	hardpoint_chevron_secure_02
 545	350E1BD5-1983-11EF-AF15-FC3497283F54
 546	-736 16040 11664
 547	1BEB4A5D-84B8-1D42-4928-073D016CC20E
 548	9B301539-0999-4C60-5BA6-1D865372CE02
 549	25CB10B6-CA19-11EE-AF00-FC3497283F54
 550	45461E10-CFC5-6573-D4C1-420B5A5B4F85
 551	128 5088 9104
 552	F3A8254E-62C2-6FFE-846D-2202C730C6E3
 553	46AF18D4-15B8-2BC0-EF5D-136927FB46DE
 554	08351674-1037-11EF-AF12-FC3497283F54
 555	9F91E880-1979-11EF-AF15-FC3497283F54
 556	F749D34D-CA17-11EE-AF00-FC3497283F54
 557	7CE7748E-353B-E28C-E7AA-56449547513B
 558	9F91E853-1979-11EF-AF15-FC3497283F54
 559	0B11F322-1974-11EF-AF15-FC3497283F54
 560	scriptable_electronics_command_phone_01
 561	9F91E8A3-1979-11EF-AF15-FC3497283F54
 562	vfx/jup/level/mp_jup_vertigo/vfx_vertigo_pixels_cam
 563	F20794C2-BECD-FCEF-09AF-0F79A51493C5
 564	5F00E7EB-8F98-89EC-4C2F-A6023E49DB2C
 565	9F5CC39F-B770-1ED0-C466-5F9A5205473D
 566	mp_high_spawn
 567	A47F95A0-CADF-11EE-AF00-FC3497283F54
 568	354699E2-A695-2A5D-7398-DE2B24351960
 569	-2648 -64 8048
 570	6E943FBF-1876-11EF-AF14-FC3497283F54
 571	pf2cf1c5e2bae4bee4_auto2108
 572	7FCDEB62-116B-11EF-AF12-FC3497283F54
 573	446FCBA6-AC3F-03EB-CCF5-C996A6FE68F9
 574	D952FF6B-E457-2CF1-E02E-AC71F6FF8E99
 575	04C56D7A-1979-11EF-AF15-FC3497283F54
 576	-393.035 14479.9 11664
 577	AD22DBD2-1038-11EF-AF12-FC3497283F54
 578	7107F9C9-6B00-70F4-2714-8D8C37F93E3B
 579	647DFF80-9A09-11EE-BB6E-0CDD24150E54
 580	-936 14408 11664
 581	48763354-D129-11EE-AF03-FC3497283F54
 582	-576 -1024 16
 583	9F91E907-1979-11EF-AF15-FC3497283F54
 584	-384 16032 11664
 585	8311F0EA-1038-11EF-AF12-FC3497283F54
 586	04C56D6F-1979-11EF-AF15-FC3497283F54
 587	908 15376 11672
 588	-576 14040 11664
 589	86BAF0F9-1877-11EF-AF14-FC3497283F54
 590	225E1378-91D3-8A84-0E0D-BBA829221DA2
 591	972AD0D4-CA17-11EE-AF00-FC3497283F54
 592	FF9B5EAD-1037-11EF-AF12-FC3497283F54
 593	08349425-28DA-4C52-3499-B8F41C342A10
 594	672 13984 11664
 595	7FCDEA81-116B-11EF-AF12-FC3497283F54
 596	4A05186B-1983-11EF-AF15-FC3497283F54
 597	822.207 15816.4 11664
 598	0E6C1036-F81C-0132-0766-F7EC215F39C1
 599	81E75D21-1394-70A3-DCDD-B822ABFA2604
 600	-749.043 15857.2 11664
 601	-576 14048 11664
 602	0 150 0
 603	CF3E75EF-10D2-11EF-AF12-FC3497283F54
 604	robj_light
 605	-608 14040 11664
 606	CB02D2F2-9C12-7A23-2E46-18C5396A2EF5
 607	536 13976 11664
 608	327681F9-D138-1B7C-8F98-68E306B83F4A
 609	6B6A0EB4-CA18-11EE-AF00-FC3497283F54
 610	-928.536 15518 11664
 611	-896 15200 11664
 612	pf227e1480cb5cf047_auto2108
 613	-192 -1152 16
 614	D4F4E488-FFE2-31B5-70FF-0F903AB819AD
 615	191EA93E-434C-A83A-0AF4-CC689EA68841
 616	4EC814C1-CD68-54E1-9634-5C1C343B8C82
 617	296 -960 4328
 618	512 14368 11664
 619	hardpoint_vis_01
 620	672 16024 11664
 621	-9216 9024 0
 622	192 13792 11664
 623	0BED7705-6897-CC9E-2B29-26D0CDA94C0C
 624	2784 1952 2448
 625	B72D32C5-7233-115B-D403-39CC4365008C
 626	2F0A39DB-1983-11EF-AF15-FC3497283F54
 627	3D85007C-29EC-11EF-95CE-68545A904D17
 628	pf38682cdf84402489_auto2108
 629	mp_warrior_spawn_axis_start_car
 630	350E1C39-1983-11EF-AF15-FC3497283F54
 631	-288 16040 11664
 632	B08F4CD0-B2CD-A4E0-3A58-B6CC13F37775
 633	D984C247-E2FE-6134-5924-668F8FA19FFD
 634	-894.141 14327.9 11664
 635	1000 14848 11664
 636	-1088 15008 11664
 637	736 14128 11664
 638	86BAF108-1877-11EF-AF14-FC3497283F54
 639	7FCDEAC2-116B-11EF-AF12-FC3497283F54
 640	-928 14664 11664
 641	2E106165-E655-772E-28A5-CF7FBA2499B8
 642	-512 16016 11648
 643	452E9061-CA19-11EE-AF00-FC3497283F54
 644	49412C09-4E58-45F3-59A8-1D89C2FAF85E
 645	7937D1E9-81BB-47B8-512E-F3C182C184F4
 646	8F8B2388-A918-D58C-9EBD-F5371486731D
 647	9F91E902-1979-11EF-AF15-FC3497283F54
 648	2D5C5C25-8B66-FF15-2D7A-9082BA4EE202
 649	69F2304B-7100-D51E-90D4-1ACB77598E3D
 650	DE9A3B8B-BCDD-61A8-E71C-62109130F2A7
 651	350E1C9D-1983-11EF-AF15-FC3497283F54
 652	-672 14040 11664
 653	A7223A7A-1038-11EF-AF12-FC3497283F54
 654	C7A7D839-B0EE-BEE9-9831-F4D14C7CC691
 655	3C418739-DD54-BC27-88F5-A3848BCBFFC1
 656	912 -2272 6672
 657	608C32CA-1038-11EF-AF12-FC3497283F54
 658	D6FED6F3-02AF-FA4E-6525-4D2825FEC59C
 659	9991583A-1979-11EF-AF15-FC3497283F54
 660	5248 1824 2432
 661	6DB0F3FB-466F-3FDB-48F4-0E012E44D819
 662	811.5 15323.5 11672
 663	-320 -1024 16
 664	211358CE-C991-B410-C7FA-C1B9ED30EB0E
 665	7FCDEB3F-116B-11EF-AF12-FC3497283F54
 666	F5FFD44B-EB5B-D78C-0872-C4C205E6416D
 667	500E14B7-1983-11EF-AF15-FC3497283F54
 668	57249BEA-0015-4E9D-753A-CA58BF0FA833
 669	ADF24F0B-5DEE-1757-3D80-39DD06CB92F8
 670	-128 -1024 16
 671	1604D7DD-0008-EDDE-B822-CE1ACF90F2D1
 672	F6832E02-E16D-6B0E-86F4-BBFA976D5BAA
 673	D08BB4DB-CA20-11EE-AF00-FC3497283F54
 674	mp_warrior_spawn_team_three_start_car
 675	496A6E73-02DF-D998-697B-A0103E8C7705
 676	782AFA71-E06B-C45B-F79A-32429F98B32B
 677	-64 232 8144
 678	5AF5129E-CA19-11EE-AF00-FC3497283F54
 679	-823.184 15805.3 11664
 680	mp_warrior_spawn_axis_start
 681	152 14472 11643
 682	BB639E7C-1979-11EF-AF15-FC3497283F54
 683	1AE12E42-11BE-11EF-AF12-FC3497283F54
 684	4B556770-9114-6B5F-38A7-C374C76BF74F
 685	F605CE7A-116C-11EF-AF12-FC3497283F54
 686	2F0A3A3F-1983-11EF-AF15-FC3497283F54
 687	-800 -1280 2176
 688	-416 16040 11664
 689	1AE12E4B-11BE-11EF-AF12-FC3497283F54
 690	A47F9588-CADF-11EE-AF00-FC3497283F54
 691	1BC1B88A-CC5C-11EE-AF02-FC3497283F54
 692	6E943FC2-1876-11EF-AF14-FC3497283F54
 693	DBC51542-FEE0-D3E6-D30F-831D50C68BEA
 694	0 315 0
 695	765.124 15846.4 11664
 696	3680 -1824 6224
 697	-8704 6496 0
 698	pf3da66e1be57b61e1_auto2108
 699	FE4F3AAB-9436-8056-E402-23270F8F7200
 700	7FCDEB7B-116B-11EF-AF12-FC3497283F54
 701	C786D2AA-1038-11EF-AF12-FC3497283F54
 702	D43E3117-BC49-86B8-77B1-ECD647EE7B8C
 703	192 13824 11664
 704	checkpoint_10
 705	-1096 15144 11664
 706	CA84AD95-B029-A362-4BBD-264E9278E93B
 707	972AD0CE-CA17-11EE-AF00-FC3497283F54
 708	-672 16032 11664
 709	3680 -1760 6224
 710	5BA8380A-3655-7732-FC7E-7FEA4542E071
 711	F17606A1-D198-670E-9463-D70086961535
 712	81C8BBF7-CA17-11EE-AF00-FC3497283F54
 713	2A3474C4-2D01-5D60-C469-C1FF5626A060
 714	811.5 15259 11672
 715	vfx/jup/level/mp_jup_vertigo/vfx_vertigo_sphere_01
 716	992 15552 11664
 717	2F0A3A35-1983-11EF-AF15-FC3497283F54
 718	2F0A39E5-1983-11EF-AF15-FC3497283F54
 719	7FCDEB71-116B-11EF-AF12-FC3497283F54
 720	28F6A1FC-6719-F5DD-C0F7-02C1C41AED1D
 721	523E1A71-F217-E705-CE47-8D66878DEBA0
 722	14852646-C03A-7D5A-4148-1BAF05234E31
 723	D08BB4DE-CA20-11EE-AF00-FC3497283F54
 724	5088 -1376 2432
 725	-928 14560 11664
 726	D53E76B9-7D79-449F-6DBE-51674A7136E2
 727	354 15719.5 11664
 728	DCF7E112-6F85-56C1-E731-BB6193F3E732
 729	pf87dfbbbefdf20ee5_auto2108
 730	B4379E0E-1038-11EF-AF12-FC3497283F54
 731	-9216 8320 0
 732	91817152-FB85-AB7B-9F6A-CC60682B88D9
 733	-1168 80 3664
 734	350E1C3E-1983-11EF-AF15-FC3497283F54
 735	90DE8B75-050E-7FF9-6D54-BCACDED7878A
 736	3A548126-A8C5-C35D-3B17-92AFDE798C5F
 737	pf4b563cb2f3e7d25f_auto2108
 738	9F91E7E0-1979-11EF-AF15-FC3497283F54
 739	832 14208 11664
 740	6E943FB0-1876-11EF-AF14-FC3497283F54
 741	071EA788-34A8-C61D-D2CB-8C77EC81EF7B
 742	0 330 0
 743	48763345-D129-11EE-AF03-FC3497283F54
 744	88DB9704-1480-DE86-1189-C448BD454621
 745	54CDB40E-C9CB-11EE-AF07-E0D4E875DD15
 746	D8F098C0-8DEE-6BC1-F347-68BFC2749C33
 747	488ACB51-DBF5-C460-FA39-A6F7C0F24D17
 748	BB639E4A-1979-11EF-AF15-FC3497283F54
 749	A7223A7D-1038-11EF-AF12-FC3497283F54
 750	9BD18C65-CD75-792B-6953-AAB451641951
 751	350E1BE4-1983-11EF-AF15-FC3497283F54
 752	B93141A4-4CE9-68CA-83D9-AE0C5C30B769
 753	-49 13684.5 11672
 754	7FCDEA3B-116B-11EF-AF12-FC3497283F54
 755	D079A1AE-CA18-11EE-AF00-FC3497283F54
 756	7FCDEA63-116B-11EF-AF12-FC3497283F54
 757	944 15744 11664
 758	BB639E54-1979-11EF-AF15-FC3497283F54
 759	vfx_vertigo_nebula
 760	2F0A39F9-1983-11EF-AF15-FC3497283F54
 761	-736 16032 11664
 762	9F91E7F4-1979-11EF-AF15-FC3497283F54
 763	350E1C07-1983-11EF-AF15-FC3497283F54
 764	checkpoint_2
 765	AC86D303-149C-9B01-284D-4D4DE59534C8
 766	350E1CA2-1983-11EF-AF15-FC3497283F54
 767	4A051870-1983-11EF-AF15-FC3497283F54
 768	-928 14592 11664
 769	9F91E7B8-1979-11EF-AF15-FC3497283F54
 770	15181FC9-1915-8C58-900A-FA951D70B4F8
 771	FA33E77F-E86D-0ED7-5842-E8F332CA4B46
 772	6B6A0EBA-CA18-11EE-AF00-FC3497283F54
 773	7FCDEB67-116B-11EF-AF12-FC3497283F54
 774	3E292FF5-A125-D1A9-7276-DAAF078802AC
 775	9CDAEBA5-5773-618E-6670-19C924F22D40
 776	5AF51295-CA19-11EE-AF00-FC3497283F54
 777	5E280B38-FB8F-A42A-2461-02E010B7AEF2
 778	BBB12F50-CA20-11EE-AF00-FC3497283F54
 779	hardpoint_chevron_secure_01
 780	D548E4C3-278A-CD98-8092-58BE8E088C97
 781	61BB8AEB-A658-A811-5859-9D023A0B64BE
 782	3D850085-29EC-11EF-95CE-68545A904D17
 783	-544 -1088 16
 784	F605CE8D-116C-11EF-AF12-FC3497283F54
 785	1AE12E48-11BE-11EF-AF12-FC3497283F54
 786	-290 15712.5 11660.2
 787	-800 -1152 2176
 788	FA068A8C-336E-B4CD-C456-69C7971C78D6
 789	647DFF83-9A09-11EE-A83E-0CDD24150E54
 790	-848 15800 11664
 791	-816 15832 11664
 792	992 15616 11664
 793	9AD84FEA-F80F-872C-A407-938DECFB4BE0
 794	-736 -928 2176
 795	-360 16040 11664
 796	0B11F325-1974-11EF-AF15-FC3497283F54
 797	39F8B834-22CF-11EF-AF18-FC3497283F54
 798	9F91E830-1979-11EF-AF15-FC3497283F54
 799	54CDB413-C9CB-11EE-AF07-E0D4E875DD15
 800	EFFBF2FD-9160-1C6F-DB1E-0F988C33D75B
 801	-1096 15136 11664
 802	B1472DE4-A4C7-ABD8-7B90-8C74FAEE5D26
 803	960 832 3792
 804	E1758DE8-AFE6-13A7-1BC6-4A0671358FB1
 805	1BC1B890-CC5C-11EE-AF02-FC3497283F54
 806	327E1E20
 807	725723FC-C382-05B2-36ED-F2D234B55071
 808	5DCA1ECD-FEBB-2ECD-0EDE-F5A33F657E21
 809	4E8ABAEB-E981-E154-EED6-E8919761252D
 810	-800 -1088 2176
 811	880 14248 11664
 812	364F51C3-C4A1-4D00-E5CD-2B2A87D07EEF
 813	41010055-2D1D-11EF-95CE-68545A904D17
 814	171732A7-38CC-AC46-9FFB-611FD87DD880
 815	-608 16024 11664
 816	500E45FB-AADF-4DC2-E9CF-B176A7287A9B
 817	2F0A3A26-1983-11EF-AF15-FC3497283F54
 818	loop_end
 819	6E943FC5-1876-11EF-AF14-FC3497283F54
 820	9B002863-FEA4-D5CB-8852-D45DDA2CD2A9
 821	1600 2240 896
 822	3D850097-29EC-11EF-95CE-68545A904D17
 823	960 640 3792
 824	05435DA7-10DA-11EF-AF12-FC3497283F54
 825	54CDB41D-C9CB-11EE-AF07-E0D4E875DD15
 826	-779.624 15822 11664
 827	FB3265EF-1036-11EF-AF12-FC3497283F54
 828	65DFF38B-9134-2CA3-6239-FA4A636FD82E
 829	986.828 14534.8 11664
 830	66F10C47-EE12-BD99-B43C-93F58310C29A
 831	6268BD90-B481-7F8A-5291-7C3D306CDD4B
 832	88264D40-8A62-00E4-72F8-B73DA155B96D
 833	BF30C839-10FB-4B81-B3BF-FAA447428DA9
 834	D08BB4D5-CA20-11EE-AF00-FC3497283F54
 835	94C5C795-D126-11EE-AF03-FC3497283F54
 836	B9F2A30D-BFC3-1C6F-9635-625F3F849DC4
 837	F1771716-1037-11EF-AF12-FC3497283F54
 838	vfx/jup/level/mp_jup_vertigo/vfx_vertigo_glow_vista_01
 839	830.202 15816.6 11664
 840	440B2177-E082-A07D-8C0C-9D76E63666D4
 841	1915D546-09C8-BFDB-70B3-38949DA73D1F
 842	vfx_vertigo_fireworks_01
 843	2989186F-9B30-4020-7BE8-689570966661
 844	8E004272-1C1F-38C2-F83B-CC276F0450E5
 845	B6AD6DC3-D112-11EE-AF02-FC3497283F54
 846	440 14368 11664
 847	2F0A39B8-1983-11EF-AF15-FC3497283F54
 848	356332A6-2C2C-9464-D69C-4C3FDE666717
 849	94C5C78F-D126-11EE-AF03-FC3497283F54
 850	-8672 9184 0
 851	984 15560 11664
 852	04BB64CB-9234-C924-769F-9F525214D7E5
 853	3D850082-29EC-11EF-95CE-68545A904D17
 854	-192 -1024 16
 855	D7780CAE-BBF9-D703-72C2-A206A42FA93E
 856	EDA1BA12-516E-3499-64F5-2EC000E41ABC
 857	168 15712 11645
 858	-728.5 14766 11672
 859	C291EAB2-7819-09AE-DE5A-550464A0FF45
 860	616 13984 11664
 861	0CFB7FBC-7AFC-2A04-5802-6DD0B4F1486E
 862	384 256 7504
 863	mp_xfire_spawn_allies_start
 864	0 240 0
 865	-512 14048 11664
 866	scriptables
 867	7DD58462-6515-F2EA-B35A-7AFA571592B0
 868	E4965E87-6F19-0658-1D35-55D9CFF7BBF8
 869	8AA382D0-9C74-41CB-1731-D444600DADE4
 870	7011B41F-1281-B175-AC9C-B2B9370EF4FA
 871	89D11F2E-1352-11EF-AF12-FC3497283F54
 872	10EC3D8F-A9E3-6A0B-D55C-C3CB5417E250
 873	9F91E8EE-1979-11EF-AF15-FC3497283F54
 874	E794ACEF-D111-11EE-AF02-FC3497283F54
 875	-8704 6912 0
 876	716.037 15876.7 11664
 877	pff88985b830fcdbc8_auto2108
 878	5AF51292-CA19-11EE-AF00-FC3497283F54
 879	4A051884-1983-11EF-AF15-FC3497283F54
 880	0075B0D4-2AF5-88AA-CAD1-6813D02E50C2
 881	FD6C2645-20B3-F5F0-010D-928E9BC4C525
 882	600 13976 11664
 883	647D2884-9A09-11EE-9947-0CDD24150E54
 884	2F903327-53FD-A79A-A690-73C57A39C485
 885	9F91E90C-1979-11EF-AF15-FC3497283F54
 886	416 13984 11664
 887	checkpoint_9
 888	-786.113 15831.3 11664
 889	FF9B5E85-1037-11EF-AF12-FC3497283F54
 890	64 13824 11664
 891	AD22DBD8-1038-11EF-AF12-FC3497283F54
 892	C27201CA-6094-49F1-007D-1CA7692B5401
 893	-922.828 15585.2 11664
 894	814BF4BE-78C8-5307-552C-CE45BC47D3A3
 895	69220D63-1037-11EF-AF12-FC3497283F54
 896	25CB10AA-CA19-11EE-AF00-FC3497283F54
 897	0531E66B-E26C-7B51-0F55-D46605E4DA4D
 898	9F91E8E9-1979-11EF-AF15-FC3497283F54
 899	-272 14168 11664
 900	2F0A39F4-1983-11EF-AF15-FC3497283F54
 901	4
 902	296 -1152 4328
 903	053DDEE2-4BE9-C8E3-99CF-BAB3F3085C0C
 904	-943.464 15522 11664
 905	1BF985C7-2B50-C4AC-A85E-C836F0FF2EA2
 906	6CC840B6-422E-0716-00A0-A3E2430BE821
 907	81C8BBFA-CA17-11EE-AF00-FC3497283F54
 908	505E8505-F4E7-1177-B62E-6B73D332DDE1
 909	2D9F1602-0E74-4CE0-4CEC-B0E933EE4702
 910	58B2B076-460E-7286-E75B-363298814F1B
 911	00EC0FA7-2BBA-D131-FD37-B8EB01BDBE30
 912	-8112 7040 0
 913	452E906D-CA19-11EE-AF00-FC3497283F54
 914	98F8173E-9181-7330-6F70-80F75DA7968C
 915	-480 16040 11664
 916	360 -1248 4328
 917	0 13824 11664
 918	1F3C0737-6F23-2D3D-1482-5EC3E46F3A1E
 919	6B6A0EBD-CA18-11EE-AF00-FC3497283F54
 920	3680 -1632 6224
 921	1AE12E45-11BE-11EF-AF12-FC3497283F54
 922	CD80B727-1038-11EF-AF12-FC3497283F54
 923	A74D3F90-CBE5-2342-A7C1-FC140B6F0235
 924	-282 15712.5 11659.2
 925	1000 15416 11664
 926	FE4FCE02-82B6-8F16-2A84-27D0F4BF9722
 927	D5DB1CCE-2EAC-B22D-F2FA-B7BD881D55C6
 928	AD70C437-66A3-5510-5779-AE0E89F686F4
 929	907854FE-5C9B-3C75-57C7-12E831805B6B
 930	B56EFBCF-1978-11EF-AF15-FC3497283F54
 931	-96 13888 11664
 932	704 13984 11664
 933	4A05187A-1983-11EF-AF15-FC3497283F54
 934	3F4AC679-93DE-4A67-4593-3B5B345E8974
 935	DF7419B7-F06D-1031-8FEB-3B3052329948
 936	4E6741EA-C9FC-11EE-AF07-E0D4E875DD15
 937	-176 16000 11664
 938	54CDB409-C9CB-11EE-AF07-E0D4E875DD15
 939	CCDD5B48-BEAF-D8FF-DD59-A554AA07FE86
 940	160 5152 9104
 941	-849.071 14302 11664
 942	D4E2CC9C-9A43-F231-A425-78771477EB87
 943	848 -2400 6672
 944	6E12E87F-941A-AC14-A5E7-8C1903F4E4EF
 945	-480 -1088 16
 946	784 -2400 6672
 947	0 74.9999 0
 948	5F8D2DA8-E8AE-B210-B4F2-8EA46089BA81
 949	117BD8DD-1039-11EF-AF12-FC3497283F54
 950	37449B4B-094F-F26B-1622-47445DE0671A
 951	9F91E849-1979-11EF-AF15-FC3497283F54
 952	824 14208 11664
 953	9F91E7BD-1979-11EF-AF15-FC3497283F54
 954	49F904C6-1975-11EF-AF15-FC3497283F54
 955	5120 -1312 2432
 956	3B55ADC4-8787-4917-CA90-020EF8FBF0FE
 957	9F91E7D6-1979-11EF-AF15-FC3497283F54
 958	26352CDD-829E-DEDB-475D-9B182EAD5574
 959	-80 -2648 8656
 960	9F91E84E-1979-11EF-AF15-FC3497283F54
 961	-8 13800 11664
 962	B9BAFCE7-877B-0767-3FB5-A8790BAB817F
 963	350E1BD0-1983-11EF-AF15-FC3497283F54
 964	12F858E0-0875-4441-F1D5-9949CB37891C
 965	9A32B2E2-DFF1-11EE-AF05-FC3497283F54
 966	C10BDA6F-5FC0-3BEA-12B4-F9B299EB0DD6
 967	-120 16000 11664
 968	1536 256 3088
 969	350E1C52-1983-11EF-AF15-FC3497283F54
 970	116AE706-2215-0C22-CCF7-BB3CA095B39C
 971	832 704 3792
 972	0E60B975-CA19-11EE-AF00-FC3497283F54
 973	1440 2304 896
 974	-728.47 14216.2 11664
 975	0B11F31F-1974-11EF-AF15-FC3497283F54
 976	693D78C8-8643-5D01-0E8C-3C38E213D222
 977	B3410A09-91DF-53F7-E754-E5B3B7246719
 978	6F276628-C00B-C3E1-9B9B-8E8DCE339256
 979	C371E0EC-9B35-2A2F-C0A9-90F718930BD6
 980	0747187A-F260-A503-A77D-FB7AE6E00DE5
 981	-900 14684.5 11672
 982	25CB10B9-CA19-11EE-AF00-FC3497283F54
 983	500E14BC-1983-11EF-AF15-FC3497283F54
 984	vfx/jup/level/mp_jup_vertigo/vfx_vertigo_comet_vista
 985	5184 1920 2432
 986	647D76AA-9A09-11EE-834D-0CDD24150E54
 987	-480 16032 11664
 988	25CB10AD-CA19-11EE-AF00-FC3497283F54
 989	-256 -1152 16
 990	962EC5D2-16EA-11EF-AF13-FC3497283F54
 991	mp_sd_spawn_defender
 992	840 14208 11664
 993	8EE36F98-ABAF-1431-8D2B-D435B21DBA77
 994	544 13976 11664
 995	647DC4C7-9A09-11EE-94BD-0CDD24150E54
 996	-384 -1024 16
 997	E794ACE9-D111-11EE-AF02-FC3497283F54
 998	9DF8B919-4A95-7685-6268-C4C052FCFEEB
 999	F1771708-1037-11EF-AF12-FC3497283F54
1000	-800 -960 2176
1001	816 -2336 6672
1002	0AFFAF74-1979-11EF-AF15-FC3497283F54
1003	7FCDEB6C-116B-11EF-AF12-FC3497283F54
1004	358 15712.5 11664
1005	E566A2F4-1037-11EF-AF12-FC3497283F54
1006	A8D88B9D-4C71-420B-4610-001C1E0B4A73
1007	8631694A-C900-C2B0-10B2-9D5A11733256
1008	CADC1EA2-4F56-6173-4CC4-6C593E6632DA
1009	1472 2240 896
1010	60ACA184-4875-8FE1-8657-E4577D1E0CCC
1011	4A0518A2-1983-11EF-AF15-FC3497283F54
1012	DBA7ED06-D007-18C0-646F-50B7E0E0E0D8
1013	0A2BCB17-BB64-A483-3E3A-30FBC899CC72
1014	FD8596CB-44F5-EA7C-F25C-612277555B7B
1015	348508D5-D919-B3F5-8BD0-5564A5EAD302
1016	88E8F26A-E394-2309-0F32-96D569215D44
1017	972AD0DD-CA17-11EE-AF00-FC3497283F54
1018	1632 2304 896
1019	F396DBEF-1036-11EF-AF12-FC3497283F54
1020	-640 14040 11664
1021	-448 -1152 16
1022	C00E4C27-F814-4CF8-C7A4-65DC1B95651B
1023	208 -416 6288
1024	-2648 320 8048
1025	E2C9FBDF-4F1E-96B3-179F-E54D95A64CAA
1026	BB639E72-1979-11EF-AF15-FC3497283F54
1027	986 14663.5 11664
1028	F98B3E11-6180-A4EA-4BBA-A8B54826C2AD
1029	6F885CB0-9998-E8C0-A873-C0BFDD784378
1030	C9E574ED-E9A7-6E6C-E872-3A10B563244E
1031	CFD080C6-116C-11EF-AF12-FC3497283F54
1032	A64F486E-31A9-5DF3-32EB-BAF51E0ADB16
1033	3FDA9848-24D0-E277-59E5-AA8CDBED36CD
1034	7CE82BA1-9626-D4F3-E142-6893DFB6DCAA
1035	-640 14048 11664
1036	-224 -1088 16
1037	53422755-F090-886A-E22B-7846600850A1
1038	9E38C51E-FCAA-4F4C-083A-E3D4F9A2AC8C
1039	112 -2648 8656
1040	89D11F23-1352-11EF-AF12-FC3497283F54
1041	9F91E91B-1979-11EF-AF15-FC3497283F54
1042	1408 2240 896
1043	65149E53-3E1A-7954-D2B4-017E5B2208F9
1044	33E1BCE1-B3DB-3E71-CA80-D8988393B570
1045	9A32B2E5-DFF1-11EE-AF05-FC3497283F54
1046	D73FE07D-3C5E-4B7D-BE56-E33FE588617F
1047	E25C2F4C-10BD-F067-275F-31C9A825425E
1048	53A354BC-5396-C529-0BF5-157EF41BDA12
1049	4DE6AE0A-0D2E-39A8-634D-E889BB393CCB
1050	BFD9F90D-BE78-C806-6BB7-CB98AF336421
1051	D6338D56-2883-D184-106C-AA86964F0EA6
1052	7FCDEB99-116B-11EF-AF12-FC3497283F54
1053	A47F472A-6E77-5A57-918C-5EC880658CAD
1054	94C5C77A-D126-11EE-AF03-FC3497283F54
1055	892E0564-197F-11EF-AF15-FC3497283F54
1056	F4EE15B8-79EE-493C-9C68-329B1B2A26DE
1057	D08BB4E4-CA20-11EE-AF00-FC3497283F54
1058	525B87B1-8D10-B74C-4A91-2F00EDEE5D91
1059	38A9D212-15D6-D95B-7ABC-00A8CCFAF5E1
1060	mp_koth_spawn
1061	79F94B58-0245-C414-F477-7695D18F3EB5
1062	987B88CF-9E0B-FD47-BD8A-741D6AD360AF
1063	7FCDEA36-116B-11EF-AF12-FC3497283F54
1064	27ABE504-2BE8-0E19-CF1D-B81F16F98F3B
1065	45965072-3615-1AC9-99E2-4F764F55CEFA
1066	541E83DB-1037-11EF-AF12-FC3497283F54
1067	9991583F-1979-11EF-AF15-FC3497283F54
1068	424 16032 11664
1069	-930.828 15713.2 11664
1070	-813.389 14283.9 11664
1071	86BAF10B-1877-11EF-AF14-FC3497283F54
1072	891.962 15771.4 11664
1073	-1552 -2032 4600
1074	F51F8588-5473-726A-B782-69B3CA2E3DB9
1075	BB639E3B-1979-11EF-AF15-FC3497283F54
1076	pffe9652aba62a9860_auto2108
1077	67BB7CCE-C9CB-11EE-AF07-E0D4E875DD15
1078	-960 -2704 5784
1079	E23C2F4A-7411-779E-E4F3-C6B0E9A44533
1080	99915835-1979-11EF-AF15-FC3497283F54
1081	E9B0B74F-4B69-CD13-35CE-1E0D451FBD04
1082	8A04F8D2-1037-11EF-AF12-FC3497283F54
1083	mp_warrior_spawn_allies_start_car
1084	-820 14276 11664
1085	vfx_vertigo_lines_vista
1086	940 15737.1 11664
1087	B95BFDA0-8C92-1F9D-857D-6C5AC629F5C7
1088	20FD2E12-E56F-CC00-4F16-956954C13AD8
1089	DB002CA6-E088-A8D5-FB9C-04CA8CF41DB2
1090	1536 -192 3088
1091	48763357-D129-11EE-AF03-FC3497283F54
1092	-928 15456 11664
1093	D08BB4E1-CA20-11EE-AF00-FC3497283F54
1094	929278E3-10D8-11EF-AF12-FC3497283F54
1095	1BC1B896-CC5C-11EE-AF02-FC3497283F54
1096	-584 14048 11664
1097	932B056C-1038-11EF-AF12-FC3497283F54
1098	CFD080BB-116C-11EF-AF12-FC3497283F54
1099	33E024CB-89B1-DF62-EA61-E369F2FB6DD1
1100	-672 16024 11664
1101	0 2208 8656
1102	25CB10C2-CA19-11EE-AF00-FC3497283F54
1103	D62B2935-116C-11EF-AF12-FC3497283F54
1104	C5D11EA3-FBD9-5BDE-EC24-37BE25D27343
1105	976 14400 11664
1106	DD1E843B-116C-11EF-AF12-FC3497283F54
1107	733F70EE-7EB7-61E0-D996-DDD306F7F58E
1108	-1552 -2288 4600
1109	98DD03D1-1352-11EF-AF12-FC3497283F54
1110	05AB55D0-80CD-DC0E-2FB4-78AAF3F57B5A
1111	7FCDEA68-116B-11EF-AF12-FC3497283F54
1112	541E83EF-1037-11EF-AF12-FC3497283F54
1113	0 135 0
1114	0B612458-1038-11EF-AF12-FC3497283F54
1115	DB7B1ED9-47C1-664E-6A79-1C0183EED6EA
1116	D3315479-1796-06A1-0846-2C39FF493836
1117	-416 -1088 16
1118	216 15712 11651
1119	9F91E821-1979-11EF-AF15-FC3497283F54
1120	879.29 15786.3 11664
1121	720 -2400 6672
1122	EB3E54EA-13D1-EF63-FDA6-586543C7686F
1123	CA9E5BD5-1978-11EF-AF15-FC3497283F54
1124	3C3D9521-810A-7EC5-FCE3-F6431ECD6583
1125	37537B0A-9E5F-02CF-80BB-597CF9FE3695
1126	-64 104 8144
1127	D12036C0-9610-1194-7D00-DE8E8EBBB23B
1128	-704 14040 11664
1129	0 270 0
1130	CAB67A87-B435-74F4-A026-EB3E79F78F8B
1131	5184 2048 2432
1132	5184 1984 2432
1133	-2648 40 8048
1134	9F91E858-1979-11EF-AF15-FC3497283F54
1135	-672 16040 11664
1136	mp_dd_spawn_defender_start
1137	9F91E7CC-1979-11EF-AF15-FC3497283F54
1138	7C353D01-4BFD-2614-8516-E6DFCB1467B2
1139	223CCA98-8CB0-3A51-4D78-88B19B65C684
1140	360 -1056 4328
1141	FF9B5EB0-1037-11EF-AF12-FC3497283F54
1142	15715326-BACC-F1F6-F624-E65693416220
1143	C02E52D0-C5E3-478D-13F4-1C494CA453B8
1144	accessory_fire_extinguisher
1145	-1168 16 3664
1146	998 14656.5 11664
1147	pfdbc808460ea0faf_auto2108
1148	6E943FB9-1876-11EF-AF14-FC3497283F54
1149	9F91E7E5-1979-11EF-AF15-FC3497283F54
1150	checkpoint_11
1151	190A0515-9A66-9BC1-3363-AC308F8AA91D
1152	-128 -1152 16
1153	4876335A-D129-11EE-AF03-FC3497283F54
1154	mp_control_spawn_defender
1155	647DFF79-9A09-11EE-9F87-0CDD24150E54
1156	D74E3BD8-B089-3F11-B66C-11FDF976AB15
1157	452E906A-CA19-11EE-AF00-FC3497283F54
1158	5CC21D93-E936-DB0E-8267-33166BFF695A
1159	4876334B-D129-11EE-AF03-FC3497283F54
1160	E268F051-8E4E-6126-DEE3-4A914BD7314B
1161	59A08992-A170-ED42-3AA0-91509A3539D6
1162	500E14A8-1983-11EF-AF15-FC3497283F54
1163	-280 16032 11664
1164	42CA1B73-1975-11EF-AF15-FC3497283F54
1165	E40CB9B2-116C-11EF-AF12-FC3497283F54
1166	FF9B5E82-1037-11EF-AF12-FC3497283F54
1167	0F78A1CC-0BD5-29CF-7F8A-83AA73D436EB
1168	vfx_vertigo_cloud_01
1169	9BF1FAC4-8797-64B3-A97C-68A359F69394
1170	960 14344 11664
1171	4A05189D-1983-11EF-AF15-FC3497283F54
1172	E794ACF2-D111-11EE-AF02-FC3497283F54
1173	A4C0F3D0-58FF-97FD-17F5-1516AF0B8DA9
1174	mp_warrior_spawn_axis_start_ds
1175	2F0A3A21-1983-11EF-AF15-FC3497283F54
1176	576 13984 11664
1177	9F91E8CB-1979-11EF-AF15-FC3497283F54
1178	647D76AB-9A09-11EE-8880-0CDD24150E54
1179	D782F6D2-0CBE-3820-1BD2-4CCDA7A4397B
1180	0AC1A415-11B0-11EF-AF12-FC3497283F54
1181	-416 16024 11664
1182	D079A1A2-CA18-11EE-AF00-FC3497283F54
1183	A30ECB29-48B1-4745-8BE2-7C34B55773FD
1184	889.623 15779 11664
1185	208 -480 6288
1186	2C48608A-F604-6AA5-5385-C5F066786053
1187	pffadbd788b1dc0c05_auto2108
1188	-707.5 14322 11672
1189	0B61244C-1038-11EF-AF12-FC3497283F54
1190	960 768 3792
1191	8D9E7B9C-FD3F-76BA-5A76-DB6E1D347932
1192	384 192 7504
1193	-200 13800 11664
1194	A04F6811-633E-178A-A312-011B4CC902B6
1195	E1C97600-65C4-8B9C-6A70-E31D5E89CB18
1196	E396652F-2D1C-11EF-95CE-68545A904D17
1197	7FCDEA40-116B-11EF-AF12-FC3497283F54
1198	8C7EC4CD-61EE-D127-61CE-A1B7B3391A02
1199	F15DD8D1-DCE2-58BC-2DFB-7DCC662DE701
1200	6CDD6A09-15A4-D4D9-6F0B-8E09AA879369
1201	4A051889-1983-11EF-AF15-FC3497283F54
1202	96 13888 11664
1203	D69D2CAA-D790-94D6-A0D0-08F2D845958D
1204	EBE82A59-DB28-C031-3345-CF3DEFA6EE8D
1205	6E9B883B-C739-3C59-29E7-655D747EA4D1
1206	512 13984 11664
1207	pfdac6dc21618d28ca_auto13
1208	0 55.0001 0
1209	4BF1BA4C-8049-D759-FBA1-F2DB026EB899
1210	2F0A39CC-1983-11EF-AF15-FC3497283F54
1211	B6A5589F-4910-19E5-11DD-FA0D3416BE93
1212	9B51101B-C604-A38E-B834-97DBE0B02F70
1213	DE386D91-B64C-4042-EC70-7A2D30ED6AA0
1214	3D850091-29EC-11EF-95CE-68545A904D17
1215	-1232 -16 3664
1216	12134860-1038-11EF-AF12-FC3497283F54
1217	7FCDEB8F-116B-11EF-AF12-FC3497283F54
1218	A28537B1-494E-0183-FFE8-AAC31C503C85
1219	vfx/jup/level/mp_jup_vertigo/vfx_vertigo_lines_ground_vista
1220	-511.5 14382 11672
1221	144 -2584 8656
1222	1328 1568 6288
1223	mp_dd_spawn_attacker
1224	992 14496 11664
1225	8311F0DF-1038-11EF-AF12-FC3497283F54
1226	48EF36F6-BDD3-16F3-A7BC-00016BD245C7
1227	2F0A39BD-1983-11EF-AF15-FC3497283F54
1228	416 16024 11664
1229	69588EC5-F65C-2D53-672D-9D1EDEBF43F1
1230	464 16032 11664
1231	350E1C5C-1983-11EF-AF15-FC3497283F54
1232	92676AFD-D102-722F-BD79-36EF1EB1B79D
1233	10CC3F73-A1BB-153D-7AEC-9FE2285AB403
1234	-32 13888 11664
1235	02D77CC6-225A-4AC4-3E36-0DBDDFE98995
1236	-544 16032 11664
1237	5AF5128C-CA19-11EE-AF00-FC3497283F54
1238	3744 -1600 6224
1239	2DDF2BA4-050F-90E5-E81C-4409B0830F20
1240	350E1C57-1983-11EF-AF15-FC3497283F54
1241	DD1E843E-116C-11EF-AF12-FC3497283F54
1242	9409AF66-116D-11EF-AF12-FC3497283F54
1243	-933.172 15590.8 11664
1244	C0CDD843-FE12-40AE-4E5C-5712B11C99E3
1245	-512 14040 11664
1246	3B80B333-B600-497C-9C44-A0E53CBA2DD1
1247	mp_dm_spawn_secondary
1248	84917AC4-0D26-D2D2-CCEF-46F8AB29D439
1249	vfx_vertigo_flare_vista_01
1250	-800 -1216 2176
1251	6FCBF18E-1038-11EF-AF12-FC3497283F54
1252	-897.325 15753.4 11664
1253	9B5D4EE8-DE68-3AC8-3F84-DB940D4FB0AC
1254	-112 -2584 8656
1255	647DC4C9-9A09-11EE-95FD-0CDD24150E54
1256	9451BE38-FF1B-9D0A-4890-FC8903654643
1257	7765DF97-CA17-11EE-AF00-FC3497283F54
1258	2F0A39D6-1983-11EF-AF15-FC3497283F54
1259	-928 14728 11664
1260	320 160 7504
1261	BE2F0389-E1ED-05CF-BBF8-BA9106AE4212
1262	vfx/jup/level/mp_jup_vertigo/vfx_vertigo_lines_vista
1263	-736 -1472 2176
1264	960 14336 11664
1265	953030F1-02A5-B2D0-2FF7-B27928E7278E
1266	2528 1952 2448
1267	-680 16040 11664
1268	6A1B0A1D-9B08-0E95-3077-28D3C616CC7E
1269	mp_warrior_spawn_team_three_start_ds
1270	EC010A8B-9FDD-9DE8-E037-D91F970EE3CD
1271	mp_tdm_spawn_secondary
1272	4C2C51FC-CD90-45C5-688F-F3071096552D
1273	1BC1B899-CC5C-11EE-AF02-FC3497283F54
1274	D079A1A5-CA18-11EE-AF00-FC3497283F54
1275	7FCDEAD1-116B-11EF-AF12-FC3497283F54
1276	688 16032 11664
1277	86BAF111-1877-11EF-AF14-FC3497283F54
1278	BB639E63-1979-11EF-AF15-FC3497283F54
1279	-928 14656 11664
1280	-354 15712.5 11664
1281	2E6CC611-2D61-5B69-7CEC-CF61C7E16D93
1282	56FEAA19-0594-0CAC-9E0A-23E0A4582066
1283	912 -2400 6672
1284	726.37 15869.4 11664
1285	6F1B54B1-AFC5-27F3-82B0-C97F9973556C
1286	80C3AAF1-CDA2-A14C-A8B1-F50DBB72EDE6
1287	F2C54750-1570-81BD-C9F0-A5476BAC7048
1288	71118AC2-0152-B1A7-37E6-7C0E3E052B91
1289	9F91E89E-1979-11EF-AF15-FC3497283F54
1290	822BFEF0-81D4-A533-DA5B-8530690BA071
1291	-920 14656 11664
1292	1BBF944D-CF8D-56C1-95DE-967A2F359C35
1293	pf4c5d4adf2e417478_auto2108
1294	vfx/jup/level/mp_jup_vertigo/vfx_vertigo_square_01
1295	144 -448 6288
1296	0AC1A412-11B0-11EF-AF12-FC3497283F54
1297	C7EF5064-8D6F-11B2-7D6F-A7FF6214B30E
1298	mp_dd_spawn_defender_a
1299	7FCDEB44-116B-11EF-AF12-FC3497283F54
1300	C786D29F-1038-11EF-AF12-FC3497283F54
1301	04244255-CA18-11EE-AF00-FC3497283F54
1302	608 13992 11664
1303	-424 16040 11664
1304	7461D180-3398-33E8-3570-9CFCB63D6932
1305	CD80B732-1038-11EF-AF12-FC3497283F54
1306	7FCDEA45-116B-11EF-AF12-FC3497283F54
1307	BB639E27-1979-11EF-AF15-FC3497283F54
1308	992 14456 11664
1309	0E60B978-CA19-11EE-AF00-FC3497283F54
1310	647DEBBD-9A09-11EE-B954-0CDD24150E54
1311	2720 1952 2448
1312	160 14464 11648
1313	A47F958E-CADF-11EE-AF00-FC3497283F54
1314	11979DBE-B69F-FDD4-8592-4C34EBFD33CC
1315	20C14EBE-1887-79AD-27AA-71CFB4BEB3FC
1316	DEFC268D-05C5-52F6-DE53-7D5E92571639
1317	647DFF7A-9A09-11EE-A93D-0CDD24150E54
1318	-920.536 15518 11664
1319	DFFDD9DE-1982-11EF-AF15-FC3497283F54
1320	1213485A-1038-11EF-AF12-FC3497283F54
1321	mp_dd_spawn_attacker_a
1322	984 15696 11664
1323	767550DA-373A-4081-71C9-428CA029CF79
1324	363F619B-16FC-11EF-AF13-FC3497283F54
1325	9A32B2C7-DFF1-11EE-AF05-FC3497283F54
1326	67BB7CC9-C9CB-11EE-AF07-E0D4E875DD15
1327	traverse
1328	-928 14432 11664
1329	350E1C7A-1983-11EF-AF15-FC3497283F54
1330	nav_door
1331	9F91E8FD-1979-11EF-AF15-FC3497283F54
1332	C0FFCE90-A978-03FB-F6FA-C785CAD1FF23
1333	168 16008 11664
1334	1BC1B8A5-CC5C-11EE-AF02-FC3497283F54
1335	104 16000 11664
1336	7FCDEB49-116B-11EF-AF12-FC3497283F54
1337	BFB116A0-989D-3DF4-A173-6C52D503947E
1338	F417F6FF-1038-11EF-AF12-FC3497283F54
1339	6E943FAD-1876-11EF-AF14-FC3497283F54
1340	0AFFAF7D-1979-11EF-AF15-FC3497283F54
1341	A32589EC-4380-60C9-B0B2-8A2C84F4E11E
1342	-744 16040 11664
1343	748CF6EA-4FC4-FCF1-83D5-FE3DD9CF7054
1344	10E218F8-DE92-CFC9-F085-1EB4D2DDD6CA
1345	vfx_vertigo_stars
1346	1600 2368 896
1347	6F46F6AD-DF74-4EF4-FCE8-F4CC22BDFEA4
1348	1392 1120 6288
1349	984 15688 11664
1350	960 704 3792
1351	checkpoint_15
1352	checkpoint_20
1353	744 16032 11664
1354	-256 -1024 16
1355	53092175-C48C-C5ED-F93E-ED6B18420317
1356	98DD03DA-1352-11EF-AF12-FC3497283F54
1357	07695FFD-11BE-11EF-AF12-FC3497283F54
1358	363F619E-16FC-11EF-AF13-FC3497283F54
1359	5216 -1376 2432
1360	0EBD9E7C-3415-F709-DA5D-32BF3BFC1D4E
1361	DF632B50-5B88-EB94-A4F8-FB4C2097C0A0
1362	-889.447 15752 11664
1363	7F1D0C2B-35FD-EC3E-F12E-30FF14A6CC14
1364	-1552 -2224 4600
1365	pf45e77329d688afed_auto2108
1366	7FCDEB12-116B-11EF-AF12-FC3497283F54
1367	6B09BF79-09C6-811F-1A61-458474D1293D
1368	-845.887 15768.7 11664
1369	-600 16032 11664
1370	B088C471-C7C0-7800-F9A1-868E6E71A2D0
1371	176 16000 11664
1372	8A783E62-1038-11EF-AF12-FC3497283F54
1373	-168 16000 11664
1374	9F91E8B7-1979-11EF-AF15-FC3497283F54
1375	997.172 14593.2 11664
1376	pf3b48fad0938c6165_auto13110160360056907351
1377	7D1181EC-D30C-D2FD-D2F0-58AEBFBE796A
1378	C961B536-7527-3DBD-5AD0-496D8317BFEA
1379	6791A167-03E7-9C66-ED82-110029B0EEA3
1380	992 15416 11664
1381	6657093D-0CFC-6A84-2DCD-86C46A370803
1382	61301186-3C6B-3C96-62F4-ECAEE7124E31
1383	-882.957 15742.8 11664
1384	scriptable_bridge_skyway_wires_hanging_02
1385	4A0518B1-1983-11EF-AF15-FC3497283F54
1386	BB639E6D-1979-11EF-AF15-FC3497283F54
1387	835C6CDE-1352-11EF-AF12-FC3497283F54
1388	-120 16008 11664
1389	D08BB4D8-CA20-11EE-AF00-FC3497283F54
1390	8820C81A-E54E-4914-7AA2-AEA3189971BA
1391	01BFBBC0-DD2B-273E-9E53-D49FBE018D3B
1392	2F0A39FE-1983-11EF-AF15-FC3497283F54
1393	6CD529F9-8D20-FB7B-9944-AD037B9AF66A
1394	9F91E7C7-1979-11EF-AF15-FC3497283F54
1395	892E0578-197F-11EF-AF15-FC3497283F54
1396	64 2208 8656
1397	9F91E8D5-1979-11EF-AF15-FC3497283F54
1398	CC667221-0280-1976-0D14-BC4A08F56C83
1399	C5D0B6D3-7B64-E9A2-23C2-1860B815A65E
1400	363F61B0-16FC-11EF-AF13-FC3497283F54
1401	-8560 7392 0
1402	8202BE51-9BF6-6F92-08C8-BE5AECE93861
1403	5456EF3D-534C-D256-1D93-89A802375B78
1404	-288 -1088 16
1405	992 14720 11664
1406	-776.319 14257.9 11664
1407	4834AA12-D186-B34A-C50C-F2E23E784EF1
1408	DB8252AD-B864-5142-CC4A-A35C38FB4071
1409	0AC1A41B-11B0-11EF-AF12-FC3497283F54
1410	912 14296 11664
1411	-488 16040 11664
1412	544 13984 11664
1413	680 16032 11664
1414	350E1C11-1983-11EF-AF15-FC3497283F54
1415	mp_control_spawn_attacker_start
1416	957FFD73-3E5D-E63F-71D9-541E3EFEABBD
1417	-32 2272 8656
1418	0AFFAF71-1979-11EF-AF15-FC3497283F54
1419	6B6A0EC3-CA18-11EE-AF00-FC3497283F54
1420	C2285934-A4C3-1525-4383-DAF3FA025B7E
1421	41848167-6B55-4877-241F-FAC181302A60
1422	504 14376 11664
1423	pf459d1ecee775fcca_auto2108
1424	F605CE96-116C-11EF-AF12-FC3497283F54
1425	-812 14276 11664
1426	E797461F-2D0F-0299-91F6-F94BB7BDB0AB
1427	840.536 15809.3 11664
1428	-454 14790 11672
1429	6FF947B7-5657-608D-C51D-285403F26F1D
1430	98DD03D4-1352-11EF-AF12-FC3497283F54
1431	-128 13824 11664
1432	-712 14048 11664
1433	98DD03CE-1352-11EF-AF12-FC3497283F54
1434	-876.752 14320 11664
1435	608 13976 11664
1436	144 -192 6288
1437	hide
1438	39C0C740-B827-193E-5C36-91B1614361FA
1439	7E11550C-16EA-11EF-AF13-FC3497283F54
1440	EA3BA21C-116C-11EF-AF12-FC3497283F54
1441	3744 -1664 6224
1442	5AF51289-CA19-11EE-AF00-FC3497283F54
1443	-784 15864 11664
1444	9F91E808-1979-11EF-AF15-FC3497283F54
1445	3616 -1664 6224
1446	7FCDEB35-116B-11EF-AF12-FC3497283F54
1447	647DFF7E-9A09-11EE-B1A5-0CDD24150E54
1448	32 13888 11664
1449	F33BC5D9-1973-11EF-AF15-FC3497283F54
1450	1CFA6AB9-D789-023D-6DD9-B4EF314ED51D
1451	647DC4C6-9A09-11EE-9C35-0CDD24150E54
1452	-200 13792 11664
1453	1536 2368 896
1454	off
1455	-816.695 15796.1 11664
1456	pf8d848afd61b58278_auto9
1457	-742.553 15848 11664
1458	-890.836 15744.1 11664
1459	-232 14464 11653
1460	7FCDEB8A-116B-11EF-AF12-FC3497283F54
1461	5248 1952 2432
1462	5569E624-A454-676D-BDF7-CF67B7EB042C
1463	5A6A34D4-0F2C-BACD-B456-F256AA81D634
1464	26DE7D97-200D-1EFB-F576-F23B900E7ADD
1465	1EC043F9-A15A-4140-E7D3-06F17C41252E
1466	-800 -1440 2176
1467	7FCDEAB8-116B-11EF-AF12-FC3497283F54
1468	350E1C2A-1983-11EF-AF15-FC3497283F54
1469	8E0E896B-26D1-D97C-0EBF-647702722611
1470	B5AD93F8-0F19-5348-2291-CC724E5BAE4D
1471	D7452CD0-9D6A-4090-C361-754C414AE8D8
1472	-1120 -2768 5784
1473	647DFF7C-9A09-11EE-8E58-0CDD24150E54
1474	B07C6B5A-197F-11EF-AF15-FC3497283F54
1475	6A7F8416-D2AB-4BA6-424C-DE2002616B18
1476	E396653E-2D1C-11EF-95CE-68545A904D17
1477	A21FBA3A-86FF-9029-EA5E-A23A7DA216BD
1478	F00ACE2D-5A80-2D44-3D8E-FBB19C492B7A
1479	-928 15616 11664
1480	350E1BDF-1983-11EF-AF15-FC3497283F54
1481	-704 14048 11664
1482	-925.172 15590.8 11664
1483	932B0578-1038-11EF-AF12-FC3497283F54
1484	BBEF1EAF-56E1-3DD0-46CD-A2A2FA3BF76A
1485	7FCDEB85-116B-11EF-AF12-FC3497283F54
1486	9F91E867-1979-11EF-AF15-FC3497283F54
1487	2F0A3A30-1983-11EF-AF15-FC3497283F54
1488	94C5C792-D126-11EE-AF03-FC3497283F54
1489	4E9EA831-1D40-CA46-8896-99588625296D
1490	443CA5B6-70D6-A7B6-B0FF-8AC42348E703
1491	144 -320 6288
1492	4FCE0909-924C-A21D-4016-EC61509E10C8
1493	scriptable_hardpoint_chevron
1494	0 320 0
1495	3416E995-F9AE-7C23-05A9-B79B746D4CB4
1496	8684FAA5-6A05-47B7-8573-1176F38213BE
1497	2F0A39EF-1983-11EF-AF15-FC3497283F54
1498	3616 -1728 6224
1499	848 -2272 6672
1500	61B631F5-5969-586F-4550-B10DE4CBD61A
1501	4A051898-1983-11EF-AF15-FC3497283F54
1502	-184 16008 11664
1503	56F32886-179E-5696-9F37-DB4D8E55AF75
1504	97CDC2BA-15CC-7F4A-1E81-CA420D6077A6
1505	2F0A3A4E-1983-11EF-AF15-FC3497283F54
1506	BB639E22-1979-11EF-AF15-FC3497283F54
1507	469A7AB4-8AD2-8EB9-71FD-62BF9B332CD0
1508	120 13800 11664
1509	77D1A064-7A65-C02B-FBA5-FE815A9ADCD6
1510	9C17790D-34BD-7DF9-99D3-94C1AF633706
1511	D804859D-1038-11EF-AF12-FC3497283F54
1512	152 14464 11648
1513	vfx/jup/level/mp_jup_vertigo/vfx_vertigo_flare_vista_01
1514	D079A1AB-CA18-11EE-AF00-FC3497283F54
1515	720.714 15861.5 11664
1516	E36DC87F-8D2F-7D39-BE7E-5327CBC89458
1517	64ABCF16-709C-3C25-DC94-F7F4EE79BF07
1518	773.12 15846.7 11664
1519	-628 14156 11672
1520	D08BB4F0-CA20-11EE-AF00-FC3497283F54
1521	6B6A0EB7-CA18-11EE-AF00-FC3497283F54
1522	91953A1B-A857-C69D-7871-0EC9A6CDDB74
1523	-8128 8384 0
1524	pf47805ef212600d95_auto2108
1525	9AC689EA-1038-11EF-AF12-FC3497283F54
1526	718.375 15869.1 11664
1527	0424426E-CA18-11EE-AF00-FC3497283F54
1528	checkpoint_19
1529	9F91E894-1979-11EF-AF15-FC3497283F54
1530	-544 16040 11664
1531	E794ACF8-D111-11EE-AF02-FC3497283F54
1532	9409AF4C-116D-11EF-AF12-FC3497283F54
1533	F605CE5E-116C-11EF-AF12-FC3497283F54
1534	-1488 -2064 4600
1535	jump_up_80
1536	jump_up_40
1537	19446BBA-E1D7-2567-0D13-54B89159ACA5
1538	-576 16032 11664
1539	416 14368 11664
1540	-512 16032 11664
1541	8F128E30-6F2B-5FF1-048C-7683F9EC2CE0
1542	-96 5152 9104
1543	954.928 15746.9 11664
1544	-1088 15072 11664
1545	-1096 15208 11664
1546	360 -1120 4328
1547	9F91E8BC-1979-11EF-AF15-FC3497283F54
1548	3A525363-6134-B346-580D-D5E8C009E5FA
1549	prefabs/createfx/mp_jup_vertigo_cfx.map
1550	19789F2F-C48D-4824-AC88-88569175B94B
1551	5056 -1312 2432
1552	-8192 8512 0
1553	872 14256 11664
1554	secure_loc_l
1555	axis
1556	346 15719.5 11664
1557	6030A3EB-C4FF-2327-D2E5-7667A051CB15
1558	20D8B50B-7D17-62AD-8961-D1504F2B4967
1559	204CC66E-D72B-708F-B9E4-8C8F9BFF3CE5
1560	7CB6F851-116D-11EF-AF12-FC3497283F54
1561	05435DAD-10DA-11EF-AF12-FC3497283F54
1562	99915844-1979-11EF-AF15-FC3497283F54
1563	350E1C7F-1983-11EF-AF15-FC3497283F54
1564	-922.828 15713.2 11664
1565	-1168 144 3664
1566	2592 1952 2448
1567	647DFF8F-9A09-11EE-8B13-0CDD24150E54
1568	-544 14040 11664
1569	2F74FAC3-92BE-5DC9-A441-74C4E1CC0772
1570	pf808e6cc3275f5755_auto2108
1571	mp_koth_spawn_secondary
1572	-128 136 8144
1573	647DFF7D-9A09-11EE-B25B-0CDD24150E54
1574	79B3FA3E-CEB8-6FF0-11C1-759E2D457B6A
1575	647DC4C8-9A09-11EE-B7EB-0CDD24150E54
1576	86BAF11D-1877-11EF-AF14-FC3497283F54
1577	992 14848 11664
1578	43AC7C12-D013-0B3E-BB30-06706EB05FF1
1579	9F91E8C6-1979-11EF-AF15-FC3497283F54
1580	7922E49C-27AB-95E5-4A4A-D711903A122A
1581	123EF38A-A937-D0F4-4274-D57BC2EA38D5
1582	28052C5D-0B22-A674-7E03-3DE39D3DEE98
1583	9F91E7C2-1979-11EF-AF15-FC3497283F54
1584	448 224 7504
1585	25CB10B0-CA19-11EE-AF00-FC3497283F54
1586	05435DAA-10DA-11EF-AF12-FC3497283F54
1587	99C6EE54-51BE-B8B6-5F19-DE9813C54879
1588	05435D9E-10DA-11EF-AF12-FC3497283F54
1589	7A1B69A6-4CBE-0C81-3FAA-28080CB41E29
1590	4A051866-1983-11EF-AF15-FC3497283F54
1591	BC389AE1-FECE-5310-56A4-360D2CB88C34
1592	773ED079-82A5-B18D-F090-4613EB501070
1593	A6045D9E-C217-FC09-3B14-BF190741EDB6
1594	869A3D25-F1CB-495B-B703-F1552C393BE8
1595	647DFF8D-9A09-11EE-B4D3-0CDD24150E54
1596	350E1BDA-1983-11EF-AF15-FC3497283F54
1597	F4FD4669-209C-1E62-3293-D10E5AF7FF67
1598	D60C9493-0290-15DF-9BF5-21053F96D32F
1599	-512 -1152 16
1600	B6AD6DCC-D112-11EE-AF02-FC3497283F54
1601	452E9064-CA19-11EE-AF00-FC3497283F54
1602	mp_ctf_spawn_axis_start
1603	-936 14600 11664
1604	896 800 3792
1605	E5828910-1977-D538-9D41-F5B7C2D48382
1606	452E9073-CA19-11EE-AF00-FC3497283F54
1607	9F91E7D1-1979-11EF-AF15-FC3497283F54
1608	BE1024E9-0257-A39A-4052-61CA7690054E
1609	-887.53 14335.8 11664
1610	E794ACF5-D111-11EE-AF02-FC3497283F54
1611	mp_xfire_spawn_team_three_start
1612	350E1C66-1983-11EF-AF15-FC3497283F54
1613	E53A36A2-9990-7F5A-9142-36108F713F90
1614	452E9079-CA19-11EE-AF00-FC3497283F54
1615	39031391-7379-571F-8E79-18B8364D2298
1616	E4F93CAC-215C-BE27-141D-4EB101FF59BD
1617	A0CCDA92-1038-11EF-AF12-FC3497283F54
1618	C462DDE1-6141-B895-51A3-3DE2DF96F435
1619	12134857-1038-11EF-AF12-FC3497283F54
1620	5280 -1376 2432
1621	-880 15768 11664
1622	832.541 15809 11664
1623	13E59A56-1983-11EF-AF15-FC3497283F54
1624	868BD58E-614E-A9AC-F184-A0AAC058A056
1625	834.879 15801.4 11664
1626	3E819906-1038-11EF-AF12-FC3497283F54
1627	BB639E18-1979-11EF-AF15-FC3497283F54
1628	992 15624 11664
1629	992 15688 11664
1630	F33BC5D6-1973-11EF-AF15-FC3497283F54
1631	0E60B97B-CA19-11EE-AF00-FC3497283F54
1632	2816 2016 2448
1633	2299D91B-986D-6BE4-5181-888F92A03B57
1634	1392 1536 6288
1635	4271A5AE-65E6-3351-7173-EFB380A58D80
1636	2B67C50D-88EA-855F-EA31-F7A91763D359
1637	-896 -2704 5784
1638	0AFFAF77-1979-11EF-AF15-FC3497283F54
1639	vfx/jup/level/mp_jup_vertigo/vfx_vertigo_cloud_01
1640	986.828 14598.8 11664
1641	DC2C73F1-1974-11EF-AF15-FC3497283F54
1642	324BF07A-0B97-BDEC-3242-B18CB4D7630F
1643	4A0518A7-1983-11EF-AF15-FC3497283F54
1644	mp_sd_spawn_attacker
1645	566B094B-1A63-E44F-0FFA-C29AACDB4AF8
1646	5184 -1312 2432
1647	FD96D362-017D-F02F-E1A8-BF0089ABE7A5
1648	checkpoint_4
1649	DE252892-68F5-B6A2-6C9A-D552D2350BDA
1650	-616 16040 11664
1651	12134854-1038-11EF-AF12-FC3497283F54
1652	416 13976 11664
1653	AB99AD76-A997-3313-C242-A5341D4DEB33
1654	1A507A62-1037-11EF-AF12-FC3497283F54
1655	-9216 7360 0
1656	AD22DBD5-1038-11EF-AF12-FC3497283F54
1657	80 -2584 8656
1658	584 16032 11664
1659	E0A43C9D-9AF5-3BCB-5871-87AFE8AB2147
1660	9F91E803-1979-11EF-AF15-FC3497283F54
1661	7AF87415-2B80-F691-E20A-CE080A65867C
1662	5E61C1F5-3CAE-33AD-A564-75CF59E5B755
1663	vfx/jup/level/mp_jup_vertigo/vfx_vertigo_lines_vista_vertical
1664	9F91E876-1979-11EF-AF15-FC3497283F54
1665	56 13800 11664
1666	9F91E8DA-1979-11EF-AF15-FC3497283F54
1667	mp_xfire_spawn_axis_start
1668	46916A48-98C8-5510-CB6E-D399D7538EFD
1669	350E1C16-1983-11EF-AF15-FC3497283F54
1670	920 14304 11664
1671	-520 14048 11664
1672	672 13976 11664
1673	696C6A71-BA79-0708-5523-2B6C3CF106F1
1674	D77D02CF-6441-210C-50E8-3A274D296DAD
1675	7FCDEAA9-116B-11EF-AF12-FC3497283F54
1676	96E3443B-EBAA-B476-C62F-883A36CFDF5C
1677	350E1BF8-1983-11EF-AF15-FC3497283F54
1678	128 13792 11664
1679	3723D86A-A077-CD09-EDED-D23DF3FF6552
1680	481D41CC-A186-5631-E188-E8A0169DEE79
1681	7B4F0A95-1A9E-3158-9B0B-BDC65F5BF226
1682	13D06D50-11BE-11EF-AF12-FC3497283F54
1683	62649815-C893-8742-2E57-63EB6CAA989F
1684	9F91E8F3-1979-11EF-AF15-FC3497283F54
1685	488 13984 11664
1686	base
1687	1750265C-1B08-A511-45E5-C6FF026E891D
1688	424 13984 11664
1689	D420A0B3-683D-F555-812C-7054B7454FF3
1690	7FCDEA95-116B-11EF-AF12-FC3497283F54
1691	-8 13792 11664
1692	B03D4F49-BA74-F960-8C16-B042A2CD8F31
1693	D250DB10-3C72-93FF-CC51-917EF02BDAD3
1694	pf88123aa9ef03a5dc_auto2108
1695	7E11550F-16EA-11EF-AF13-FC3497283F54
1696	04C0F7E9-7B73-4976-B2E2-009215C79B83
1697	94C5C78C-D126-11EE-AF03-FC3497283F54
1698	6B6A0EC6-CA18-11EE-AF00-FC3497283F54
1699	600 16024 11664
1700	7FCDEAD6-116B-11EF-AF12-FC3497283F54
1701	33DB73F1-CAC7-D026-EDD2-97E1223B7E39
1702	160 14472 11644
1703	-136 13800 11664
1704	-886.202 15747.4 11664
1705	7FCDEA9A-116B-11EF-AF12-FC3497283F54
1706	976 14392 11664
1707	CF22B31C-B57F-F3DA-0753-1575B1F00CA3
1708	0 5088 9104
1709	69CCEDD4-1038-11EF-AF12-FC3497283F54
1710	4A05188E-1983-11EF-AF15-FC3497283F54
1711	-32 5152 9104
1712	A7223A77-1038-11EF-AF12-FC3497283F54
1713	-9280 8384 0
1714	2F0A3A58-1983-11EF-AF15-FC3497283F54
1715	E514D793-1978-11EF-AF15-FC3497283F54
1716	-922.828 15649.2 11664
1717	2EFCD0A5-00B0-715F-7D8C-273B72EE05B0
1718	320 224 7504
1719	BBB12F41-CA20-11EE-AF00-FC3497283F54
1720	pfc20714f992e13d4f_auto2108
1721	160 2272 8656
1722	015F0063-D588-1F02-EDE8-58C7D8740FF8
1723	pfdb98542c4e2154a1_auto2108
1724	86BAF105-1877-11EF-AF14-FC3497283F54
1725	0872600A-DE46-DDE5-3F6D-288C0B4854B7
1726	994.828 14598.8 11664
1727	F04EF90A-A6E3-B777-2811-84E11BA3702B
1728	2929FAF8-54A7-FE58-BBB0-9D68B5F41202
1729	6B6A0EC0-CA18-11EE-AF00-FC3497283F54
1730	E859D2C8-6857-055F-5652-6FEBC88DA813
1731	-8112 7360 0
1732	06C4FBB9-6CED-2814-E092-FDF72C0EEC2A
1733	70C96AE6-BE7B-5659-CA1A-54F8EF02F205
1734	6B6A0ECF-CA18-11EE-AF00-FC3497283F54
1735	EA3BA232-116C-11EF-AF12-FC3497283F54
1736	3FE075DA-D840-E827-EF67-C334A216A9C8
1737	A79325A8-FA46-BB1C-70AA-5C789B379569
1738	0978145C-9968-B942-25F4-47EF336835D4
1739	CA422A15-DB90-5AA0-2D89-1D54B0DBD6E6
1740	5D12F871-C406-ABE3-B6A9-5F545D1430A9
1741	60292543-7857-6FE7-613D-D48009FC1F7E
1742	5D53B2B1-2C88-A15D-D79C-F0AA544E5D98
1743	9A32B2DC-DFF1-11EE-AF05-FC3497283F54
1744	0E44A8AF-1975-11EF-AF15-FC3497283F54
1745	79EFFA69-F679-BD7F-D1A3-E6C899D3C055
1746	9A32B2CD-DFF1-11EE-AF05-FC3497283F54
1747	04244258-CA18-11EE-AF00-FC3497283F54
1748	482D1B9A-D7DC-E91C-4D74-2E48897FDEF3
1749	BCAF7B5E-8A08-D9F8-5282-3186CA1EA32E
1750	-296 16040 11664
1751	-778.235 15829.9 11664
1752	972AD0D1-CA17-11EE-AF00-FC3497283F54
1753	5EA305D7-B9B7-9177-C6C1-3BCFDC71EFB0
1754	5248 2016 2432
1755	2624 2016 2448
1756	CF66AF99-11AA-7BF7-1DBF-944BD4CA4C5E
1757	226DF299-ADE2-35CE-CB9A-99A76C2DD72B
1758	464C2059-F17B-910E-8778-495C0A3FA6A8
1759	DF00FF63-F1C5-0838-5F34-843F4FFE8DAE
1760	E175A013-31EE-96A6-1411-37295142F0E1
1761	BB639E59-1979-11EF-AF15-FC3497283F54
1762	CB45CBAA-8F79-23EF-5F47-1FCD9C826CD9
1763	FEF70FBC-2D13-D675-C255-3C804E25E35B
1764	480 13984 11664
1765	vfx/jup/level/mp_jup_vertigo/vfx_vertigo_cloud_02
1766	304 16032 11664
1767	9A32B2C4-DFF1-11EE-AF05-FC3497283F54
1768	B31C1259-503E-902F-9B21-38A2249318EC
1769	511A1A18-9908-1ACE-476F-18C39CD29C7C
1770	BB639E5E-1979-11EF-AF15-FC3497283F54
1771	-992 -2768 5784
1772	296 16032 11664
1773	-536 16032 11664
1774	608 13984 11664
1775	972AD0D7-CA17-11EE-AF00-FC3497283F54
1776	2ED807F7-C9B4-30AF-09F7-0A07EC5014F6
1777	-9216 8512 0
1778	5AF51286-CA19-11EE-AF00-FC3497283F54
1779	647DFF8E-9A09-11EE-A5FA-0CDD24150E54
1780	932B0575-1038-11EF-AF12-FC3497283F54
1781	272 14048 11664
1782	9F91E80D-1979-11EF-AF15-FC3497283F54
1783	6E943FB6-1876-11EF-AF14-FC3497283F54
1784	7FCDEAFE-116B-11EF-AF12-FC3497283F54
1785	0778206F-6181-72E1-3BD8-58FCD0E97939
1786	E1E87F6F-E190-378A-280D-8A37C6BA39D1
1787	FF9B5EB3-1037-11EF-AF12-FC3497283F54
1788	8BEC6B82-5273-FAA9-50AA-9F12BDE15F11
1789	DC49ACB2-1037-11EF-AF12-FC3497283F54
1790	2F0A39EA-1983-11EF-AF15-FC3497283F54
1791	9F91E817-1979-11EF-AF15-FC3497283F54
1792	1BC1B88D-CC5C-11EE-AF02-FC3497283F54
1793	A47F9585-CADF-11EE-AF00-FC3497283F54
1794	F458719E-10D5-11EF-AF12-FC3497283F54
1795	AF22AEA4-D540-FDC2-6DDD-B29236A5E7F8
1796	-160 15712 11644
1797	96 5152 9104
1798	-920 15712 11664
1799	B87448B5-B394-335D-A405-264DBD13F3A9
1800	353C1C00-C7DB-0FF5-6FF6-045B24BA5716
1801	FDD5F7D7-CA17-11EE-AF00-FC3497283F54
1802	1536 0 3088
1803	05435D8F-10DA-11EF-AF12-FC3497283F54
1804	D1D011BE-E71D-8113-5399-C91CC4507669
1805	9D02A188-16EA-11EF-AF13-FC3497283F54
1806	-736 -992 2176
1807	FEE66FDA-C734-610E-2679-F4F4E9FE6B58
1808	7EF3A735-B29F-5816-78D6-EA1C87DACA56
1809	mp_ctf_spawn_secondary
1810	BB639E81-1979-11EF-AF15-FC3497283F54
1811	-648 14048 11664
1812	0E60B969-CA19-11EE-AF00-FC3497283F54
1813	4D2C9344-90AE-D92F-B208-D15ADE631D07
1814	BAE0A853-6489-584E-F389-69A02D7AD5BA
1815	-294 15719.5 11660.8
1816	D079A193-CA18-11EE-AF00-FC3497283F54
1817	-9232 7040 0
1818	hardpoint_vis_03
1819	-440 14040 11664
1820	0 13792 11664
1821	5C855D4E-65C6-FAB4-039E-921991DA2A26
1822	896 608 3792
1823	93EF7549-6167-3150-CFE1-19F5386D03B1
1824	-72 13792 11664
1825	296 -1088 4328
1826	mp_warrior_spawn_team_three_start
1827	8FBBEC28-27A7-A479-7851-7CD73E273BA3
1828	45.5 13684.5 11672
1829	F02B51BC-328F-2833-C6AD-D473E37BA666
1830	D4B05348-E440-D54B-4DFD-F8A53172BC11
1831	-472 16032 11664
1832	784 14176 11664
1833	F42A6674-05D5-EA39-466D-F93EA96FBDA6
1834	1FCC7FF0-5530-58F9-BC7F-6030FD93581F
1835	-2648 168 8048
1836	BFB45E65-EC99-31CE-E326-0456B675CB69
1837	-896 15008 11664
1838	bridge_skyway_wires_hanging_02
1839	A364C729-EB31-F451-C588-66636E6E2897
1840	32 2272 8656
1841	64 5088 9104
1842	pfbd278fa7b8fb39c_auto2108
1843	D08BB4EA-CA20-11EE-AF00-FC3497283F54
1844	-8128 8256 0
1845	checkpoint_17
1846	BB81C6C0-7EF9-2EE7-C9F1-9AE598323D22
1847	1000 14456 11664
1848	2F0A39B3-1983-11EF-AF15-FC3497283F54
1849	6219F715-7980-36F3-14C8-694AFCD2ACB7
1850	-232 15720 11653
1851	2F0A39D1-1983-11EF-AF15-FC3497283F54
1852	A1F14FBF-7915-CE78-323D-0BAB2805DE40
1853	-64 296 8144
1854	51FA6776-FA68-2434-60B4-A7437C368D0F
1855	A56CA0E4-08EF-ED29-FBC6-E0CFDC6C9407
1856	C38E5DF0-5CC1-89C9-BD62-14BC6B84C676
1857	-168 15712 11645
1858	7FCDEA8B-116B-11EF-AF12-FC3497283F54
1859	315AE752-D298-C7BC-BF61-725F8B9870B5
1860	3D850076-29EC-11EF-95CE-68545A904D17
1861	23AD1F8A-10D7-11EF-AF12-FC3497283F54
1862	7FCDEA59-116B-11EF-AF12-FC3497283F54
1863	pfdd43381eb0d7c84_auto2108
1864	13D06D5B-11BE-11EF-AF12-FC3497283F54
1865	887.285 15786.6 11664
1866	908 15456 11672
1867	9A27E767-9F92-58A6-4300-020DA7B97888
1868	-1096 15200 11664
1869	7FCDEB21-116B-11EF-AF12-FC3497283F54
1870	vfx_vertigo_sphere_01
1871	EB4408F3-4711-3F17-10FE-70018B6C4B9C
1872	98DD03D7-1352-11EF-AF12-FC3497283F54
1873	1328 1024 6288
1874	54CDB3F5-C9CB-11EE-AF07-E0D4E875DD15
1875	0 180 0
1876	B4379E19-1038-11EF-AF12-FC3497283F54
1877	mp_koth_spawn_axis_start
1878	A6715E56-68BB-C400-5CBD-086C96A42663
1879	440 14376 11664
1880	544 13992 11664
1881	990 14656.5 11664
1882	32939491-DEF1-0CA2-D3FF-B49CED0A6877
1883	-928 14624 11664
1884	984 15424 11664
1885	992 15496 11664
1886	05435D8C-10DA-11EF-AF12-FC3497283F54
1887	1213484E-1038-11EF-AF12-FC3497283F54
1888	463842FA-A23A-B543-31B7-70EB7E397202
1889	7A756F09-E93C-3934-9C04-5DB20B824DDF
1890	vfx/jup/level/mp_jup_vertigo/vfx_vertigo_sun
1891	-839.681 14294.1 11664
1892	mp_tdm_spawn
1893	05435D92-10DA-11EF-AF12-FC3497283F54
1894	7FCDEABD-116B-11EF-AF12-FC3497283F54
1895	-128 5088 9104
1896	5044DAE9-BCE7-4B18-E42C-8C83BDE7994C
1897	9F91E85D-1979-11EF-AF15-FC3497283F54
1898	736 16024 11664
1899	350E1C70-1983-11EF-AF15-FC3497283F54
1900	vfx/jup/level/mp_jup_vertigo/vfx_vertigo_portal
1901	920 14296 11664
1902	989.172 14529.2 11664
1903	9F91E8A8-1979-11EF-AF15-FC3497283F54
1904	616 16032 11664
1905	0B612452-1038-11EF-AF12-FC3497283F54
1906	446D4B96-7506-D561-AB79-6EB67095CC50
1907	-1080 15016 11664
1908	3936F42F-8529-772A-102C-59E793F1A090
1909	mp_robj_spawn_allies_start
1910	-288 16032 11664
1911	1
1912	1BC1B8A2-CC5C-11EE-AF02-FC3497283F54
1913	9F91E7DB-1979-11EF-AF15-FC3497283F54
1914	BB639E31-1979-11EF-AF15-FC3497283F54
1915	vfx/jup/level/mp_jup_vertigo/vfx_vertigo_clouds_cam
1916	9F91E8E4-1979-11EF-AF15-FC3497283F54
1917	280 16024 11664
1918	F50B7610-B878-1F01-802C-F60638F2C042
1919	363F61AA-16FC-11EF-AF13-FC3497283F54
1920	1E99BADD-503E-8EF4-EAD1-501663E62DF7
1921	5F784DAB-2162-923D-92EA-0D75E1552D9C
1922	-224 14464 11652
1923	-933.172 15654.8 11664
1924	783.453 15839.3 11664
1925	7F1061CF-7EB2-7249-A2E8-8F9B13D37882
1926	-664 16032 11664
1927	9F91E87B-1979-11EF-AF15-FC3497283F54
1928	BBB12F47-CA20-11EE-AF00-FC3497283F54
1929	960 14328 11664
1930	536 16024 11664
1931	C5928A40-197F-11EF-AF15-FC3497283F54
1932	2F0A39A4-1983-11EF-AF15-FC3497283F54
1933	hardpoint_vis_02
1934	08B814F8-5CDB-0AEB-9E68-A6C1634D92E4
1935	8A04F8DD-1037-11EF-AF12-FC3497283F54
1936	935D583F-9ABA-0735-C217-F4CB28136EA0
1937	7FCDEAE5-116B-11EF-AF12-FC3497283F54
1938	3E7F03B5-D829-E4D3-10BB-1656A2F07C47
1939	350E1C8E-1983-11EF-AF15-FC3497283F54
1940	CD80B71C-1038-11EF-AF12-FC3497283F54
1941	BB639E4F-1979-11EF-AF15-FC3497283F54
1942	7C3ED4B2-1038-11EF-AF12-FC3497283F54
1943	992 14792 11664
1944	286 15712.5 11659.8
1945	2CFCB42D-BA25-9E8B-69F3-FCD773DB216D
1946	DD1E8438-116C-11EF-AF12-FC3497283F54
1947	86BAF10E-1877-11EF-AF14-FC3497283F54
1948	144 -384 6288
1949	5862D2CA-33A1-8193-F522-3381CA71B290
1950	pf376a81d87695ee85_auto2108
1951	F458719B-10D5-11EF-AF12-FC3497283F54
1952	94C5C783-D126-11EE-AF03-FC3497283F54
1953	E8A42D13-C5E7-2056-681B-D08C8C15E507
1954	560 16032 11664
1955	E9904173-1036-11EF-AF12-FC3497283F54
1956	48DB6C88-FBBF-4993-5452-E3E45ACD3831
1957	79C9AD11-6A4E-8B63-AFAF-E7DF15FA75E6
1958	CEDAA6C4-607E-F2FE-6DC4-E701DD2700E6
1959	1536 2240 896
1960	6BA1B920-AB42-F05B-CB92-58B9BA93EB1B
1961	-160 2272 8656
1962	checkpoint_14
1963	checkpoint_21
1964	86BAF0FC-1877-11EF-AF14-FC3497283F54
1965	480 13992 11664
1966	961D3A1A-932F-A787-BC7B-D622366D1427
1967	9DF43664-27A0-987D-47D6-EF33486DAC3A
1968	9261DE79-DB2B-578C-D74B-DBCEC1E73037
1969	6E943FAA-1876-11EF-AF14-FC3497283F54
1970	-448 14040 11664
1971	AF2B62A1-7C38-802C-7BC2-979D480EB28A
1972	7FCDEB80-116B-11EF-AF12-FC3497283F54
1973	784 -2272 6672
1974	E3137DA9-95D0-8BAE-6ED9-14397BD08E99
1975	49F904C9-1975-11EF-AF15-FC3497283F54
1976	69A62352-6F02-4751-EF71-6B94BAAAD901
1977	-352 16040 11664
1978	350E1C2F-1983-11EF-AF15-FC3497283F54
1979	-1488 -2128 4600
1980	404AD297-EE5A-02F9-B027-1F8C5F5848ED
1981	0B5A55C8-38BB-8CE8-240C-7F7D043F93B2
1982	81C8BBEB-CA17-11EE-AF00-FC3497283F54
1983	777.797 15831.4 11664
1984	1472 2368 896
1985	204E1BB2-1037-11EF-AF12-FC3497283F54
1986	9F91E916-1979-11EF-AF15-FC3497283F54
1987	-64 40 8144
1988	AB9C3594-50ED-AC99-E592-2152EA0529E4
1989	C9110880-E48B-CC18-94EC-63F724BD1024
1990	05435D95-10DA-11EF-AF12-FC3497283F54
1991	9F91E871-1979-11EF-AF15-FC3497283F54
1992	1000 15344 11664
1993	mp_robj_spawn_secondary
1994	-64 -1024 16
1995	992 15680 11664
1996	1536 -128 3088
1997	896 736 3792
1998	-928 -2768 5784
1999	12BF384D-5E2E-1855-0CA4-84BEB86D0069
2000	9F91E826-1979-11EF-AF15-FC3497283F54
2001	7C3ED4AF-1038-11EF-AF12-FC3497283F54
2002	-782.929 14250 11664
2003	0 305 0
2004	98DD03DD-1352-11EF-AF12-FC3497283F54
2005	A1B093AA-66B7-877C-2713-569ABD9440D1
2006	86BAF11A-1877-11EF-AF14-FC3497283F54
2007	-852.376 15778 11664
2008	86BAF102-1877-11EF-AF14-FC3497283F54
2009	ED303465-07B5-D482-C059-C2F86CE12F45
2010	12134851-1038-11EF-AF12-FC3497283F54
2011	1A507A52-1037-11EF-AF12-FC3497283F54
2012	pf12df5f8d1f2990b6_auto2108
2013	CA9E5BD2-1978-11EF-AF15-FC3497283F54
2014	mp_tdm_spawn_axis_start
2015	6B31C01E-1D97-0746-E7A0-DCCB52C05EAA
2016	2F0A3A0D-1983-11EF-AF15-FC3497283F54
2017	16 -2584 8656
2018	AD873571-6C00-9F5A-D223-5B7AF0B2BDFE
2019	984 14856 11664
2020	972AD0E6-CA17-11EE-AF00-FC3497283F54
2021	D62B2940-116C-11EF-AF12-FC3497283F54
2022	-800 -1376 2176
2023	2F0A39E0-1983-11EF-AF15-FC3497283F54
2024	363F61A1-16FC-11EF-AF13-FC3497283F54
2025	4076E218-BF1E-FFF7-B19D-EDFD929EED28
2026	pfb2bc98c8f90c76e9_auto2108
2027	-96 -1088 16
2028	-928 14600 11664
2029	E5A36099-F5A2-1550-F4E8-38F562CF1243
2030	-800 -896 2176
2031	59CDEC8A-7012-2220-222C-E357A5DECD33
2032	-860.254 15779.4 11664
2033	F54E9188-7045-1E42-2DCB-C5DA930F0791
2034	8B2FFA57-4A60-E914-C371-3CF31A335E89
2035	-802.611 14268.1 11664
2036	452E9076-CA19-11EE-AF00-FC3497283F54
2037	54CDB3FA-C9CB-11EE-AF07-E0D4E875DD15
2038	C030F6E9-BEA3-B94F-64DA-8E6587076F57
2039	-168 14464 11648
2040	contested
2041	B2DDBAAC-52A4-1CE8-2943-BC469851B40C
2042	pf3091cfd8400d76ab_auto2108
2043	489AC5D9-6815-49A3-8EAF-423343FB54E6
2044	-808.816 15794.7 11664
2045	594D2B28-7897-9286-276E-075FEE29B1F3
2046	-8848 7328 0
2047	-128 200 8144
2048	368 16032 11664
2049	E794ACEC-D111-11EE-AF02-FC3497283F54
2050	-286 15719.5 11659.8
2051	48763342-D129-11EE-AF03-FC3497283F54
2052	5AF5128F-CA19-11EE-AF00-FC3497283F54
2053	D08BB4E7-CA20-11EE-AF00-FC3497283F54
2054	7CB6F84B-116D-11EF-AF12-FC3497283F54
2055	29698D54-1039-11EF-AF12-FC3497283F54
2056	48763348-D129-11EE-AF03-FC3497283F54
2057	4A051861-1983-11EF-AF15-FC3497283F54
2058	288 16024 11664
2059	A57BF666-EB80-2F29-1CC5-F42E0F817FFA
2060	3744 -1728 6224
2061	6E943FB3-1876-11EF-AF14-FC3497283F54
2062	E794ACFB-D111-11EE-AF02-FC3497283F54
2063	0E60B97E-CA19-11EE-AF00-FC3497283F54
2064	98D90335-1D0D-898E-8FDD-3026591739E7
2065	-64 168 8144
2066	-8128 8320 0
2067	7FCDEADB-116B-11EF-AF12-FC3497283F54
2068	-857.071 14302 11664
2069	994.828 14534.8 11664
2070	86BAF114-1877-11EF-AF14-FC3497283F54
2071	94C5C789-D126-11EE-AF03-FC3497283F54
2072	FA71CB52-7A00-812A-13E9-E96AFF093302
2073	-104 16000 11664
2074	7DC797E3-E065-C7F3-0C41-7C9E1DA21CB1
2075	7FCDEA5E-116B-11EF-AF12-FC3497283F54
2076	-136 13792 11664
2077	0E60B96F-CA19-11EE-AF00-FC3497283F54
2078	25CB10BC-CA19-11EE-AF00-FC3497283F54
2079	4E324DFC-C008-F32E-49DB-4C363657FBC0
2080	-358 15719.5 11664
2081	-936 15392 11664
2082	448 160 7504
2083	608C32C7-1038-11EF-AF12-FC3497283F54
2084	32B447BE-22CF-11EF-AF18-FC3497283F54
2085	48 -2648 8656
2086	vfx/jup/level/mp_jup_vertigo/vfx_vertigo_nebula
2087	875E3FDF-1DBC-E7EC-EB60-2094B332C137
2088	7FCDEB1C-116B-11EF-AF12-FC3497283F54
2089	-128 13792 11664
2090	4876335D-D129-11EE-AF03-FC3497283F54
2091	2427AEE7-5B79-CC69-9362-0C95B7623242
2092	2560 2016 2448
2093	708.042 15876.4 11664
2094	checkpoint_7
2095	0 99.9999 0
2096	9B154947-FE14-340D-7454-A28D2FE702D9
2097	0 0 0
2098	-414.965 14376.1 11664
2099	ECF67E80-40D3-3C3D-FE93-BC31086C5695
2100	-224 14472 11652
2101	864 14256 11664
2102	7FCDEAE0-116B-11EF-AF12-FC3497283F54
2103	992 14784 11664
2104	992 14728 11664
2105	DC49ACA7-1037-11EF-AF12-FC3497283F54
2106	1536 64 3088
2107	-72 13800 11664
2108	256 128 7504
2109	A111C52C-57BD-9583-FE63-22C55C6ECC16
2110	D079A199-CA18-11EE-AF00-FC3497283F54
2111	28F9364C-8923-0442-6C4D-E57DC7CFDB60
2112	9F91E7F9-1979-11EF-AF15-FC3497283F54
2113	-928 14720 11664
2114	pf8ac300c358e25313_auto2108
2115	F417F6FC-1038-11EF-AF12-FC3497283F54
2116	A2BEE076-05F8-9C33-9E68-DB3E06E1E9D9
2117	984 14392 11664
2118	23AD1F8D-10D7-11EF-AF12-FC3497283F54
2119	0E60B96C-CA19-11EE-AF00-FC3497283F54
2120	54CDB3FF-C9CB-11EE-AF07-E0D4E875DD15
2121	32 5152 9104
2122	F396DBE4-1036-11EF-AF12-FC3497283F54
2123	216 15720 11651
2124	6B890B40-4E23-E6B8-1D40-071E561B4682
2125	9F91E92A-1979-11EF-AF15-FC3497283F54
2126	4A0518AC-1983-11EF-AF15-FC3497283F54
2127	5152 -1376 2432
2128	1000 15616 11664
2129	712 16032 11664
2130	984 15632 11664
2131	83483998-E5FD-79DD-635C-86280609B525
2132	8D16E8CC-D060-491E-0E42-D44F2B59298E
2133	-2584 448 8048
2134	CAEC8D36-EB10-4770-3A51-846185639E33
2135	350E1C84-1983-11EF-AF15-FC3497283F54
2136	9F91E83A-1979-11EF-AF15-FC3497283F54
2137	F57D7DAB-CE52-5A47-9073-59DE71AF44A2
2138	805CAD3F-197F-11EF-AF15-FC3497283F54
2139	BBB12F38-CA20-11EE-AF00-FC3497283F54
2140	C3D039DB-290B-DA5D-6310-005CCE80063C
2141	-1096 15008 11664
2142	7FCDEB5D-116B-11EF-AF12-FC3497283F54
2143	972AD0DA-CA17-11EE-AF00-FC3497283F54
2144	3E819909-1038-11EF-AF12-FC3497283F54
2145	mp_ctf_spawn_allies_start
2146	B82CEA12-C0A9-43F3-99BE-303D84E0EE60
2147	vfx/jup/level/mp_jup_vertigo/vfx_vertigo_fireworks_01
2148	647DC4CA-9A09-11EE-BF30-0CDD24150E54
2149	12E5CF63-90CB-9680-DD31-BED4B0EE982A
2150	46F06222-5633-F833-BD05-0143F4AF620D
2151	pf9a98c63f34edced9_auto2108
2152	350E1C25-1983-11EF-AF15-FC3497283F54
2153	992 14464 11664
2154	86BAF0FF-1877-11EF-AF14-FC3497283F54
2155	-774.929 14250 11664
2156	2F0A3A03-1983-11EF-AF15-FC3497283F54
2157	-456 14048 11664
2158	79C073A0-42A4-2F1D-67C0-52CB718E52E0
2159	vfx/jup/level/mp_jup_vertigo/vfx_vertigo_grid
2160	487EAA0E-7294-8F2E-AF58-AF81B19F70FB
2161	-160 -1088 16
2162	1000 15488 11664
2163	A8CEE7C1-8A42-BA21-6B1F-ACF9E96F4CC3
2164	10031756-F4F6-634F-FAC0-A6401BBB882C
2165	7FCDEACC-116B-11EF-AF12-FC3497283F54
2166	A9998138-1837-0A4C-D5E0-7ACC777CC6A4
2167	480 16024 11664
2168	-1056 -2768 5784
2169	scriptable_accessory_fire_extinguisher
2170	472 13976 11664
2171	EE5E226A-197E-11EF-AF15-FC3497283F54
2172	BC4575CE-C32F-6C40-78C3-F08940B49A31
2173	hardpoint_vis_04
2174	8762F9CB-95F3-DA27-F049-9775DC9A7684
2175	pfdac6dc21618d28ca_auto13110160360056907351
2176	9A32B2D3-DFF1-11EE-AF05-FC3497283F54
2177	2656D253-B421-79D5-D165-525BD1B64F4C
2178	mp_tdm_spawn_allies_start
2179	99AD10BA-8AF7-63FB-4995-7DF32330C407
2180	-936 14728 11664
2181	mp_robj_spawn
2182	9F15583C-5CB9-AFA1-C635-06F057A81F51
2183	776 14176 11664
2184	4388A9AA-FC74-9B02-A4FA-8FCB69F607FD
2185	6238AEC9-2360-EEDD-CE33-7EF9AE0E8B18
2186	-2648 480 8048
2187	538925A5-7BF3-44D4-8443-81C400FB6D79
2188	1392 992 6288
2189	-944 15456 11664
2190	-544 16024 11664
2191	BBB12F3B-CA20-11EE-AF00-FC3497283F54
2192	-320 -1152 16
2193	B6AD6DC0-D112-11EE-AF02-FC3497283F54
2194	6202CA09-0B00-CE0E-00B2-16FCAA6126FB
2195	12598453-7B4B-238D-B69C-BC3DBCC37675
2196	994 14663.5 11664
2197	96 2272 8656
2198	2F0A3A49-1983-11EF-AF15-FC3497283F54
2199	2A2C3039-3AFF-08BE-76B0-997F495D3DB6
2200	384C6BFB-0682-D925-A67E-B008A75E6A5F
2201	928 14296 11664
2202	-64 13824 11664
2203	1ECAA328-2E51-E924-8CC0-4E0C56179F33
2204	68A7EE27-0F96-02F8-5546-9F90C4300360
2205	952 14336 11664
2206	1536 -64 3088
2207	350E1C98-1983-11EF-AF15-FC3497283F54
2208	-930.828 15585.2 11664
2209	6FDA401D-85AA-BFD8-C322-27C6421E0A98
2210	traversal_door
2211	vfx_vertigo_lines_ground_vista
2212	3AA909C4-7BA4-5967-FCBB-D7A63D73CF14
2213	290 15719.5 11660.2
2214	96885816-BD77-A982-6661-14888302E0DD
2215	B4609EEB-0574-99DD-B824-4DE7ED9D1302
2216	5AF512A1-CA19-11EE-AF00-FC3497283F54
2217	1000 15552 11664
2218	-849.131 15773.3 11664
2219	scriptable_decor_betamax_vhs_recorder_01
2220	5D33E8BD-6BAD-E01E-555B-1752487CA0FB
2221	-886.141 14327.9 11664
2222	7FCDEA4F-116B-11EF-AF12-FC3497283F54
2223	79DC62FB-EEF6-730D-90E3-95DA0DB3FC9A
2224	9F50B4C3-5CC2-0D95-7012-D3261A31E0BB
2225	B6AD6DD5-D112-11EE-AF02-FC3497283F54
2226	-920 15456 11664
2227	7FCDEAEA-116B-11EF-AF12-FC3497283F54
2228	-128 264 8144
2229	112 16000 11664
2230	984 15624 11664
2231	CFD080B0-116C-11EF-AF12-FC3497283F54
2232	608 16024 11664
2233	B51BED8D-60BD-92CB-2C3C-2640BC3B17D7
2234	C0D1EB81-6CF1-83AC-63B8-906BDF68326E
2235	933.072 15741.1 11664
2236	672 13992 11664
2237	-8624 7328 0
2238	2A5F90A2-BE48-164A-77DD-2966EE3B4C4E
2239	9F91E88A-1979-11EF-AF15-FC3497283F54
2240	500E14AD-1983-11EF-AF15-FC3497283F54
2241	BB639E68-1979-11EF-AF15-FC3497283F54
2242	0 210 0
2243	350E1BFD-1983-11EF-AF15-FC3497283F54
2244	mp_ctf_spawn
2245	vfx_vertigo_square_01
2246	215DC8D3-EC96-55CF-8055-F6843B510E70
2247	DA21F37F-6909-FD12-F8C9-9CC5FA6ACB54
2248	-936 14472 11664
2249	0 225 0
2250	B6AD6DCF-D112-11EE-AF02-FC3497283F54
2251	0 44.9998 0
2252	5184 1856 2432
2253	B6C55752-6F1A-0C95-0B23-D817B0E8F9E7
2254	-741.164 15855.9 11664
2255	0D102B60-C63F-D5B5-646C-F74097DEDEEE
2256	-8784 7392 0
2257	A1046986-5C57-2501-782C-DF549A6126C3
2258	-884.752 14320 11664
2259	checkpoint_6
2260	71C28F48-776B-504A-408B-6FEDDE833C3D
2261	4C14B105-8CE2-294D-663E-97C03207AF2F
2262	6E943FBC-1876-11EF-AF14-FC3497283F54
2263	mp_dom_spawn_axis_start
2264	4D6051CA-A5B0-7880-4E4B-BBCDB6929DF0
2265	0146EB0C-B778-F3EC-3B56-125561E6BA65
2266	608C32D6-1038-11EF-AF12-FC3497283F54
2267	-504 14040 11664
2268	350E1C89-1983-11EF-AF15-FC3497283F54
2269	56 13792 11664
2270	184 13800 11664
2271	-736 -1408 2176
2272	F81D3F04-ABC7-B825-0CAB-A7C0FC27F8C9
2273	972AD0E0-CA17-11EE-AF00-FC3497283F54
2274	A47F959A-CADF-11EE-AF00-FC3497283F54
2275	A978F981-4B72-D5C9-D48C-A86CDA6CDE3C
2276	73785E65-4647-E4CD-5CF9-BEA22EB31D6F
2277	363F61A7-16FC-11EF-AF13-FC3497283F54
2278	EA3BA227-116C-11EF-AF12-FC3497283F54
2279	950.929 15740 11664
2280	54CDB422-C9CB-11EE-AF07-E0D4E875DD15
2281	144 -256 6288
2282	4EF9AC39-197F-11EF-AF15-FC3497283F54
2283	408 16024 11664
2284	-850.46 14309.8 11664
2285	1536 384 3088
2286	CA9E5BCF-1978-11EF-AF15-FC3497283F54
2287	647D4F81-9A09-11EE-9026-0CDD24150E54
2288	664 16024 11664
2289	389BF85F-844D-2881-88F7-7F7595F940C5
2290	F605CE93-116C-11EF-AF12-FC3497283F54
2291	2E0ECEC6-0452-A2AF-DF46-6CA61BEF80FA
2292	432 16032 11664
2293	-815.305 15803.9 11664
2294	510841E3-5506-926E-2131-97B95CA253E4
2295	9F91E7EA-1979-11EF-AF15-FC3497283F54
2296	647DC4C5-9A09-11EE-BF4A-0CDD24150E54
2297	439AFBE7-A077-E1D4-7260-B464EC17B392
2298	pf81f00e8c196cde16_auto2108
2299	-812.061 15799.3 11664
2300	D62B291C-116C-11EF-AF12-FC3497283F54
2301	-9280 8320 0
2302	-632 14040 11664
2303	2C3642C8-925E-8276-DA6A-508E98CCEB20
2304	932B0569-1038-11EF-AF12-FC3497283F54
2305	9F91E86C-1979-11EF-AF15-FC3497283F54
2306	E62DEF4E-1982-11EF-AF15-FC3497283F54
2307	760F8E04-3A0A-8482-A42F-03CE15B82729
2308	5054332A-FABF-7BAF-1EDE-2C6660C89B96
2309	F8C83F62-188B-D308-5946-8C8A59C88C73
2310	-1080 15080 11664
2311	E566A2F7-1037-11EF-AF12-FC3497283F54
2312	-736.47 14216.2 11664
2313	7765DF79-CA17-11EE-AF00-FC3497283F54
2314	checkpoint_3
2315	496 14376 11664
2316	-920 15392 11664
2317	fireworks_01
2318	05B12EA4-45BC-0D11-B7BC-6231E89D38F1
2319	-928 14496 11664
2320	4A051875-1983-11EF-AF15-FC3497283F54
2321	5248 -1312 2432
2322	94C5C780-D126-11EE-AF03-FC3497283F54
2323	647DC4CB-9A09-11EE-8001-0CDD24150E54
2324	E514D790-1978-11EF-AF15-FC3497283F54
2325	DB5EC265-0029-776F-AFA1-96D414663F7F
2326	-224 15712 11652
2327	500E14B2-1983-11EF-AF15-FC3497283F54
2328	992 15424 11664
2329	C047B6A7-2B6A-0BA8-C82F-73388B5F2CC7
2330	E0A68743-796C-9796-92C0-C36577ABC6F7
2331	-1552 -2160 4600
2332	3D850088-29EC-11EF-95CE-68545A904D17
2333	58141BFA-3FFF-E0EB-5A31-56A7CC7CA27D
2334	9F91E899-1979-11EF-AF15-FC3497283F54
2335	81C8BBF1-CA17-11EE-AF00-FC3497283F54
2336	A47F9594-CADF-11EE-AF00-FC3497283F54
2337	2D23FB5D-335B-BDE9-59FC-891D85722D62
2338	9F91E925-1979-11EF-AF15-FC3497283F54
2339	6EBA5D35-D211-BEC4-1DF6-BA7EF0DEA7F0
2340	-552 16040 11664
2341	pf80269f13e42fe0e3_auto2108
2342	294 15712.5 11660.8
2343	647D76A9-9A09-11EE-853D-0CDD24150E54
2344	mp_warrior_spawn_allies_start_ds
2345	A7223A74-1038-11EF-AF12-FC3497283F54
2346	pfbb16a93d3c5031e5_auto2108
2347	8B575CE7-20D0-B531-BB7A-320AB3FB71D4
2348	835C6CE9-1352-11EF-AF12-FC3497283F54
2349	408 13976 11664
2350	-880 15216 11664
2351	2F0A3A53-1983-11EF-AF15-FC3497283F54
2352	-944 15392 11664
2353	mp_control_spawn_defender_secondary
2354	-1088 -2704 5784
2355	7FCDEB26-116B-11EF-AF12-FC3497283F54
2356	-2584 288 8048
2357	4BAFFE0F-EB51-1282-7077-8908CC9E733C
2358	-128 328 8144
2359	1E279DF9-097C-1BD5-145E-C1C2EE209C8D
2360	-728 16032 11664
2361	470FFFF8-A1DF-F305-D937-F1ACA9DFA0B4
2362	F5FBF6D2-A9A0-8414-7E87-E052ECFD1173
2363	85B481EA-FB9F-64CA-9E30-94F9EBD093E0
2364	D3E6458F-FC30-9547-6BF1-8E422661535B
2365	99E3D8D7-9872-920E-A2EE-F59040D7F065
2366	3D850079-29EC-11EF-95CE-68545A904D17
2367	2F0A3A12-1983-11EF-AF15-FC3497283F54
2368	13A88161-5281-241B-AD4F-70CB3ABC5D3E
2369	2F0A39C2-1983-11EF-AF15-FC3497283F54
2370	61E0976D-AFDD-8A97-9B86-5601A861F1B1
2371	7FCDEA86-116B-11EF-AF12-FC3497283F54
2372	96F25AE9-F5D2-39F4-802D-76A9C7484AD7
2373	184 13792 11664
2374	224 14472 11652
2375	7AD0D8EA-1DC3-BBF0-9C0F-6AFBB96F7014
2376	default
2377	FDD5F7D4-CA17-11EE-AF00-FC3497283F54
2378	647D76AC-9A09-11EE-B2D1-0CDD24150E54
2379	350E1C0C-1983-11EF-AF15-FC3497283F54
2380	checkpoint_13
2381	58D3B415-8778-DFDD-1D64-4E2A1A6DBA8A
2382	68F3F575-7C59-43EA-0CB6-2DAF56C9C260
2383	F36DAF4E-2170-0346-8711-9C0504092C49
2384	3D850094-29EC-11EF-95CE-68545A904D17
2385	-350 15719.5 11664
2386	2688 2016 2448
2387	608C32D0-1038-11EF-AF12-FC3497283F54
2388	350E1C61-1983-11EF-AF15-FC3497283F54
2389	350E1C34-1983-11EF-AF15-FC3497283F54
2390	-352 16032 11664
2391	-417.035 14383.9 11664
2392	7FCDEB58-116B-11EF-AF12-FC3497283F54
2393	F032A97B-76D9-B5C5-082B-2B16F158D93C
2394	360 -1184 4328
2395	968 14328 11664
2396	1000 14720 11664
2397	pfef0e8c93551986af_auto2108
2398	control_vis_b
2399	-568 14040 11664
2400	B6AD6DC6-D112-11EE-AF02-FC3497283F54
2401	FCBD2BD8-074A-4BD8-1BF8-5BB1B23AE981
2402	0DBC3220-768D-9B72-07C1-DF5EBD01A980
2403	scriptable_hardpoint_chevron_secure_01
2404	452E9070-CA19-11EE-AF00-FC3497283F54
2405	3E81990C-1038-11EF-AF12-FC3497283F54
2406	972AD0CB-CA17-11EE-AF00-FC3497283F54
2407	4E6741ED-C9FC-11EE-AF07-E0D4E875DD15
2408	350E1BEE-1983-11EF-AF15-FC3497283F54
2409	DC2C73F4-1974-11EF-AF15-FC3497283F54
2410	984 15352 11664
2411	05435D98-10DA-11EF-AF12-FC3497283F54
2412	350E1C1B-1983-11EF-AF15-FC3497283F54
2413	AE2EB3ED-6508-510A-194F-28928E59B541
2414	F220DAFA-ACBB-32B8-491E-A65A39DCBA4B
2415	647D0173-9A09-11EE-8221-0CDD24150E54
2416	-928 14536 11664
2417	mp_high_spawn_start
2418	D05F5E8D-9BAF-3656-9585-68187749744D
2419	79D7C9EA-9366-C0FB-60C1-C3FE04D8A3E1
2420	0E650D3B-548B-7D27-2986-333C64761E10
2421	A3A2B1B4-18E7-9947-B3DE-B0133FBEA1F1
2422	-8736 9120 0
2423	9F91E8AD-1979-11EF-AF15-FC3497283F54
2424	-64 13792 11664
2425	-928 14464 11664
2426	-382.965 14472.1 11664
2427	9F91E92F-1979-11EF-AF15-FC3497283F54
2428	7FCDEB03-116B-11EF-AF12-FC3497283F54
2429	vfx_vertigo_pixels_cam
2430	9F91E911-1979-11EF-AF15-FC3497283F54
2431	452E9067-CA19-11EE-AF00-FC3497283F54
2432	-920 14400 11664
2433	BBE67C75-1978-11EF-AF15-FC3497283F54
2434	363F61A4-16FC-11EF-AF13-FC3497283F54
2435	624 16032 11664
2436	C39A7AF3-59F5-30A3-CED6-676AE9886F05
2437	9CD2A53F-FCB8-D037-062C-51ACE7BFFF16
2438	1392 1600 6288
2439	checkpoint_18
2440	23B40F6F-BF9B-F484-96DF-A3A68CF3C70D
2441	7AB37184-C11F-ADA1-BDEA-ADE4F0CD2BBB
2442	1C3ED468-7420-E31E-1E65-6C0FFE0E191D
2443	6E8D50C1-1C6C-3A58-71F4-FB900BE5F436
2444	688BA49F-0F21-12AC-49AD-2E1159ECAA27
2445	39469ECA-A505-0242-800D-F8814279B259
2446	9CF8FC4A-4426-FF83-C23E-82B97067DA88
2447	0EC4C96C-B1D2-D667-1D8E-1B17E70DC08A
2448	-2584 136 8048
2449	scriptable_container_electrical_box_01_small
2450	5EB78729-0C95-D98B-AB95-89D327473647
2451	832 640 3792
2452	D40E7145-3FBF-D4E1-B658-38432983B2B4
2453	CA9E5BD8-1978-11EF-AF15-FC3497283F54
2454	362C8FA8-896A-3AF7-7BE8-612E480F7C64
2455	962EC5CF-16EA-11EF-AF13-FC3497283F54
2456	0FC9FA60-80A5-1B2E-3A46-4A1EA2F52E6E
2457	04C56D62-1979-11EF-AF15-FC3497283F54
2458	544 16024 11664
2459	-2584 -96 8048
2460	472 16024 11664
2461	282A29E7-75EE-9DC5-91B3-3ABCD3362807
2462	vfx_vertigo_portal
2463	1BC1B893-CC5C-11EE-AF02-FC3497283F54
2464	776 14168 11664
2465	7FCDEAA4-116B-11EF-AF12-FC3497283F54
2466	BB639E36-1979-11EF-AF15-FC3497283F54
2467	9F91E8D0-1979-11EF-AF15-FC3497283F54
2468	929278E0-10D8-11EF-AF12-FC3497283F54
2469	09FFE8FC-4B8D-5D74-D698-BF0388C41058
2470	8B6110E2-16EA-11EF-AF13-FC3497283F54
2471	A7370BD3-C9C7-F1E2-9494-D8AFDA8D0DB9
2472	7CB6F84E-116D-11EF-AF12-FC3497283F54
2473	1A507A5F-1037-11EF-AF12-FC3497283F54
2474	608C32D3-1038-11EF-AF12-FC3497283F54
2475	DC2C73F7-1974-11EF-AF15-FC3497283F54
2476	647D0172-9A09-11EE-AEA6-0CDD24150E54
2477	-810.611 14268.1 11664
2478	992 15352 11664
2479	256 256 7504
2480	0 242 0
2481	EB31BFAD-1FB5-1D36-88DA-5CC902A7CEAB
2482	9FA40811-1214-E090-7402-84EC7892569E
2483	0B612455-1038-11EF-AF12-FC3497283F54
2484	F2CCC073-00A2-5EB2-F081-D22AC0FC0EB3
2485	39F8B837-22CF-11EF-AF18-FC3497283F54
2486	E794ACFE-D111-11EE-AF02-FC3497283F54
2487	7FCDEA4A-116B-11EF-AF12-FC3497283F54
2488	4FCC47EF-606A-A6A5-F1E0-93D83D8C68F2
2489	jump_down_40
2490	jump_down_80
2491	-920 14720 11664
2492	1536 192 3088
2493	-933.172 15718.8 11664
2494	84B29ED7-25E5-65DC-72B0-0977F47D5B7E
2495	scriptable_hardpoint_chevron_secure_03_panel
2496	728 16024 11664
2497	350E1C75-1983-11EF-AF15-FC3497283F54
2498	6E53C2FE-197F-11EF-AF15-FC3497283F54
2499	-512 -1024 16
2500	5AF5129B-CA19-11EE-AF00-FC3497283F54
2501	320 15104 11664
2502	7614FBE4-D6F8-4A02-7098-0CAF5C45784F
2503	0ADC2A99-3C92-ABDA-18F6-3E920F20094A
2504	checkpoint_12
2505	F1771721-1037-11EF-AF12-FC3497283F54
2506	D0788409-D109-971D-19B4-9A7DA1982382
2507	-1168 208 3664
2508	997.172 14529.2 11664
2509	-1096 15016 11664
2510	-752 15896 11664
2511	282 15719.5 11659.2
2512	0E44A8B2-1975-11EF-AF15-FC3497283F54
2513	95155406-4003-0456-7136-D832E3EFC629
2514	0 105 0
2515	5B694775-901F-D054-B9ED-C73193C42E8B
2516	EC7C4DB4-23E3-592A-51DB-48C5ABB324F2
2517	1AC2D0B1-87A5-D4A4-08D6-D3365EAB3AAD
2518	3F436B40-10D4-11EF-AF12-FC3497283F54
2519	350E1BF3-1983-11EF-AF15-FC3497283F54
2520	64 13792 11664
2521	1769D56F-42D7-F9A8-113E-084B19A34B16
2522	5801BE59-3D92-2E59-A70A-26CC37E5F15E
2523	AD83B97D-2BBF-5780-0EED-7E220A0BCFE9
2524	7FCDEB53-116B-11EF-AF12-FC3497283F54
2525	3744 -1792 6224
2526	5A1F0559-F838-0666-227B-2D553BC4DEE0
2527	350E1C48-1983-11EF-AF15-FC3497283F54
2528	5312 -1312 2432
2529	ED159470-98A9-755A-B701-EDBD74466093
2530	F5392BFC-1B13-1078-960B-45B78894497E
2531	-8192 9024 0
2532	-853.765 15770.1 11664
2533	64F8C7D0-5F69-6A1F-81FC-BDD5BF2F1FBF
2534	E794AD04-D111-11EE-AF02-FC3497283F54
2535	4D3191EB-B800-6CBF-E6B1-21839B7BD545
2536	-425.035 14383.9 11664
2537	ED66A887-5F68-3BC1-7D2B-842E6FD0B19E
2538	-1088 15136 11664
2539	9CBA41FA-522B-8E55-315B-80278361D302
2540	DD41DD23-595C-F20B-A910-13108E798618
2541	2F0A39A9-1983-11EF-AF15-FC3497283F54
2542	9F91E88F-1979-11EF-AF15-FC3497283F54
2543	FDD5F7DA-CA17-11EE-AF00-FC3497283F54
2544	-9232 6656 0
2545	7FCDEB17-116B-11EF-AF12-FC3497283F54
2546	-416 14368 11664
2547	FE1203F6-1978-11EF-AF15-FC3497283F54
2548	B03F6CB8-7A16-FDBD-DBCF-0DF274AD676A
2549	952 14344 11664
2550	DA994B40-4C5D-EDCE-548B-9047E88F293F
2551	2F0A39C7-1983-11EF-AF15-FC3497283F54
2552	-8112 6656 0
2553	-48 -2584 8656
2554	B56EFBDA-1978-11EF-AF15-FC3497283F54
2555	-448 14048 11664
2556	-416 16032 11664
2557	B13EB997-C608-8276-99F0-850728F858D7
2558	984 15496 11664
2559	9F91E8F8-1979-11EF-AF15-FC3497283F54
2560	chevron_0
2561	-936 15456 11664
2562	99F90767-8014-6F04-18E9-DE601230CC6F
2563	BBB12F35-CA20-11EE-AF00-FC3497283F54
2564	9F91E844-1979-11EF-AF15-FC3497283F54
2565	-930.828 15649.2 11664
2566	-1296 208 3664
2567	-1488 -2256 4600
2568	-192 2208 8656
2569	54CDB418-C9CB-11EE-AF07-E0D4E875DD15
2570	738DEA4F-70E5-216B-F075-BA36F19CAC5D
2571	C0AA904C-605E-9695-8477-DD1F099A5D10
2572	-847.681 14294.1 11664
2573	-832 -2704 5784
2574	356F78E0-2620-5D65-3ACB-FC63C37EBD54
2575	mp_control_spawn_defender_start
2576	05B95618-2693-631A-B1CB-67025D1033C3
2577	9A32B2CA-DFF1-11EE-AF05-FC3497283F54
2578	102FC6F6-ED9B-39EE-5E89-816F6F736CFA
2579	-928 15680 11664
2580	9849C329-3338-1FF2-5922-024A0EE4E304
2581	754821BD-7184-B81F-4C68-E09EC70A6151
2582	2497EA06-03EA-A016-DE1D-2B914F6D2B7D
2583	-1024 -2704 5784
2584	B6AD6DD2-D112-11EE-AF02-FC3497283F54
2585	3616 -1792 6224
2586	control_vis_a
2587	C7258504-B7A5-07C2-1297-C6E1D7B1700D
2588	CFD4D489-9DF3-46A7-7CD7-0D6CD7FF495C
2589	allies
2590	scriptable_hardpoint_chevron_secure_02
2591	-160 14472 11644
2592	0 14432 11664
2593	D63655AE-581C-3E82-1CC1-5FCD3C5C61F9
2594	mp_koth_spawn_allies_start
2595	vfx_vertigo_lines_vista_vertical
2596	647DEBBC-9A09-11EE-8218-0CDD24150E54
2597	C1018BE4-3BC7-628A-B2C6-5A630006F0EA
2598	-96 2272 8656
2599	146DC3E7-8195-D514-B40A-9933ED68069A
2600	B0F7A0F2-4DFD-18D7-B85C-2F37A83118AA
2601	9F91E81C-1979-11EF-AF15-FC3497283F54
2602	912 14304 11664
2603	4A05185C-1983-11EF-AF15-FC3497283F54
2604	vfx_vertigo_grid
2605	C25C6E70-51DF-7C43-5232-4B26A0A079CE
2606	9F91E7FE-1979-11EF-AF15-FC3497283F54
2607	pff1e99029fde729a6_auto2108
2608	152 15720 11643
2609	7F25DB30-1BE1-E838-1C10-8F5EB7D20A21
2610	-1080 15208 11664
2611	720 -2272 6672
2612	89D11F18-1352-11EF-AF12-FC3497283F54
2613	-739.248 14232 11664
2614	7A88674B-76C0-F897-26B2-933135EF1100
2615	201652AC-3677-5948-1048-4F613C37AF04
2616	0 220 0
2617	D0A98BC9-E833-0509-9ACD-3083B1AD14AB
2618	hardpoint_chevron_secure_03_panel
