   1	7A21BF86-A279-C399-66B8-29C820856BB0
   2	B3A1A3CC-E99F-50B6-5374-D60EDA24C8E9
   3	F6F3111C-7120-59AA-9433-B6844DB662B9
   4	3D945DF4-E256-C983-1D19-CAAE2360FBF5
   5	pf65aabd417ff95cb2_auto2108
   6	-423 -27 40.5
   7	6358E86A-A448-2673-030D-C2F07E51F01C
   8	CF9654E7-F632-11EE-9CDB-04ED334DD7C0
   9	2AAA7409-2024-EA17-5273-D274A98941B0
  10	CFB306E7-F632-11EE-900D-04ED334DD7C0
  11	582 1824 36
  12	44C56269-5877-FDB8-8451-D1DBF714E5B6
  13	pf60033baf3363a338_1 pf60033baf3363a338_2 pf60033baf3363a338_3 pf60033baf3363a338_5
  14	CF8B7ED6-F632-11EE-93F6-04ED334DD7C0
  15	CF8CB762-F632-11EE-9CEE-04ED334DD7C0
  16	1607 713 36.5053
  17	69438307-DC4F-6FD8-39F2-8FA9D499D710
  18	vfx_rust_alt_toon_wind_lines_01
  19	1386.36 -184.052 36
  20	2D3933C4-099C-67CC-1BD6-7D37EBE5AA76
  21	CFB26A9B-F632-11EE-82D2-04ED334DD7C0
  22	C24CF03A-E9C5-18C5-9B00-31B5C4E7DAFB
  23	CFB79B09-F632-11EE-8F1D-04ED334DD7C0
  24	-20.5 121.5 17.4073
  25	CF91C0C0-F632-11EE-B064-04ED334DD7C0
  26	CF94A721-F632-11EE-AF38-04ED334DD7C0
  27	CFB1CE51-F632-11EE-B720-04ED334DD7C0
  28	-552 1656 40.4709
  29	CFB24385-F632-11EE-BDFF-04ED334DD7C0
  30	CF936E9B-F632-11EE-80AC-04ED334DD7C0
  31	1636 1392 31
  32	CFB550F4-F632-11EE-A881-04ED334DD7C0
  33	00E3A2BC-D919-6107-A15E-60EF1FD22457
  34	vfx/jup/level/mp_jup_rust_alt_toon/vfx_rust_alt_toon_blowing_sand_ground_stylized
  35	CDC0DFBB-23EE-A4A3-53DF-45D1334A5D9D
  36	CFB6D7AD-F632-11EE-B8D6-04ED334DD7C0
  37	CFB8FAB1-F632-11EE-B9E0-04ED334DD7C0
  38	-328 264 16
  39	1597.25 -97.25 40
  40	432DBE16-7002-69CB-83AB-FFFCF8C76E8E
  41	-367.974 649.817 32
  42	pfb190feba651d2488_auto2108
  43	E9897271-20A3-FF97-1CF7-111EE47E7895
  44	0 49.9995 0
  45	CF8CB766-F632-11EE-BDB6-04ED334DD7C0
  46	CFB3A32F-F632-11EE-A213-04ED334DD7C0
  47	CF96A30A-F632-11EE-9722-04ED334DD7C0
  48	-48 1352 36
  49	1 2 3 4 5
  50	040BD4C6-430B-1A9C-2355-BD4E99800764
  51	F6D0C38F-94DA-63F6-F8F4-7E32DB2A783D
  52	CFB3CA3F-F632-11EE-8248-04ED334DD7C0
  53	CF8E652E-F632-11EE-88D1-04ED334DD7C0
  54	-116.5 1803.5 20
  55	57858499-2FCF-C193-B5D9-7AE5743897A6
  56	CF945902-F632-11EE-AE6C-04ED334DD7C0
  57	09A763D0-6F02-D983-7209-7DA3F79DCE35
  58	-20.5 1711 36
  59	752 688 17.856
  60	CF8F2893-F632-11EE-8B95-04ED334DD7C0
  61	-360 -168 30
  62	CF9877EB-F632-11EE-90A4-04ED334DD7C0
  63	406A37B1-96BD-79C0-9947-9E738536CB98
  64	CFB2B8BC-F632-11EE-91E0-04ED334DD7C0
  65	0 89.9986 0
  66	0 89.9997 0
  67	B4299CB3-8B9C-2AC9-BA77-DC9AE082F0C2
  68	4CCBA3B7-13D8-CA78-0416-AD6484BD4742
  69	5A67CCD1-6B25-7936-29A1-5316EF09F832
  70	CFB6D7B2-F632-11EE-AAD7-04ED334DD7C0
  71	CF94F54A-F632-11EE-A1DC-04ED334DD7C0
  72	-408 -28 32
  73	96270391-4FDA-EE4D-E372-8380CC2FB94B
  74	0E197BA6-583A-E134-A629-FC0659A5DD0E
  75	-372 24 22.2473
  76	EC30E873-DE8B-5448-CD58-827D5158C27C
  77	pf351b326eefb0724b_auto716
  78	CF914B91-F632-11EE-AC71-04ED334DD7C0
  79	mp_dd_spawn_attacker_start
  80	CFB21C76-F632-11EE-986F-04ED334DD7C0
  81	CF967C00-F632-11EE-8089-04ED334DD7C0
  82	-416 -32 32
  83	5A9C52F6-FCCB-6BBF-386F-00322406FC47
  84	78CC8E4C-7454-2382-11B2-777E9BE1DD1A
  85	pf60033baf3363a338_2 pf60033baf3363a338_5
  86	0 165.999 0
  87	2FDFE668-267F-989F-52BD-50B5102C9F9B
  88	693E54C6-5A84-55F4-535C-AC034CD97545
  89	mp_dd_spawn_defender_b
  90	01F85653-FA80-7701-8F79-B8B210A5DA58
  91	9DF4F185-6815-756B-B519-C8C73F512B72
  92	-432 720 20
  93	4CC32050-8A7C-3B07-AE81-BCC546D72472
  94	20BC05EC-C17C-9AA0-3D1E-37E68BA1B39F
  95	CFC3214B-F632-11EE-B20E-04ED334DD7C0
  96	CFB3CA3C-F632-11EE-91F5-04ED334DD7C0
  97	pf1a7dfb6fc8586c7f_auto716
  98	CF92AB31-F632-11EE-996D-04ED334DD7C0
  99	CFB10AF6-F632-11EE-97AA-04ED334DD7C0
 100	-97 204 16.2582
 101	vfx/jup/level/mp_jup_rust_alt_toon/vfx_rust_alt_toon_birds_circling
 102	-208 316 20.7544
 103	CFB725D5-F632-11EE-99B9-04ED334DD7C0
 104	1700 1392 31
 105	mp_control_spawn_attacker
 106	BF757D17-F5A1-A083-F0D0-BD8D2349808A
 107	1616 524 42
 108	E6891205-3866-D412-E9B4-97415DB6C077
 109	8811D061-2DF5-11EF-B885-E0D464379E0D
 110	DCE0CF1F-AB7C-6DDA-EA18-D64F2FBE44B5
 111	C7258BC8-6F66-6ED2-C5C4-9108BC690850
 112	0815F83F-7151-4441-27FC-9A80A0C854A5
 113	BC56C2CD-AE6A-0A8D-E87E-AC356E342F44
 114	C0093323-5815-5C14-0562-FC2D4B18664A
 115	CF951C5A-F632-11EE-8213-04ED334DD7C0
 116	3F61B82F-2DF6-11EF-B885-E0D464379E0D
 117	0 90 0
 118	200 1764 32
 119	pf60033baf3363a338_1 pf60033baf3363a338_3 pf60033baf3363a338_4 pf60033baf3363a338_5
 120	C0AD24CE-2A06-6CB5-17DF-93BC865331E2
 121	028A23FE-C5D5-7CEB-3E19-E8C63353478E
 122	1596 1504 40
 123	mp_dd_spawn_attacker_b
 124	CFC25DE9-F632-11EE-8035-04ED334DD7C0
 125	icon
 126	D9099B94-4B4A-6FC5-2409-F09090A768C2
 127	vfx_rust_alt_toon_granules_dust_falling_ch_01
 128	0 45 0
 129	CF96CA18-F632-11EE-B321-04ED334DD7C0
 130	CFC3214C-F632-11EE-B0AE-04ED334DD7C0
 131	vfx_rust_alt_toon_sparks_01
 132	020B985C-82A4-E667-AD1E-DD64A944D6EC
 133	CFB32DF7-F632-11EE-A135-04ED334DD7C0
 134	0 106.123 0
 135	CFB773FB-F632-11EE-BDDE-04ED334DD7C0
 136	E12D6200-C528-02B9-DDE4-8A4B019BC645
 137	0 268.999 0
 138	-353.93 400.167 32
 139	CF8F2891-F632-11EE-97B8-04ED334DD7C0
 140	0 178.544 0
 141	7EE54376-A67F-6647-8A36-89170D73DF89
 142	CFBF3C98-F632-11EE-8513-04ED334DD7C0
 143	pf86dab92592ba75a_auto2108
 144	7BE2F25E-C578-DE81-705F-297814E812AF
 145	8D4186D6-DD07-1CAB-6C8D-0172DEFA129A
 146	1612 1276 40
 147	1935EF1D-DC02-3828-E4C4-6F7A773EF3D7
 148	7BA8BF13-1E13-A2E9-0D88-C21BFC374AA4
 149	vfx
 150	0 69.9994 0
 151	CFB4DBC2-F632-11EE-9708-04ED334DD7C0
 152	D4F08FAF-2BF0-23FA-7310-2CA16F856684
 153	F2BD8504-679F-1904-AEE8-EA4E665B7F85
 154	CFB24388-F632-11EE-80F2-04ED334DD7C0
 155	1624 -64 35.358
 156	-315.059 14.9093 26
 157	28 72 20.2814
 158	-419.677 1626.85 36.1579
 159	CF940AD9-F632-11EE-88F6-04ED334DD7C0
 160	-300.5 1754 20
 161	9648D843-494A-D70F-81FF-2ECCAA97CED1
 162	6369B369-F51A-5BB3-F655-5046D4C5748C
 163	CF914B96-F632-11EE-8062-04ED334DD7C0
 164	CFB0BCCF-F632-11EE-ACD1-04ED334DD7C0
 165	pff25691eaac7f6c8f_auto2108
 166	CFB2B8BD-F632-11EE-99A4-04ED334DD7C0
 167	CFBE793F-F632-11EE-A4A3-04ED334DD7C0
 168	1574 -146 19.1596
 169	CF8DEFFB-F632-11EE-84D8-04ED334DD7C0
 170	CF9829C3-F632-11EE-8A28-04ED334DD7C0
 171	A2ACEB7E-038C-928E-8A16-6FF03A8C7F91
 172	-160 -192 32
 173	19C4E022-F651-B941-7F9C-81EFA80B4B5E
 174	mp_dm_spawn_start
 175	0 104.999 0
 176	CFBEEE76-F632-11EE-AE56-04ED334DD7C0
 177	CFB1802E-F632-11EE-AC74-04ED334DD7C0
 178	0 339.735 0
 179	9432F3BE-8DE1-765D-28F8-F396130A7D91
 180	19EF026C-C8BD-F213-AC11-4E45AAB6677C
 181	CF94F54B-F632-11EE-98AC-04ED334DD7C0
 182	-528.793 1634.23 35.7461
 183	mp_dom_spawn_allies_start
 184	B8F6D373-DBA9-3F65-6A7C-09EDDB005801
 185	CFC1E8B0-F632-11EE-A700-04ED334DD7C0
 186	mp_arena_spawn_axis_start
 187	078DD079-3FB1-3F88-14DF-4325FD81C82E
 188	CFB4DBC1-F632-11EE-8B56-04ED334DD7C0
 189	CF9829C7-F632-11EE-8463-04ED334DD7C0
 190	0 49.999 0
 191	53F9C97A-C70C-2654-958A-8238A2AAE7CA
 192	CE75359A-A388-EA31-2D65-FCBB6ABDBB87
 193	0 51 0
 194	idle
 195	2D640843-D409-68BF-BB26-BB0BC6EE4098
 196	pf2eb25ddca7991982_auto2108
 197	mp_warrior_spawn_allies_start
 198	CFB725D2-F632-11EE-864A-04ED334DD7C0
 199	CF934779-F632-11EE-AEE5-04ED334DD7C0
 200	CFB1CE50-F632-11EE-A550-04ED334DD7C0
 201	CF97DBA2-F632-11EE-92C4-04ED334DD7C0
 202	85651035-7574-A476-59EF-4FE161A6CF66
 203	D49EF6BF-0781-03B1-55F0-F3EF960559AE
 204	935D645D-8A2E-4821-6A0A-DF72A2109935
 205	1592 1512 40
 206	-187.561 608.159 22.4187
 207	32EACB1D-6B38-427F-D07B-D365A9D82A23
 208	0BCE0FFB-2BAC-F50E-1E40-8B730060CC03
 209	CF94CE35-F632-11EE-8092-04ED334DD7C0
 210	1363 1520 19.6657
 211	D8E4964F-84C9-A565-89CE-79ECB6805C27
 212	CFB61455-F632-11EE-826E-04ED334DD7C0
 213	5586CE77-B11F-F124-4ACC-5EE002685A39
 214	CFC25DEC-F632-11EE-9603-04ED334DD7C0
 215	CFB7E92D-F632-11EE-A167-04ED334DD7C0
 216	pf489d09fefd8c1f7f_auto715
 217	D0047A8F-E0A5-A836-EF51-8B3D3B8B63A5
 218	6CBC1A0B-C3E3-A490-1A11-02F4DACAFCCD
 219	4B975897-C333-B63C-6EC7-C026E58DA3FB
 220	1624 -64 41.358
 221	CF9877E9-F632-11EE-BB52-04ED334DD7C0
 222	CF93206A-F632-11EE-9394-04ED334DD7C0
 223	-426 1096 32.041
 224	CFBEA050-F632-11EE-94EA-04ED334DD7C0
 225	910D7FA7-5D43-D5C8-8BEC-118D653C51B5
 226	-56 1320 32
 227	CF8E1712-F632-11EE-9759-04ED334DD7C0
 228	CFC2AC0C-F632-11EE-A2DA-04ED334DD7C0
 229	1768 1120 32
 230	CF8F9DC6-F632-11EE-9C80-04ED334DD7C0
 231	CFB21C75-F632-11EE-90C2-04ED334DD7C0
 232	CFB41867-F632-11EE-BB08-04ED334DD7C0
 233	-419.206 694.352 32
 234	-112 1035 32
 235	2DEFB122-49F6-EE71-9D00-33D36AD851C4
 236	9EDC5BDF-7EB0-4498-7A09-04530DE06BFD
 237	0 44.9976 0
 238	CF948012-F632-11EE-8088-04ED334DD7C0
 239	2E8EF78A-520F-1735-0473-52AF3178C91F
 240	CFB502D0-F632-11EE-8A60-04ED334DD7C0
 241	0 164 0
 242	1E1A2DC2
 243	pf60033baf3363a338_auto3182
 244	0EFA1649-355A-4E7F-51E7-99CB3F3EC080
 245	1727.72 1259.06 34.25
 246	CF92D243-F632-11EE-BA3B-04ED334DD7C0
 247	1611 1311 39
 248	-392 1368 33.1902
 249	5A27EEA2-5F9E-7791-E201-2C747D31DEB2
 250	vfx/jup/level/mp_jup_rust_alt_toon/vfx_rust_alt_toon_steam_03
 251	CF936E9A-F632-11EE-B88E-04ED334DD7C0
 252	992 652 20
 253	2C95DAFA-07A3-F623-DE89-579747C45A71
 254	DBC47A06-217F-7EF0-3A97-EC342DC59A7F
 255	1712 1120 40
 256	CF9012F8-F632-11EE-BA43-04ED334DD7C0
 257	CFC1E8B3-F632-11EE-B453-04ED334DD7C0
 258	155BEB8B-8021-E5DD-620B-80759B546B46
 259	pfc42b464400ab50c8_auto2108
 260	-201.5 -57 24.5
 261	0 83.994 0
 262	1356 -190 21.9555
 263	22FF1CF9-D9E6-406E-B173-AB97EF1D5E3D
 264	CFB529E0-F632-11EE-A0FD-04ED334DD7C0
 265	5D410963-6949-63CA-4ECF-55F68704C446
 266	CFC236D4-F632-11EE-B11D-04ED334DD7C0
 267	CF9802B6-F632-11EE-BAAC-04ED334DD7C0
 268	0 230 0
 269	-254 -58 32
 270	pfc12fa87145a46f3_auto2108
 271	586A321E-22B9-4C86-02BE-4C9E2A1D6248
 272	C8CBEBB3-0362-FF8D-3085-583B435E54D4
 273	D110E595-36EF-A05B-041D-DC1FB2C16F79
 274	224 -80 28.5
 275	305A6643-C8CD-A046-236A-76939F0F3396
 276	920.232 -54.4152 22
 277	0 92.733 0
 278	75F3E454-C390-2FD4-9F9B-6A2F31A237F4
 279	CF8D53AC-F632-11EE-BA59-04ED334DD7C0
 280	mp_cmd_spawn_allies_start
 281	-424 1128 27
 282	003CF4CD-35A4-370E-8B95-5628DD6953CF
 283	vfx/jup/level/mp_jup_rust_alt_toon/vfx_rust_alt_toon_sparks_02
 284	CF9431E8-F632-11EE-89D2-04ED334DD7C0
 285	vfx/jup/level/mp_jup_rust_alt_toon/vfx_rust_alt_toon_oil_drips_01
 286	-508 1792 30
 287	CF967BFC-F632-11EE-A513-04ED334DD7C0
 288	pfa20aa74062b0b08a_auto2108
 289	1624 1592 40
 290	3A89F630-B090-517F-F875-FD8495D573F9
 291	CFC284FF-F632-11EE-99E5-04ED334DD7C0
 292	CFB1A73D-F632-11EE-9DC3-04ED334DD7C0
 293	580 -95.5 38
 294	3F61B834-2DF6-11EF-B885-E0D464379E0D
 295	CFC2FA2F-F632-11EE-BFBE-04ED334DD7C0
 296	CF9829C2-F632-11EE-9450-04ED334DD7C0
 297	CA302B9C-E9D0-4E11-743F-527988E49D7F
 298	431CE46D-26DF-2B47-2347-9EE5A8D0D763
 299	CF976673-F632-11EE-8234-04ED334DD7C0
 300	9C48ED7B-E4E8-4E4C-D999-103F8526B7E4
 301	CF93BCB3-F632-11EE-B1B4-04ED334DD7C0
 302	CFB773F8-F632-11EE-8C5D-04ED334DD7C0
 303	27153913-F3D9-012B-A52C-8E060B73E982
 304	pf96eca530075df377_auto715
 305	1304 1520 20
 306	CFB61456-F632-11EE-8F83-04ED334DD7C0
 307	1454 -178 16.5957
 308	1506 893 24.6655
 309	CF8FC4D7-F632-11EE-90E3-04ED334DD7C0
 310	onoff
 311	1554 92 26
 312	C2EA1C79-C9EC-4B19-5039-16A8EAD8204F
 313	800 1844 36
 314	vfx_rust_alt_toon_light_02
 315	CF962DD8-F632-11EE-9D56-04ED334DD7C0
 316	1393.88 -181.316 36
 317	1695 1794 31
 318	vfx/jup/level/mp_jup_rust_alt_toon/vfx_rust_alt_toon_smoke
 319	1597.5 -95.5 36
 320	C4216727-5752-BF7E-CD44-DDD610D0BB74
 321	moving
 322	1460 1744 48.9415
 323	D7C592A5-7F26-973D-7E1C-BD65D5038E20
 324	1.06423
 325	1760 1364.57 31
 326	-280 1800 20
 327	vfx/jup/level/mp_jup_rust_alt_toon/vfx_rust_alt_toon_steam_ch_02
 328	9BC6DD9E-1AFE-E2CD-5806-E0C1884266C2
 329	CFB48D99-F632-11EE-B346-04ED334DD7C0
 330	pfa5d1fb95f339ef84_auto2108
 331	CFB773F7-F632-11EE-B3C3-04ED334DD7C0
 332	886 -52 14.0061
 333	-18 104 18.6655
 334	3A2EE389-9DAE-CC7A-7806-EA78233AFE47
 335	vfx_rust_alt_toon_steam_02
 336	CFB13207-F632-11EE-90F7-04ED334DD7C0
 337	0 345 0
 338	0 74.9985 0
 339	C2A71371-7519-1B00-D16C-AE5B959AE6D2
 340	vfx_rust_alt_toon_steam_ch_02
 341	CFB3A332-F632-11EE-B672-04ED334DD7C0
 342	CF978D7B-F632-11EE-888F-04ED334DD7C0
 343	CFB43F7C-F632-11EE-90AB-04ED334DD7C0
 344	3E4566E2-4187-DAB3-1600-D812D60B4E36
 345	842 592 20
 346	03847053-A5A6-EE60-BC1B-4E5F5056B5F6
 347	pf5fcf59c8c4aa3e28_auto716
 348	F6F574AA-BA10-21E1-A190-6FDE5077E889
 349	pfdf672e5f70471867_auto2108
 350	CF94F545-F632-11EE-970B-04ED334DD7C0
 351	CFB57807-F632-11EE-B518-04ED334DD7C0
 352	CF8E8C44-F632-11EE-8A19-04ED334DD7C0
 353	5C856657-BF34-2350-0958-91989FC94C10
 354	1600 696 37.7074
 355	CF96A30B-F632-11EE-8B33-04ED334DD7C0
 356	190D6071-4742-3DBC-EA4F-8296A28A9BED
 357	2CCDDB23-D50F-BE96-978E-BA76A708198E
 358	pf60033baf3363a338_1 pf60033baf3363a338_2 pf60033baf3363a338_3 pf60033baf3363a338_4
 359	8D87030B-04B4-AFAF-4936-0192D3F854CC
 360	9E283E52-A47C-BC83-1E74-B6E6376DE9C5
 361	2D81F2AD-E5E5-BB35-A7C7-4EF5CA0FE906
 362	axis_endzone_vis
 363	D101AE46-0705-70FC-0C6F-10CDB1C51B2E
 364	0 179.999 0
 365	CFB41864-F632-11EE-AD45-04ED334DD7C0
 366	8B80344F-1AEA-0AFC-DCC2-55755FD6F5ED
 367	CFB59F1C-F632-11EE-A80B-04ED334DD7C0
 368	CF93E3C5-F632-11EE-9D8D-04ED334DD7C0
 369	1755 1283 39
 370	1549.5 -173.25 30.446
 371	80E8FEA7-8333-3793-8551-E1659FC50C4A
 372	pf60033baf3363a338_1 pf60033baf3363a338_3
 373	1399.88 -147.316 36
 374	B5EDF130-3E97-5D48-B046-E2476312CD33
 375	1668 1468 40
 376	0 295 0
 377	CF93BCB2-F632-11EE-BE98-04ED334DD7C0
 378	-205 -88 40.5
 379	446 694 32
 380	CFB6D7AE-F632-11EE-9E1E-04ED334DD7C0
 381	582 1840 44.6792
 382	pf510dbe6d1070569b_auto2108
 383	CF93477E-F632-11EE-AA08-04ED334DD7C0
 384	0 49.9994 0
 385	-432 720 22.1538
 386	-256 -48 32
 387	CF95DFB2-F632-11EE-8588-04ED334DD7C0
 388	0D50CE25-3769-E6EC-5AB2-AC64DA3B54A0
 389	-288 1476 30.0714
 390	AA101504-F35E-7C79-6EE5-274BEA586EE5
 391	7DE9DB66-5669-11C8-401C-2EAD366964B8
 392	CFB4DBBE-F632-11EE-B660-04ED334DD7C0
 393	CFB37C18-F632-11EE-A925-04ED334DD7C0
 394	0 40 0
 395	0CFDB79C-B357-BD7E-A356-A7387B5563AF
 396	19EA6731-122D-B7B4-CA39-B99122B26D26
 397	CFB4B4AD-F632-11EE-8F08-04ED334DD7C0
 398	53.5 1807 25.2921
 399	19008B58-1A8D-200B-63B1-890F3A3B566B
 400	208 732 28
 401	CF9458FB-F632-11EE-AFFF-04ED334DD7C0
 402	mp_robj_spawn_axis_start
 403	-244 224 16.1315
 404	CFBEC762-F632-11EE-9964-04ED334DD7C0
 405	mp_dd_spawn_defender
 406	362D86D2-2DF6-11EF-B885-E0D464379E0D
 407	CEB8E43B-5320-FF10-6680-5D87D4B4D8F3
 408	0 177.999 0
 409	CF8E170F-F632-11EE-A69F-04ED334DD7C0
 410	pf60033baf3363a338_2 pf60033baf3363a338_3 pf60033baf3363a338_5
 411	
 412	650EF91D-4E36-A088-6B58-B178FAE0BB65
 413	CFB5ED3E-F632-11EE-972B-04ED334DD7C0
 414	BFF009B7-DD95-895C-D3C9-32B52BF31F52
 415	CB8B7B06-4985-E502-7037-76A9FD85F8EC
 416	CF95B89C-F632-11EE-ACD4-04ED334DD7C0
 417	pf373c41dd7cc1b2c_auto2108
 418	CF973F5C-F632-11EE-B65D-04ED334DD7C0
 419	CF94CE34-F632-11EE-83A8-04ED334DD7C0
 420	0F3DCA0E-C0BD-0C3A-A522-A53CE8E6B15E
 421	2F81E2B8-F4CF-2C1E-46EF-AC70375BE6D1
 422	-320 188 33.1708
 423	0 29.9995 0
 424	CFB5C62B-F632-11EE-A60A-04ED334DD7C0
 425	pff2b9d639f6917d2_auto715
 426	77BF1013-F924-4640-76F6-77377C5F19DE
 427	CFB7E931-F632-11EE-9B3A-04ED334DD7C0
 428	AF041A7F-4AED-5756-0AB2-7DA2511D30E2
 429	CF8A947D-F632-11EE-BFCF-04ED334DD7C0
 430	985AEA57-85D7-05B1-E5DD-3F9015677761
 431	CF940AD7-F632-11EE-A176-04ED334DD7C0
 432	112 -168 32
 433	48 1313 32
 434	CF8D7AC7-F632-11EE-94EF-04ED334DD7C0
 435	014DFAC1-07D9-D968-4314-4EB338EF23E0
 436	-426 926 30
 437	9E5AD3A4-EA71-F0BA-016E-369B5E9F779F
 438	268 -184 26.5
 439	1596.66 -98.1402 29.8411
 440	DD9C7FFE-4BB3-BBED-7519-36C719BFD817
 441	vfx/jup/level/mp_jup_rust_alt_toon/vfx_rust_alt_toon_granules_dust_falling_ch_01
 442	3F82F4B9-C53F-28F4-CF89-0943F2414818
 443	mp_dm_spawn
 444	CF8DC8EC-F632-11EE-A608-04ED334DD7C0
 445	pf4265b92c3be287c3_auto2108
 446	pf3d7d39f6a9ffcf52_auto2108
 447	1180 1762 36
 448	-536 1792 32
 449	-512 1792 30
 450	CF8E170D-F632-11EE-828C-04ED334DD7C0
 451	-16 -188 32
 452	-345 320 27
 453	CF95436B-F632-11EE-92AE-04ED334DD7C0
 454	1725374B-385B-464D-76D5-8A807D6766A8
 455	CF951C57-F632-11EE-82A5-04ED334DD7C0
 456	CF9654E8-F632-11EE-A2F0-04ED334DD7C0
 457	1508 1808 40
 458	EE9B172E-175C-F002-BF1D-9E2D2D07B8FC
 459	CFB66272-F632-11EE-86F7-04ED334DD7C0
 460	88 -60 32.5
 461	4A3BDDEA-033F-47D5-0411-2FBCD6F1A12E
 462	1388 1516 17.5331
 463	7ECBF762-BE3A-B911-04DB-B74E34ADD77A
 464	4C5AB366-2C7B-11EF-B885-E0D464379E0D
 465	CF8F9DC4-F632-11EE-97E1-04ED334DD7C0
 466	A2063FF0-5CEB-3D45-D4E3-2A88B63ECD19
 467	9B0C1571-0DB5-B206-894E-888A2AB47F78
 468	54325C63-DDA9-FCF9-0D58-CCD82398EF51
 469	6E27B919-4544-DCAC-ACD6-816496F359B9
 470	85C8713E-C2EB-23AA-BD8C-C3D0AD8A8D72
 471	0 184 0
 472	CF956A78-F632-11EE-AC8B-04ED334DD7C0
 473	CF976672-F632-11EE-8391-04ED334DD7C0
 474	CF8F9DC7-F632-11EE-A3CD-04ED334DD7C0
 475	10 -184 32.5
 476	vfx/jup/level/mp_jup_rust_alt_toon/vfx_rust_alt_toon_sand_falling_from_pipe_ch_01
 477	CF90FD69-F632-11EE-870C-04ED334DD7C0
 478	CF9802B1-F632-11EE-8147-04ED334DD7C0
 479	CFB4B4AC-F632-11EE-BE16-04ED334DD7C0
 480	144 1532 37.5802
 481	CF973F5E-F632-11EE-AC50-04ED334DD7C0
 482	mp_rescue_spawn_defender
 483	1747 1391 39
 484	pf57411676e7cd4503_auto2108
 485	A48511D3-77EF-22CF-CE1D-643170A1010A
 486	6497B037-1D34-85B6-EA19-F64028F9CF7A
 487	pf55a5ca7f73fe84d1_auto716
 488	pf1f6f7f6a8102fdb0_auto2108
 489	-96 208 15.2485
 490	1532 1672 48.1894
 491	6C10DDBC-C3D4-0454-C130-5681C927656B
 492	CF8F4FA0-F632-11EE-8834-04ED334DD7C0
 493	1206B07C-F40D-1FB1-D02D-07BF571BD85F
 494	CFB43F7A-F632-11EE-88BF-04ED334DD7C0
 495	F770988F-1B6F-C6BF-95E5-BE4C8660E59B
 496	128BD7BC-2DF6-11EF-B885-E0D464379E0D
 497	1688 1776 40
 498	838 -40 31.5962
 499	1396 248 51.636
 500	376 -168 34.5
 501	580 688 18
 502	CFB41865-F632-11EE-85C7-04ED334DD7C0
 503	FDD1E53B-B3DA-92BA-C75C-CD4C9CFF7546
 504	ABA6CC53-B828-EDFE-5D23-9D6E2B3CE40C
 505	344 -168 32
 506	2 4
 507	6C209A71-3637-4FA0-5EA6-FAE327DFEEF8
 508	CFB2B8BE-F632-11EE-9595-04ED334DD7C0
 509	0 179.179 0
 510	CF948011-F632-11EE-A375-04ED334DD7C0
 511	D38D55EB-3366-A105-50CC-067F434872E4
 512	CF8E6534-F632-11EE-87A2-04ED334DD7C0
 513	1613 1124 36
 514	1720 1528 31
 515	0 91.9962 0
 516	584 -188 36
 517	-267.113 -116.564 16
 518	CF94A726-F632-11EE-92E8-04ED334DD7C0
 519	2
 520	-274 -178 24.5
 521	pf35af2cc8b65fc808_auto2108
 522	0 156 0
 523	CF97DB9F-F632-11EE-94BE-04ED334DD7C0
 524	9FD2A3DA-3A31-82F4-E435-BC2B7FD46D32
 525	-278.385 757.821 24
 526	0 174 0
 527	CF9877EA-F632-11EE-8242-04ED334DD7C0
 528	42450CC8-B6F1-54E7-6E3E-1468C19AD5EE
 529	BD1EA73C-52D9-C921-41E5-93290616E764
 530	1482 1544 30
 531	494 530 32
 532	CFB2B8C0-F632-11EE-BFBF-04ED334DD7C0
 533	104AFC0D-31D9-0630-15CE-0023276722F0
 534	CF94F548-F632-11EE-9756-04ED334DD7C0
 535	pf2c2e5505a50a186c_auto716
 536	CFBE7940-F632-11EE-8714-04ED334DD7C0
 537	pf8a2abc13610fd9f6_auto2108
 538	1368 960 32
 539	CFB2B8C1-F632-11EE-85D2-04ED334DD7C0
 540	0 68.9997 0
 541	-395 -174 40.5
 542	pfcf5a566994f2d76_auto2108
 543	471A415B-8321-DD0B-F5BA-C489242BDFAF
 544	CFB550F6-F632-11EE-B601-04ED334DD7C0
 545	mp_dom_spawn
 546	CF96CA1C-F632-11EE-AC3C-04ED334DD7C0
 547	23FE7CEE-6424-BBCC-27AC-892AD14F447C
 548	42B944F9-D473-38F2-1660-8B3440A3AE9D
 549	4F05F09D-C3C1-73BD-2D96-6E84D8FBEF87
 550	D02A6651-9AA2-BFC8-8F81-9AE3F2CE87A8
 551	CF9012FE-F632-11EE-888B-04ED334DD7C0
 552	CFC236D5-F632-11EE-B7E6-04ED334DD7C0
 553	340 -164 32
 554	hardpoint_vis_05
 555	7B97D4D5-633C-46C7-2471-D69AB9BBC360
 556	DFAB7D03-FBF8-E76C-C110-DBA2EDE3C677
 557	6F8BA18E-6992-7070-A6FF-426A59F16F5C
 558	-430 696 21.5313
 559	CF8B09A5-F632-11EE-B1CB-04ED334DD7C0
 560	708 356 32
 561	0 59.9993 0
 562	C5A53A8B-2BCC-D6EC-3888-0C5A8ABACF7D
 563	CCDF04EF-7F94-C96F-BB77-402697ABEA4D
 564	CF903A0C-F632-11EE-8C71-04ED334DD7C0
 565	B95CA45D-B761-E273-201B-5359802CEC3E
 566	CF973F5D-F632-11EE-BEBB-04ED334DD7C0
 567	440 1856 76.9172
 568	9BC7F4E5-F030-E4B2-55BA-10E671273994
 569	1440 1300 36
 570	3D923B0D-AB78-E9F9-FEB2-CE6D3C504A0A
 571	CF8F0180-F632-11EE-A76F-04ED334DD7C0
 572	CFB3A32E-F632-11EE-9CE2-04ED334DD7C0
 573	208 1035 32
 574	CF95DFB5-F632-11EE-BCCB-04ED334DD7C0
 575	CFC236D6-F632-11EE-91C0-04ED334DD7C0
 576	CFB306E5-F632-11EE-BC07-04ED334DD7C0
 577	344 -168 36
 578	pf13a1930841bc0dc8_auto2108
 579	1548 1744 40
 580	84D90F4E-9909-1C36-6C3A-279BE5DA227A
 581	cp_generator_toggleable
 582	CFC25DEB-F632-11EE-AA2B-04ED334DD7C0
 583	CF8EB353-F632-11EE-99CD-04ED334DD7C0
 584	6C2E6B59-0A66-47FA-DA1A-B0F15F41D3D6
 585	232CF895-3FED-4065-C5D9-E7B8695022EA
 586	-371.323 697.7 32
 587	A8A0F615-A39C-3136-5BF0-1C0A4A54F73E
 588	14F60B38-8E59-CC29-EE4B-FF5B1D7867FD
 589	84 52 32
 590	-204.941 -166.909 16
 591	4BEC9D84-D650-0E44-745A-3F83AF64A10C
 592	1CFDDEBE-65A4-6DDE-E6DB-F8269D3994E1
 593	CFC432BD-F632-11EE-AE69-04ED334DD7C0
 594	1605 1742 44.327
 595	CFB6D7AF-F632-11EE-9035-04ED334DD7C0
 596	4B3CF999-1607-E3BD-8BE0-64F867EF096E
 597	B4FA97FC-8C27-849E-2FD7-D7B0900EA009
 598	FF5A393D-46A8-C450-1F18-EE321E96CC97
 599	CA6BA725-2659-A340-4FD7-6A3F44949C85
 600	CFB79B0B-F632-11EE-A35B-04ED334DD7C0
 601	0 269.999 0
 602	DB6D22DC-E058-0A06-9618-BD802D9D862A
 603	5F154C19-ABD9-274E-AF27-831066039592
 604	0 54.9996 0
 605	0 54.9998 0
 606	5B6D1D00-05A1-CEC0-8A3D-4A9B5D70093B
 607	56 1808 24
 608	38A0C518-B124-BABA-D874-52634BFFAD71
 609	EA9E02AA-16D1-562B-2C3D-83707AEBA8BE
 610	pf60033baf3363a338_1 pf60033baf3363a338_2 pf60033baf3363a338_4 pf60033baf3363a338_5
 611	1028 -140 19.7404
 612	CF967C01-F632-11EE-9D00-04ED334DD7C0
 613	pf4c2f782097ed1551_auto715
 614	0 147.284 0
 615	pff2a8f3d2bc2e7703_auto2108
 616	445BA547-C5B5-5B63-06D2-4345C75AA600
 617	CFC480E0-F632-11EE-B337-04ED334DD7C0
 618	1768 1228 36
 619	-244 -184 24.5
 620	pf2132d1956efa789d_auto2108
 621	30D3335E-13B0-BCC7-F14A-5F2F9F08B6DA
 622	568 -32 32
 623	CFB3A330-F632-11EE-A4C7-04ED334DD7C0
 624	140 -108 24.5
 625	CFB26A9A-F632-11EE-8400-04ED334DD7C0
 626	CFC459D0-F632-11EE-83D5-04ED334DD7C0
 627	CF951C56-F632-11EE-AE68-04ED334DD7C0
 628	CFB1591A-F632-11EE-9F94-04ED334DD7C0
 629	0 312.475 0
 630	7046950B-38F0-B214-A39E-067D82F24B75
 631	852 972 47.8217
 632	CF971843-F632-11EE-9905-04ED334DD7C0
 633	FDB5EB59-BFAB-D83D-E331-D5A7AE1FE8E4
 634	-444 1806 26.3634
 635	1 3 4
 636	1675 1392 31
 637	pf2c0df5dee1827e8b_auto2108
 638	-428 942 24.9407
 639	53265B8A-6D1E-73BD-5966-566A61F31315
 640	pf489d09fefd8c1f7f_auto716
 641	CFB48D9B-F632-11EE-BA5B-04ED334DD7C0
 642	pf410f866d638bda88_auto2108
 643	-208 308 35.923
 644	CF9395A2-F632-11EE-BB15-04ED334DD7C0
 645	47D3FC38-C9E9-55EE-3F20-CE05BE0C46E3
 646	CF978D79-F632-11EE-A2DF-04ED334DD7C0
 647	A09E0326-BA88-C2FA-BE19-8BB772730206
 648	CF8DEFF9-F632-11EE-ACB1-04ED334DD7C0
 649	767DC1D6-D2D4-4227-4528-C823B9A6B97F
 650	D8AE92DA-6E6C-E4D2-877C-16C04C692AF7
 651	0 150 0
 652	C8C05D38-AEBE-5111-657B-83DBDB72D3CE
 653	robj_light
 654	7F113FB7-CDE9-1586-B1AC-B733A4CCD979
 655	pf60033baf3363a338_auto3181
 656	CFBEA053-F632-11EE-9E89-04ED334DD7C0
 657	376 -188 32.5
 658	17059FAF-19FA-58E6-491F-973DDF0A9058
 659	-16 -192 32
 660	9CD863E4-7DFE-D6FD-D492-D45C5E5AACAF
 661	568 -188 38
 662	85 -168 40.5
 663	CF93BCB4-F632-11EE-9DB7-04ED334DD7C0
 664	CFB26A98-F632-11EE-9080-04ED334DD7C0
 665	1666 1824 31
 666	FD788DAB-942A-9885-4C30-EA88FC87E42A
 667	pf7f322982ea63c5b9_auto2108
 668	CF8EDA6D-F632-11EE-8D90-04ED334DD7C0
 669	pf60033baf3363a338_1 pf60033baf3363a338_3 pf60033baf3363a338_4
 670	CF96F12E-F632-11EE-9144-04ED334DD7C0
 671	CFAA8E32-F632-11EE-8887-04ED334DD7C0
 672	CF8CB764-F632-11EE-BA1C-04ED334DD7C0
 673	AE00695B-7050-93A3-F038-15817F354139
 674	pf9d29335ed9437f6b_auto2108
 675	CFB550F7-F632-11EE-94B1-04ED334DD7C0
 676	96540EAE-0EF7-8715-7FEC-3B5A2F51C5FB
 677	-223.032 1737.86 34.8242
 678	hardpoint_vis_01
 679	0 210.999 0
 680	CF967BFD-F632-11EE-A914-04ED334DD7C0
 681	CF8DEFFC-F632-11EE-8CCC-04ED334DD7C0
 682	0 358.598 0
 683	0 272.733 0
 684	360 -72 28.5
 685	BB044E32-62FD-923D-5E2E-97A802DC7602
 686	mp_warrior_spawn_axis_start_car
 687	pf4801df67659d904_auto2108
 688	CFC20FC6-F632-11EE-8F2E-04ED334DD7C0
 689	1552 1768 28.0436
 690	5C53F432-303D-838C-4E34-D7B8A3224CF9
 691	812 1054 38
 692	92BE75BC-FEC2-6613-24EE-4C902197F28D
 693	7FAE904A-EAB3-4F41-F7AF-8D1FDCAC5471
 694	CF9606C7-F632-11EE-8F58-04ED334DD7C0
 695	CFB32DFB-F632-11EE-8A3C-04ED334DD7C0
 696	-372 400 17.945
 697	6FF5E162-1F2B-AAD9-A365-9969C18F2B62
 698	CF956A7F-F632-11EE-9BA4-04ED334DD7C0
 699	57535737-A1A0-4A82-B8BF-78976B89CEE2
 700	035B62DF-E5D4-4368-0D21-871D7D132C50
 701	CF92D247-F632-11EE-9CD8-04ED334DD7C0
 702	731B853D-B04D-0647-D75E-F86C706F0372
 703	CF9654E4-F632-11EE-BB27-04ED334DD7C0
 704	E01ECDDA-0084-6434-09DB-8DEA9B6324A9
 705	CF93477A-F632-11EE-83FD-04ED334DD7C0
 706	754B069B-7BF1-CE01-B3C2-DA4DFC82F36B
 707	ED616D13-08CA-F168-5C29-187341739376
 708	B70AC608-9F8D-9F3C-3F01-9D4A6133A493
 709	-121.617 667.311 24
 710	-14 102 18.9875
 711	0 349.999 0
 712	pf60033baf3363a338_auto3180
 713	371DFC26-7736-D7D6-DC1E-455FAC50A62B
 714	64A1505E-7F70-0254-7DC9-BF444C58F251
 715	CF8F9DC1-F632-11EE-8C40-04ED334DD7C0
 716	CFC20FC3-F632-11EE-ACF9-04ED334DD7C0
 717	7BE8BC6D-3C03-9AB3-41D6-A6A1780378B1
 718	0 54.9995 0
 719	214 700 13.4807
 720	B9693FE7-3C41-E486-A1E1-C99B1F53B857
 721	46321940-5104-C68C-CA2D-EBBF2C85B908
 722	mp_cyber_spawn_axis
 723	20D041CA-3DDA-4C3C-4088-43DCC6761F84
 724	1751 1268 40
 725	1332.48 -147.941 14
 726	CFBEEE77-F632-11EE-B467-04ED334DD7C0
 727	75F2865B-208B-A08E-BDE9-F38181B27D95
 728	429D0826-0C49-752F-DCED-97FBBFD5F7E7
 729	-280 1496 29.6474
 730	1618 540 63.7969
 731	mp_warrior_spawn_team_three_start_car
 732	1608 1666 36
 733	1563 1801 44.327
 734	mp_warrior_spawn_axis_start
 735	C21AE762-7156-3910-26EB-0AF639432B43
 736	67FD35BB-31DB-ED15-CBAE-167E715B8B28
 737	CFB6898B-F632-11EE-8F21-04ED334DD7C0
 738	-100 -184 24.5
 739	C7EE2B61-C217-93F3-2EF3-6CF07562DE51
 740	CF978D7C-F632-11EE-9379-04ED334DD7C0
 741	F219090A-5C0B-656A-892A-DBD7AAA7EE06
 742	B7D4A042-0281-8A73-193B-1B826993F921
 743	CF940AD6-F632-11EE-B95B-04ED334DD7C0
 744	1767 1232 31
 745	CF95DFB0-F632-11EE-9B36-04ED334DD7C0
 746	2014BA03-2967-A94F-2CE0-2A45F8A186A7
 747	CF912481-F632-11EE-9DCD-04ED334DD7C0
 748	CFBE522E-F632-11EE-91DD-04ED334DD7C0
 749	CF9458FF-F632-11EE-B22E-04ED334DD7C0
 750	DFA65233-332F-5083-6D09-2E151DEB01D5
 751	pf417cda72a88c4ece_auto716
 752	vfx_rust_alt_toon_oil_drips_01
 753	5E6D2371-8BA7-EC14-DCF2-29B9CDCE6D46
 754	B397EEAE-C21D-3BED-C92D-397DBFE60409
 755	1368 1008 32
 756	-328 256 16
 757	1097.52 67.941 14
 758	050CDAAA-CF2C-67BC-66AA-68A7BF0EFEE0
 759	1636 1272 31
 760	CF932069-F632-11EE-A93A-04ED334DD7C0
 761	0 34.999 0
 762	1760 1492.57 31
 763	-208 308 19.923
 764	B4B30028-7EC0-3DD2-6089-A1917BE90B89
 765	1616 272 20.7956
 766	168 -128 32
 767	-472 -136 32
 768	C302156F-F89A-3093-8A65-1DE0A712066B
 769	-12 140 32.736
 770	F7605958-1625-C498-8695-D45D128479AA
 771	0 294.999 0
 772	04FFBC7B-BADA-7206-DD13-CE3779113978
 773	A91015A8-0E7A-FE4C-1EF8-BE5957E0091A
 774	pfb3bd1b180414881d_auto2108
 775	CF92D242-F632-11EE-AFDC-04ED334DD7C0
 776	CFB24389-F632-11EE-9396-04ED334DD7C0
 777	pff76165a2225033e7_auto2108
 778	06D37530-0F3C-45E4-68FF-DB6A3C86C769
 779	2447A62D-B5EA-7250-6666-55EFBB28F0AC
 780	81F5B45D-1CBF-EB4E-B4B4-6DE555E476D5
 781	653 683 17.212
 782	36BE909A-EEA2-B21B-5806-55F46BF9E76A
 783	A53307C3-3200-22B0-3980-E3A6D6324EF9
 784	A3D45CC5-0908-E886-6D47-856A9317FC28
 785	0 64.9984 0
 786	0 1.99984 0
 787	208 -168 30.5
 788	CFC2D31D-F632-11EE-B521-04ED334DD7C0
 789	1762 1304 31
 790	36371B6A-31EB-EAD9-F01D-7D89080477D2
 791	0 45.9996 0
 792	-428 900 26.3229
 793	1C10FCE9-B27D-7944-89CF-7E9DDBC3EB70
 794	E91B86E2-E5CE-3158-FB73-38DCDD9B3D3F
 795	CF8BA5EF-F632-11EE-A7BB-04ED334DD7C0
 796	CF97B493-F632-11EE-A5D9-04ED334DD7C0
 797	0 95.9995 0
 798	CFB502CF-F632-11EE-93F7-04ED334DD7C0
 799	812 1052 32.9973
 800	CF8E652D-F632-11EE-BACE-04ED334DD7C0
 801	1478 640 32.9213
 802	-114.319 -55.0004 16
 803	121A1830-0652-B4B5-8DAE-0C9AC5F01151
 804	CF97183E-F632-11EE-97B6-04ED334DD7C0
 805	0 330 0
 806	51DFCFE7-E8B9-25D7-6247-70D54D05FE9E
 807	C4B02003-24DE-66CA-ECDF-036BB9660B3D
 808	1530 110 32
 809	CF8F017F-F632-11EE-BC24-04ED334DD7C0
 810	5237AF61-AE11-0807-BDB5-278C52982C53
 811	3300AD92-A59D-4B37-D215-52EA3C0E4AE9
 812	pf55ce94cdc087ea2e_auto2108
 813	95988DA3-5196-D483-EAA8-1F0E9A155C91
 814	-392 1376 36.5
 815	8AE09DF9-00D5-9EB3-FAF5-9D5CEB9399B2
 816	6E62B495-484D-003E-2001-A3E803E3764E
 817	CF8F9DC3-F632-11EE-BF53-04ED334DD7C0
 818	E7BFC4D1-28EF-6FE8-DB6F-9E0D0EACD395
 819	1419 914 27.5443
 820	3F6E4B0C-6A03-0679-E74A-0C59D9AF3311
 821	on
 822	1594.75 -95.5 34.8139
 823	1752 1536 36
 824	9B9D09A6-9D69-4A0D-6D17-3525E759DBB1
 825	CF973F5F-F632-11EE-8321-04ED334DD7C0
 826	CF90AF49-F632-11EE-93B3-04ED334DD7C0
 827	CFB13208-F632-11EE-B8F0-04ED334DD7C0
 828	5000E6A2-D01C-CED7-F7EF-07B9E0B41D54
 829	-492 1792 30.661
 830	CF93E3C3-F632-11EE-B5F3-04ED334DD7C0
 831	CF97DBA3-F632-11EE-81EB-04ED334DD7C0
 832	55F99ECE-CC07-F5EB-FDB9-63BE5B9218DE
 833	FAF2BCA2-BE86-EADE-93FB-88538526FD01
 834	-190.716 -85.782 16
 835	CF8EDA68-F632-11EE-94A8-04ED334DD7C0
 836	CF96CA19-F632-11EE-84EB-04ED334DD7C0
 837	AA44DA73-A65B-B75E-D4B4-81815CB28EE1
 838	CF956A7C-F632-11EE-ABCC-04ED334DD7C0
 839	hardpoint_chevron_secure_01
 840	pf4b353ae59a9bc5d5_auto2108
 841	-468 -136 36
 842	94A3001B-B0D6-D217-270B-445B980A0E8D
 843	0B4CD67D-5676-5D3C-46E8-FEF3EFCDB311
 844	CFC40BAF-F632-11EE-851F-04ED334DD7C0
 845	pf2c2e5505a50a186c_auto715
 846	CFB6FEC2-F632-11EE-86A5-04ED334DD7C0
 847	-104 -176 19.6093
 848	1640 1456 31
 849	CFB6B09D-F632-11EE-8C88-04ED334DD7C0
 850	CFB4668A-F632-11EE-B4C8-04ED334DD7C0
 851	-340 20 32
 852	0 92.9988 0
 853	-344 64 32
 854	CFBEEE78-F632-11EE-9D49-04ED334DD7C0
 855	148 1472.5 42.2685
 856	422D17D6-AB4D-41DF-C910-59EF2F00E9ED
 857	1416 916 23.1377
 858	CF978D7A-F632-11EE-A876-04ED334DD7C0
 859	1616 422 30
 860	CF92F960-F632-11EE-A078-04ED334DD7C0
 861	07B89CB9-8243-2F26-D162-4AE3D884609C
 862	CF9012F9-F632-11EE-B034-04ED334DD7C0
 863	59.538 -143.025 41
 864	vfx_rust_alt_toon_sparks_ch_03
 865	C8046C44-F5DF-09E5-FF36-FBA646809F95
 866	6D43FA93-AB8C-8B19-995B-48EC125F524E
 867	E8682F0A-7837-298D-6805-5919D953FE35
 868	CF989F00-F632-11EE-95B2-04ED334DD7C0
 869	852 932.5 38
 870	236 726 36
 871	CF8BA5F2-F632-11EE-BAEB-04ED334DD7C0
 872	158836C6-4CAF-616D-EA24-49D827CC6D1A
 873	0 59.9998 0
 874	pfbd8bd96d80430b68_auto2108
 875	0 59.9987 0
 876	-338 61 43.5023
 877	CFB21C73-F632-11EE-A6B3-04ED334DD7C0
 878	CF93477D-F632-11EE-8CE8-04ED334DD7C0
 879	CF8FC4D8-F632-11EE-A79D-04ED334DD7C0
 880	2DF3D458-C5E1-185D-B76F-DBDB732AEC30
 881	CF932066-F632-11EE-A8C0-04ED334DD7C0
 882	1600 296 30
 883	0 70.6988 0
 884	AAB6502E-0AAF-37F2-9058-6AF64E6A457A
 885	pf699baf4318b5a8dd_auto2108
 886	E958BAE6-8538-5407-CA01-A95113E2E4C3
 887	CF94A723-F632-11EE-BE11-04ED334DD7C0
 888	CFB7E92F-F632-11EE-848D-04ED334DD7C0
 889	-164 -192 36
 890	D6FAAB7C-AF8B-B208-C491-413FF7E85759
 891	CFB06EAC-F632-11EE-B5BC-04ED334DD7C0
 892	CF9431EA-F632-11EE-90DE-04ED334DD7C0
 893	286B11AE-F39B-EB69-EA81-1285C4BAE6D8
 894	CF93E3C6-F632-11EE-AB56-04ED334DD7C0
 895	CF962DD6-F632-11EE-9120-04ED334DD7C0
 896	11 -154 40.5
 897	loop_end
 898	0FDC2301-F453-8F8A-E98E-776E7B780165
 899	1DE3CE80-ACEA-916F-D314-6E9DD57A64EE
 900	ACCEDEE8-481C-F5DE-0E53-0A324D049956
 901	1618 420 63.7969
 902	-512 1796 24
 903	1687 1308 31
 904	CDA296BE-FC3A-EF9F-B215-2F9917428331
 905	CF95918D-F632-11EE-8566-04ED334DD7C0
 906	-48.1665 131.716 16.7372
 907	2 3 4 5
 908	CFB5C62E-F632-11EE-B12E-04ED334DD7C0
 909	1712 1272 32
 910	CF91729E-F632-11EE-8CF9-04ED334DD7C0
 911	4C94C33E-FAA4-0F8C-6C3D-B7BE141D6A7E
 912	CF96CA1E-F632-11EE-9175-04ED334DD7C0
 913	620 1040 48.6016
 914	pf3d0aae236c7fcc62_auto2108
 915	5E13D790-E09F-EA8C-A9EA-D74608C58F73
 916	CFB3F154-F632-11EE-8EAD-04ED334DD7C0
 917	CFB59F19-F632-11EE-8380-04ED334DD7C0
 918	CFB74CE8-F632-11EE-907B-04ED334DD7C0
 919	pf59306eb2cef6c8a_auto716
 920	ACB1D0F5-60E5-F0BF-DAA7-0E795CCAC4EF
 921	200 1780 32.5505
 922	CF967BFF-F632-11EE-A2FD-04ED334DD7C0
 923	pf8d9e771b3c460e9f_auto2108
 924	pfcfa0eba87ea41d21_auto715
 925	CF954367-F632-11EE-A1ED-04ED334DD7C0
 926	7F39C47E-4E2E-9D72-850C-766C4BD0C634
 927	CF96CA1A-F632-11EE-8F5A-04ED334DD7C0
 928	-282 122 15.6839
 929	mp_xfire_spawn_allies_start
 930	0 255 0
 931	pf60033baf3363a338_4
 932	pf60033baf3363a338_auto1
 933	-392 -188 36
 934	CE769912-A1E2-2386-3FBF-D731F601B1A9
 935	1FC2F768-77BA-EC97-F807-6DFF06AC74EE
 936	E0226D85-7A48-EAFF-D6EC-E74CD36CF917
 937	0655E2E3-EBFA-F86C-9168-EFE0A4734948
 938	EC93553A-B3FC-99EE-7781-68F1270E20DD
 939	1720 1272 31
 940	C919DCED-3C19-CA03-DB12-711B8AD12A9C
 941	9452AFCD-DD20-A728-0A84-685F2299EFDA
 942	1212 762 41.714
 943	1598.5 -93.75 36
 944	1760 1452 31
 945	CF8EB350-F632-11EE-8BE5-04ED334DD7C0
 946	CF96F12A-F632-11EE-B01A-04ED334DD7C0
 947	CF95DFB1-F632-11EE-BF11-04ED334DD7C0
 948	CF989EFD-F632-11EE-ACC9-04ED334DD7C0
 949	CF954366-F632-11EE-AC9A-04ED334DD7C0
 950	484 552 28
 951	CFC25DE8-F632-11EE-AB70-04ED334DD7C0
 952	BFA3B361-CA45-6708-C103-67F6C0678E61
 953	CFC1E8B4-F632-11EE-BF9C-04ED334DD7C0
 954	1640 1472 32
 955	4
 956	CF914B92-F632-11EE-A902-04ED334DD7C0
 957	408490E7-284E-A2AB-4862-ED0DA465ED06
 958	892F4DF2-4DC1-06B1-8A71-A709A9D99C21
 959	CFB306E3-F632-11EE-89A0-04ED334DD7C0
 960	0 293.734 0
 961	CFC6BACF-F632-11EE-AD4C-04ED334DD7C0
 962	1A1F25FF-EF4F-9561-21A9-9EBEFF80C670
 963	0 116 0
 964	pf162b346b20f1d6bf_auto2108
 965	08C8F863-CC5E-A8B9-FDC6-EE03B27454C5
 966	CF903A0D-F632-11EE-9CC7-04ED334DD7C0
 967	vfx/jup/level/mp_jup_rust_alt_toon/vfx_rust_alt_toon_steam_02
 968	494 598 32
 969	CFB1A740-F632-11EE-9821-04ED334DD7C0
 970	1496 1704 40
 971	CFC284FD-F632-11EE-946E-04ED334DD7C0
 972	80FA3B3D-7888-CE7F-6E3A-68315676AD69
 973	pfab2c12c6ab749ee8_auto2108
 974	CFB291A9-F632-11EE-898F-04ED334DD7C0
 975	CFB0E3E3-F632-11EE-A192-04ED334DD7C0
 976	CF940AD3-F632-11EE-945D-04ED334DD7C0
 977	CF90D655-F632-11EE-B40D-04ED334DD7C0
 978	CFBEEE74-F632-11EE-8795-04ED334DD7C0
 979	860 604.5 22.2685
 980	1512 1840 28.705
 981	2B48A46D-A7D6-7E74-341B-C30C8CF35DC7
 982	CFC34854-F632-11EE-99E1-04ED334DD7C0
 983	-541.032 1659.86 34.8242
 984	D779FD69-8125-311C-307E-41F121C911D4
 985	CFBEEE75-F632-11EE-A2AF-04ED334DD7C0
 986	568 -32 38
 987	568 -32 36
 988	-251.561 608.159 22.2408
 989	-425 1666.75 33.5
 990	-408 1800 24
 991	-329.284 -66.2179 16
 992	CFB529E4-F632-11EE-B07A-04ED334DD7C0
 993	CF9877EC-F632-11EE-A562-04ED334DD7C0
 994	-222 8 32
 995	-364.626 601.934 32
 996	0E3104CD-8ABA-DF6F-E569-3B10627A3FAA
 997	pf2a98441ca414d43_auto2108
 998	CF94F54C-F632-11EE-A7C1-04ED334DD7C0
 999	CFB3F14F-F632-11EE-BA2D-04ED334DD7C0
1000	pfc713dd9ba24bb1b0_auto2108
1001	CFB61453-F632-11EE-B1E6-04ED334DD7C0
1002	1640 1400 32
1003	0 74.9997 0
1004	pfca5227baad0622f0_auto2108
1005	-245.256 634.182 24
1006	a,b
1007	b,c
1008	DA38A9F5-ED04-4CFF-F26C-95906AC92603
1009	CF8DC8E9-F632-11EE-9875-04ED334DD7C0
1010	-187.561 672.159 20.136
1011	vfx_rust_alt_toon_granules_dust_falling
1012	CF932067-F632-11EE-8F54-04ED334DD7C0
1013	CF9877ED-F632-11EE-892C-04ED334DD7C0
1014	CFB502D2-F632-11EE-B35A-04ED334DD7C0
1015	-422.554 742.235 32
1016	7FF9D099-637F-6131-3E1B-E8DF2E5DBDE7
1017	CF8E3E29-F632-11EE-A5AC-04ED334DD7C0
1018	CFBF1588-F632-11EE-AAF6-04ED334DD7C0
1019	1464 1784 40
1020	-187.562 800.159 16.4285
1021	pfb5a9f587535d0a8a_auto2108
1022	715A19F1-8539-E563-77E2-BDBFC47098C9
1023	vfx/jup/level/mp_jup_rust_alt_toon/vfx_rust_alt_toon_wind_lines_ch_01
1024	D0E7FAD5-8BB8-29C3-D4DD-341CF16D27C4
1025	-236 936 30.0583
1026	CFC2AC08-F632-11EE-8BDC-04ED334DD7C0
1027	67D76E89-EE20-D600-6158-9181CB5825BC
1028	A20E9CA1-2B1F-1660-A83C-90C9AC2BC06B
1029	06FF4BCE-FE4A-C70A-ADAB-50D5544924A1
1030	pfe100257216d7682b_auto2108
1031	450 512 22
1032	CFC3214A-F632-11EE-960A-04ED334DD7C0
1033	1 2 3 5
1034	6FFB9B7A-3B2F-E10D-2B58-E8F3A2C98BDC
1035	CF9850D5-F632-11EE-B05B-04ED334DD7C0
1036	pf8051a69b261d2323_auto716
1037	mp_sd_spawn_defender
1038	CFB291AD-F632-11EE-A23A-04ED334DD7C0
1039	B236FC00-A80D-F02A-2823-656DBCD02CA4
1040	CF967BFA-F632-11EE-85B0-04ED334DD7C0
1041	B8981FC7-7240-AD91-DBAB-78D2D067B68F
1042	A2AA7827-328B-DC24-A499-C17F66FC8B4E
1043	-318 298 15.4366
1044	CFBEA052-F632-11EE-8AF2-04ED334DD7C0
1045	CFB7C21E-F632-11EE-A744-04ED334DD7C0
1046	AAADFFDA-8B67-5C63-1F84-6D652E1A991A
1047	0 182 0
1048	CF94A724-F632-11EE-854F-04ED334DD7C0
1049	8825FF96-3E25-A199-3EDA-C2BA60FCD462
1050	1188 1834 36
1051	pf8f30d4ade2e0945b_auto715
1052	CF9850D7-F632-11EE-A65A-04ED334DD7C0
1053	1568 1392 31
1054	5F19DFC0-704B-5982-B6FA-D13164ECF714
1055	0 272 0
1056	6FE4F642-7BED-CB04-B068-15629E943B7F
1057	1639 1828 49.1115
1058	130 -176 34.5
1059	CFB43F79-F632-11EE-9BCA-04ED334DD7C0
1060	1660 1828 36
1061	64CED6FC-624C-15EA-1578-A8D789E2183F
1062	CF93477F-F632-11EE-B77D-04ED334DD7C0
1063	pf838bcfd7cbd9a012_auto716
1064	-415.857 646.469 32
1065	1755 1518 31
1066	1696 1428.57 31
1067	4E8AC40F-B6D5-713D-68E2-F7366C79B789
1068	49EF07C6-68C2-7F40-07AB-CB418F153E54
1069	vfx/jup/level/mp_jup_rust_alt_toon/vfx_rust_alt_toon_debris_blowing_dir
1070	ladder_up
1071	1348 1844 36
1072	179 -172 31
1073	-446 748 26
1074	CFB1802D-F632-11EE-B190-04ED334DD7C0
1075	CF94800F-F632-11EE-AD4A-04ED334DD7C0
1076	440 1856 64
1077	-12 140 16.6884
1078	pf351b326eefb0724b_auto715
1079	F8227EE8-4926-6409-2B32-DDEF2E7A022F
1080	CFB725D3-F632-11EE-B9A8-04ED334DD7C0
1081	-554.968 1656.14 39.2485
1082	CFC34856-F632-11EE-8729-04ED334DD7C0
1083	B63EA8A0-E6C5-21B0-BFCF-5769C7576EE0
1084	CF973F5B-F632-11EE-8C8D-04ED334DD7C0
1085	1508 878 34
1086	FE929E20-7A37-6741-72A2-81B4DFEA29B6
1087	CF8AE29E-F632-11EE-8245-04ED334DD7C0
1088	0 44.2 0
1089	pf1a7dfb6fc8586c7f_auto715
1090	pfcff17bf726a696e8_auto2108
1091	E9805BE2-477B-5871-D45A-070A42849F3A
1092	CFB35506-F632-11EE-90B1-04ED334DD7C0
1093	346 -194 32.5
1094	CF948013-F632-11EE-BA05-04ED334DD7C0
1095	window_over_40
1096	vfx/jup/level/mp_jup_rust_alt_toon/vfx_rust_alt_toon_smoke_fire_column
1097	0 224.2 0
1098	B55C3759-3EB1-0420-A58F-093482BA612D
1099	1595 1511 39
1100	1760 1336 36
1101	9A14983D-4503-B597-ECA5-478DE5A9E99B
1102	CB8A8473-BB8E-387C-1A00-E206BF9D4914
1103	1 2 3 4
1104	-343.51 -147.345 28
1105	CF971842-F632-11EE-AB81-04ED334DD7C0
1106	3D018C30-2CE5-DE74-AE89-DBA11BDE0C6C
1107	-357 1105 34
1108	-332 256 16.1705
1109	C01EE6FD-B985-D646-DDEF-B0ABD269092B
1110	CF96F129-F632-11EE-90AD-04ED334DD7C0
1111	1570 -146 36
1112	B3A71D22-AD83-3A5F-ABE9-A02256F270BC
1113	-404 1800 20
1114	6E84F5D8-2973-3BF5-C504-2396AB201AF8
1115	0 49.9996 0
1116	-408 1804 20
1117	CFB6FEC4-F632-11EE-B9F8-04ED334DD7C0
1118	pf6d9948a3e4f02011_auto715
1119	-357 74 40.5
1120	mp_koth_spawn
1121	CF936E9C-F632-11EE-AEBB-04ED334DD7C0
1122	0 124.975 0
1123	1.17999
1124	486CBFD0-2CB3-29FE-8A81-79D8EBE5EC15
1125	CF94CE36-F632-11EE-8DA2-04ED334DD7C0
1126	512E5BDD-14C0-0455-BE6C-E318097F62D5
1127	-320 4 19.6093
1128	F3D17240-3381-12D6-778D-A13ACF692D18
1129	CF97DBA1-F632-11EE-B0CD-04ED334DD7C0
1130	CF9850D6-F632-11EE-93B5-04ED334DD7C0
1131	-40 -160 32
1132	2746EF6A-CD89-D797-468C-2A9E5460065B
1133	-251.561 736.159 17.6345
1134	CF8E3E27-F632-11EE-B805-04ED334DD7C0
1135	0 89.9988 0
1136	vfx_rust_alt_toon_steam_ch_01
1137	CFB725D4-F632-11EE-9CE7-04ED334DD7C0
1138	mp_warrior_spawn_allies_start_car
1139	0 89.9993 0
1140	1348 1844 40
1141	vfx_rust_alt_toon_tumbleweed_01_ch
1142	CFC459CF-F632-11EE-A687-04ED334DD7C0
1143	7EC1443F-2DF5-11EF-B885-E0D464379E0D
1144	CF9829C9-F632-11EE-9209-04ED334DD7C0
1145	1764 1512 31
1146	-434 1644.5 24.681
1147	845497C7-F314-BB2B-F45E-857423FCC56F
1148	1022 -144 20
1149	1F47F10D-F6D9-D01C-D7ED-FEC5A0EBACE9
1150	1416 1104 32
1151	90C11531-754C-E1CC-ED2B-3B561E5114C6
1152	9A4BFAD1-6F25-02B2-82CE-4442E0318D27
1153	CF940AD8-F632-11EE-A7BB-04ED334DD7C0
1154	0 179.994 0
1155	CF92D245-F632-11EE-BD97-04ED334DD7C0
1156	36 1766 27.2186
1157	CF8D7ACA-F632-11EE-9551-04ED334DD7C0
1158	1464 1784 30.7945
1159	CF962DD7-F632-11EE-94C2-04ED334DD7C0
1160	1696 1172.57 31
1161	CF95436E-F632-11EE-AAFF-04ED334DD7C0
1162	74454455-61F8-C6DB-4C46-A087060DED32
1163	0 33.9994 0
1164	1768 1116 31
1165	0 135 0
1166	pf60033baf3363a338_1 pf60033baf3363a338_4
1167	1288 -165.5 11.5566
1168	-42.5 1312.5 30.1799
1169	7D5412C2-E9E7-1EDD-355F-20F4C1BBC005
1170	1136 884 28
1171	1746.5 1148 31
1172	CF97B492-F632-11EE-A5BA-04ED334DD7C0
1173	E37063DF-E301-7F07-A296-EC286E26A03A
1174	9CD25F21-1904-0772-5E2C-4F2238079D1D
1175	-362 -85 40.5
1176	1368 912 32
1177	CF95DFB7-F632-11EE-B09B-04ED334DD7C0
1178	2A940EA1-7861-6394-A1C7-4CFFFF74524C
1179	1751 1536 31
1180	39BC087E-3F4A-3CC9-6E14-F5202B649767
1181	0 49.9999 0
1182	-525 1714 35.1596
1183	8FE971E3-DD75-99D4-42D2-34C93DDFBC73
1184	0 270 0
1185	-9 132 17.0616
1186	DAAD087F-4427-9FC7-535E-FBE3216BA5F3
1187	268 928 30.4254
1188	mp_dd_spawn_defender_start
1189	-300 24 16.1315
1190	0 177.994 0
1191	-152 -80 32
1192	1129.5 1799.5 35.7144
1193	CF97DB9E-F632-11EE-A757-04ED334DD7C0
1194	-348 64 36
1195	pf9bf01b833dc27396_auto715
1196	279 -172 31
1197	1298 1500 36
1198	56EF4339-D65B-9DF6-A6B2-D8379E396BF1
1199	CFB550F5-F632-11EE-ADDF-04ED334DD7C0
1200	DEC94618-3010-2D3A-F711-022162A60E74
1201	-301 1486.75 33.5
1202	CF94A720-F632-11EE-AFCE-04ED334DD7C0
1203	0417C13E-F089-BE45-0F68-C17F628A3EA1
1204	4CC3BC2B-DDA7-D324-9129-B4006BB32A23
1205	-412 1428 34.3925
1206	D61CEF1A-CE0F-1646-1DBF-8E47E49E6533
1207	mp_control_spawn_defender
1208	1416 912 32
1209	F2E60085-DCC4-E8DE-DC5A-1D9484F9C5B9
1210	-188 -112 19.6093
1211	48EBFDE9-8E82-C730-25DD-7E7791A6F897
1212	vfx/jup/level/mp_jup_rust_alt_toon/vfx_rust_alt_toon_wind_lines_01
1213	30 -178 24.5
1214	CF8FEBE9-F632-11EE-B263-04ED334DD7C0
1215	CF962DD3-F632-11EE-B273-04ED334DD7C0
1216	568 -28 54
1217	-296 -188 32
1218	761CA1E1-5360-6381-1BA2-E49B98044D01
1219	D017AA30-042A-DF5F-41ED-6AB74D9407F4
1220	vfx/jup/level/mp_jup_rust_alt_toon/vfx_rust_alt_toon_sand_falling_from_pipe
1221	CFBEC764-F632-11EE-B95E-04ED334DD7C0
1222	pfde4ef7e50c87010d_auto2108
1223	CFC32149-F632-11EE-B4B4-04ED334DD7C0
1224	633F6B51-234B-8C56-C59C-93243F3B1944
1225	CAEEAEC1-724F-A701-FA59-8747B12BE28B
1226	CF8DA1E3-F632-11EE-8873-04ED334DD7C0
1227	CFC2FA31-F632-11EE-B648-04ED334DD7C0
1228	280B0F7A-AF8D-4CCA-A3CA-F95942596673
1229	pf16d415b863c206f5_auto2108
1230	mp_warrior_spawn_axis_start_ds
1231	pf96eca530075df377_auto716
1232	8A8B02C8-E114-290C-959F-A6496F431955
1233	pfc4c6ca8ca3e247ba_auto2108
1234	CFB8FAB0-F632-11EE-B4DC-04ED334DD7C0
1235	CF90FD6C-F632-11EE-95D0-04ED334DD7C0
1236	98729228-1B54-E768-5E31-7C328042F6E0
1237	pf7914fa05f2f798f9_auto2108
1238	CF94A722-F632-11EE-A7EF-04ED334DD7C0
1239	1CD1CED0-343A-7488-1E55-891D36F37348
1240	7CC71FCA-9EA9-BCC0-924D-566D4F4EECEB
1241	40C7C629-B52A-AD05-66BF-53FCC37C5841
1242	CF914B95-F632-11EE-8F15-04ED334DD7C0
1243	676 -28 54
1244	CF9172A1-F632-11EE-98B8-04ED334DD7C0
1245	20379434-2403-EBA9-CF60-1BB3E04BD483
1246	CF96A30E-F632-11EE-9E17-04ED334DD7C0
1247	pf8ac35838e3a68c41_auto2108
1248	344 754 20
1249	pffd5396a322be290a_auto2108
1250	-284 -84 32
1251	CF91C0C2-F632-11EE-A52D-04ED334DD7C0
1252	vfx_rust_alt_toon_sand_falling_from_pipe_ch_01
1253	CF8FC4D6-F632-11EE-8191-04ED334DD7C0
1254	1756 1444 36
1255	-501.946 1737.59 31.5882
1256	-300 104 17.0457
1257	C882D1B6-C6CD-5684-D83B-3AD1BC7A5747
1258	CF8F76B9-F632-11EE-BC9D-04ED334DD7C0
1259	3BFD9B79-D49B-7E0C-F838-FF13E96BC986
1260	838 -40 32
1261	0 346 0
1262	984989ED-19E2-A504-8ABC-E23C6F4F2335
1263	-413 1464.75 33.5
1264	0 355 0
1265	1700 1456 31
1266	CF932068-F632-11EE-BD58-04ED334DD7C0
1267	0 89.9996 0
1268	0 89.9998 0
1269	CFB7C21D-F632-11EE-A4AB-04ED334DD7C0
1270	CF8E3E2A-F632-11EE-869B-04ED334DD7C0
1271	CF9829C4-F632-11EE-BBF8-04ED334DD7C0
1272	CFB7E92E-F632-11EE-A6DD-04ED334DD7C0
1273	622 688 24
1274	CF94800C-F632-11EE-98D2-04ED334DD7C0
1275	CFB48D98-F632-11EE-952F-04ED334DD7C0
1276	CFB6898A-F632-11EE-A5FA-04ED334DD7C0
1277	-208 -14 32
1278	1608 1424 31
1279	-444 932 32
1280	1574 -146 36
1281	AD1FFBAF-F838-06BB-39CA-A4D5C12322BE
1282	CF8F2890-F632-11EE-866B-04ED334DD7C0
1283	mp_dd_spawn_attacker
1284	7A0B4E5F-CD21-5B1A-6C80-F6DF230F0F14
1285	CF945901-F632-11EE-9503-04ED334DD7C0
1286	CF954368-F632-11EE-A2F1-04ED334DD7C0
1287	4856EFC1-F0AE-522A-9D08-85CD02FD04BE
1288	CF95B8A0-F632-11EE-ADDC-04ED334DD7C0
1289	DC7B3ED5-8664-13B0-9D32-CAFB7EE660BD
1290	CFC6BACD-F632-11EE-94C2-04ED334DD7C0
1291	1696 1492.57 31
1292	vfx_rust_alt_toon_smoke
1293	CFB5ED3B-F632-11EE-A021-04ED334DD7C0
1294	CFB79B0D-F632-11EE-B782-04ED334DD7C0
1295	B41C5508-EB07-9EEA-A972-E8B6D2B40305
1296	CFB6B09C-F632-11EE-9DDF-04ED334DD7C0
1297	mp_cyber_spawn_allies
1298	pfab7a537d1e04106d_auto2108
1299	CF92AB35-F632-11EE-9156-04ED334DD7C0
1300	150 1632 46.8686
1301	CFB6FEC0-F632-11EE-89A7-04ED334DD7C0
1302	CF9654E6-F632-11EE-9C1A-04ED334DD7C0
1303	CFB35509-F632-11EE-8078-04ED334DD7C0
1304	CFC2FA32-F632-11EE-A4D7-04ED334DD7C0
1305	CFC432BC-F632-11EE-991A-04ED334DD7C0
1306	CF90AF4B-F632-11EE-A52C-04ED334DD7C0
1307	CFC20FC4-F632-11EE-90CE-04ED334DD7C0
1308	pf8367cc1e533e4ad0_auto9
1309	-358 -176 30.5
1310	CFB32DF9-F632-11EE-9CDA-04ED334DD7C0
1311	pf8581ba17635b8622_auto715
1312	84A1819E-824C-615E-63F2-62D783315087
1313	06B838B5-832A-B3EF-42D6-9FAA8216D1B9
1314	pf666e980f50e70d4b_auto2108
1315	-360 396 17.5683
1316	432 1844 57.2778
1317	CF8DEFFE-F632-11EE-931D-04ED334DD7C0
1318	CF97B48E-F632-11EE-835F-04ED334DD7C0
1319	CF954369-F632-11EE-AA98-04ED334DD7C0
1320	mp_warrior_spawn_team_three_start_ds
1321	E3DB080D-FBB2-A3A3-8487-804880316395
1322	C8475475-448C-8AD9-AE14-7CE02C453C71
1323	CF9458FA-F632-11EE-A913-04ED334DD7C0
1324	2C4CEC44-C521-D460-52D3-62E27021B3BA
1325	DBAD2600-A2B8-D864-FFE2-AB083908E805
1326	CF956A7D-F632-11EE-82F5-04ED334DD7C0
1327	89FD5702-59E1-8E0F-8CBD-00FBECFACAE5
1328	4BFD108E-F973-AC41-CDB2-EF47F5BBA593
1329	5DF8DBDF-E584-DE40-344D-854E3FDC51CF
1330	CFC480E1-F632-11EE-8EFA-04ED334DD7C0
1331	CFB13206-F632-11EE-B988-04ED334DD7C0
1332	890 -56 14.2406
1333	pf6d649c504dfdbf71_auto9
1334	440 1068 36
1335	CF9012FF-F632-11EE-8A5A-04ED334DD7C0
1336	440 1856 68
1337	CF9458FC-F632-11EE-8341-04ED334DD7C0
1338	62C7D350-27D8-6C6A-6FC3-50737D6E13F2
1339	65AE8248-9B64-1E46-E4D3-FCD0A12237CD
1340	CF962DD5-F632-11EE-9EAF-04ED334DD7C0
1341	CFB1802B-F632-11EE-9326-04ED334DD7C0
1342	0 201.997 0
1343	1608 1424 40
1344	CF8DA1E4-F632-11EE-9A3A-04ED334DD7C0
1345	CFB3F150-F632-11EE-AC26-04ED334DD7C0
1346	E54F7C19-A203-94FD-AB2D-E74E84D1E528
1347	CF8FC4DD-F632-11EE-B61E-04ED334DD7C0
1348	C15EE2FF-E1BF-392D-E453-352C77CEA204
1349	0 179.997 0
1350	CF9654E5-F632-11EE-94EE-04ED334DD7C0
1351	1743 1392 31
1352	D5911C00-17E5-5AF7-89A0-31BA4F4D70CE
1353	112 -100 32.5
1354	212 -188 28.5
1355	mp_dd_spawn_defender_a
1356	CF8F017E-F632-11EE-85BE-04ED334DD7C0
1357	CFB1591D-F632-11EE-9529-04ED334DD7C0
1358	1116 1376 20.6756
1359	B20C4FCD-2100-BA7A-C9C9-4EF882A2D583
1360	1764 1272 31
1361	108 -164 32
1362	CC903874-B0B3-57E5-4316-C53ACB8116FA
1363	BC018593-D9B4-FE36-5219-2F59C9A519A6
1364	CF8DC8EB-F632-11EE-AB53-04ED334DD7C0
1365	0C7DD472-60AD-E60A-D13A-E5B7BF288194
1366	CF95918F-F632-11EE-A4FB-04ED334DD7C0
1367	1128 1800 36
1368	BA191E51-024B-2CFC-41F7-9DC4683E3455
1369	-24 -188 24.5
1370	CFB79B0E-F632-11EE-8F3A-04ED334DD7C0
1371	84 52 20.1295
1372	-548.968 1650.85 38.6782
1373	1760 1300.57 31
1374	-189 -168 40.5
1375	0 14.9994 0
1376	2436A3FB-51E4-CDE7-E32C-68A51E97DB95
1377	88480F5F-267A-8824-DC47-2AAEBC8B7DEE
1378	CF95DFB4-F632-11EE-8B8E-04ED334DD7C0
1379	CFB3A331-F632-11EE-82D6-04ED334DD7C0
1380	1072 872 19.4467
1381	72CEE2BC-0C63-D6BB-1AEE-DA2EB6641A2A
1382	F1DC9237-531D-F875-7B51-F0D8BD00CE07
1383	1751 1536 32
1384	18A95913-5987-4B41-D7D9-A49D0D91FCB8
1385	CFB74CE5-F632-11EE-9FF0-04ED334DD7C0
1386	-256 16 32
1387	CF8E8C41-F632-11EE-814A-04ED334DD7C0
1388	mp_dd_spawn_attacker_a
1389	traverse
1390	7C3E11FD-64F0-95F8-45FC-90BC816A731E
1391	nav_door
1392	vfx_rust_alt_toon_sparks_02
1393	0 271.734 0
1394	95C33630-A378-3D90-697E-5890BE599D2D
1395	1660 1828 40
1396	CFBEA051-F632-11EE-A4B4-04ED334DD7C0
1397	CF914B94-F632-11EE-A84C-04ED334DD7C0
1398	CF8B7ED2-F632-11EE-B4F1-04ED334DD7C0
1399	ED336669-A9EA-BDE2-1852-7E2A7EC47D7E
1400	CF9458FD-F632-11EE-A787-04ED334DD7C0
1401	-290 1416 26.4729
1402	1760 1236.57 31
1403	88D5C5CD-5C2E-5B0C-C336-2B3F7BAB9F7E
1404	EE4D9501-1E9C-F343-5621-46AC1E7CA6C3
1405	CF951C54-F632-11EE-A706-04ED334DD7C0
1406	A3F56FCE-390E-45C4-ADA7-5438B3C1B639
1407	pf8a3e7972c9e47813_auto2108
1408	3C92AF51-DF07-1FCF-5535-5E8D5B574B8E
1409	-187.561 736.159 19.2061
1410	0 29.9993 0
1411	5F437908-3EEE-9F58-5272-9208CA071873
1412	-392 -192 32
1413	133 -80 40.5
1414	CFB10AF9-F632-11EE-8BBA-04ED334DD7C0
1415	vfx/jup/level/mp_jup_rust_alt_toon/vfx_rust_alt_toon_sparks_01
1416	1736 1120 31
1417	vfx/jup/level/mp_jup_rust_alt_toon/vfx_rust_alt_toon_tumbleweed_01_ch
1418	CFB6B09B-F632-11EE-9C70-04ED334DD7C0
1419	CFC432BE-F632-11EE-9D9E-04ED334DD7C0
1420	1700 1792 31
1421	-412 -32 36
1422	-332 256 16
1423	50C3D3B9-E025-7712-62A2-1F72AE2B2CE8
1424	1568 1640 40
1425	CFBF1587-F632-11EE-9529-04ED334DD7C0
1426	142 1602 38
1427	48079CCF-8480-7025-962D-6296B415370A
1428	-450 -126 24.5
1429	1272 1562 36
1430	CFC459D1-F632-11EE-9CD0-04ED334DD7C0
1431	3F1273F5-61A0-49A9-E083-8908632B428C
1432	D2B3E9C6-B998-6E70-3E69-5EB6AF97A2F4
1433	CFBE793C-F632-11EE-8FC6-04ED334DD7C0
1434	A52579E4-ECDC-8F46-564D-B4EB902368CE
1435	-304 240 32
1436	CF90FD6D-F632-11EE-9C7F-04ED334DD7C0
1437	1368 1104 32
1438	0 189.999 0
1439	CFB291AB-F632-11EE-9842-04ED334DD7C0
1440	1208.48 -147.941 14
1441	CF95436D-F632-11EE-887B-04ED334DD7C0
1442	CF989EFA-F632-11EE-8B75-04ED334DD7C0
1443	87EEDD1A-07BE-E53A-2146-7A8A69C48F06
1444	vfx_rust_alt_toon_light_01
1445	pfcfa0eba87ea41d21_auto716
1446	75F8F065-E006-2363-07B8-8CFA8C7577F5
1447	CF92F965-F632-11EE-9E56-04ED334DD7C0
1448	CF93BCB6-F632-11EE-8227-04ED334DD7C0
1449	CFB57808-F632-11EE-8855-04ED334DD7C0
1450	CFBEC761-F632-11EE-AF72-04ED334DD7C0
1451	CFB4B4AE-F632-11EE-9ACE-04ED334DD7C0
1452	CF8B7ED1-F632-11EE-A592-04ED334DD7C0
1453	1576 1336 32
1454	1670 1822 31
1455	D275847C-9097-2C33-36A5-8DDA831A7C08
1456	6B305023-4A33-B054-EF37-C4F32F6F7662
1457	A76EDA87-19D1-57A7-5E81-4E873E92AD8F
1458	CF940ADA-F632-11EE-88F7-04ED334DD7C0
1459	347 -168 40.5
1460	CF93477C-F632-11EE-BAF2-04ED334DD7C0
1461	CC507499-8751-5BC7-9CEA-9A017B204ED4
1462	vfx/jup/level/mp_jup_rust_alt_toon/vfx_rust_alt_toon_steam_ch_01
1463	vfx/jup/level/mp_jup_rust_alt_toon/vfx_rust_alt_toon_light_03
1464	-428 720 39.7057
1465	1751 1288 31
1466	CD8DACCA-8CB7-DF3F-0439-98B0D6E900BF
1467	A0455C72-2739-327C-62F2-0B0282FBD0CE
1468	-277.677 370.3 32
1469	CFB32DFC-F632-11EE-A166-04ED334DD7C0
1470	vfx_rust_alt_toon_steam_01
1471	-392 1368 32.5
1472	0 30 0
1473	pf6d108390c921ada0_auto2108
1474	4FCC199B-53EE-7031-BA6C-80408059B801
1475	0 44.9988 0
1476	-280 1496 30
1477	CF9850D9-F632-11EE-A38F-04ED334DD7C0
1478	1617.5 493.5 36
1479	2C540DD3-4D1B-C72B-1408-3B63AE5ADFBE
1480	-296 -192 32
1481	A3FDCC5A-9779-B80E-A3B9-9A6DFB385228
1482	76312809-05FA-6AEA-44C2-DDD7CAA39082
1483	CF989EFF-F632-11EE-A0B9-04ED334DD7C0
1484	801 1843 36
1485	1760 1132 36
1486	30D395DD-6AE0-1707-F948-C3076425F176
1487	D9D49085-CAC8-6679-B9F7-5DFEA7CCB5F9
1488	train_part
1489	-408 1804 19.9883
1490	206 488 20
1491	mp_control_spawn_attacker_start
1492	1743 1392 40
1493	832 480 36
1494	1624 410 40
1495	CF95DFAF-F632-11EE-9CE5-04ED334DD7C0
1496	FEA19289-7ED2-1F78-714C-4C0196E9E851
1497	A0E2E8B9-B244-2A70-7B9F-D88262D52CBF
1498	3D4E4E4D-4F2B-FA32-C1C0-A3C6D2DBFBA2
1499	-432 720 16
1500	A1D1D6DA-321F-E1E8-6BCE-8AE8CB010B3F
1501	CF956A79-F632-11EE-92C2-04ED334DD7C0
1502	-372 404 34.9568
1503	820.06 -50.48 40.8857
1504	CF93477B-F632-11EE-85BD-04ED334DD7C0
1505	pf3897960a9d5b687c_auto2108
1506	CFB8D3A0-F632-11EE-B2A0-04ED334DD7C0
1507	A46515A5-BDB1-AEB6-5C52-724EC53B35B3
1508	4C5AB369-2C7B-11EF-B885-E0D464379E0D
1509	-416 1104 34.1736
1510	CFB1CE53-F632-11EE-A3A5-04ED334DD7C0
1511	1047 1844 36
1512	400 928 38
1513	0 88.9995 0
1514	331 -72 40.5
1515	CFB37C19-F632-11EE-B6C9-04ED334DD7C0
1516	1282 248 51.636
1517	CFB57806-F632-11EE-8690-04ED334DD7C0
1518	6AFFCA2C-9215-3808-8D3D-13616402D790
1519	660D821B-366A-63F9-719D-1E9262F553AC
1520	CF8FC4DB-F632-11EE-9E71-04ED334DD7C0
1521	CFB63B7A-F632-11EE-999E-04ED334DD7C0
1522	B1AB6E82-CD1E-ECCA-F335-8B27B36924CA
1523	CFBF1589-F632-11EE-B58A-04ED334DD7C0
1524	8736C124-5A31-ED91-B852-DBD6A37393AE
1525	0 97.3784 0
1526	-423 1570.75 33.5
1527	2DFC31F4-211C-03EF-895C-C56C67874099
1528	02D3F6C6-1164-92A1-88DE-E35C609B182F
1529	B5DFA712-FA40-970E-7A51-5E8457D7B7FD
1530	pf8f30d4ade2e0945b_auto716
1531	0743CF13-AB85-CA48-B08A-F3740FC6884C
1532	AA0F4C00-5754-F80D-0B42-C24EE079B526
1533	CF976674-F632-11EE-B073-04ED334DD7C0
1534	CF95918C-F632-11EE-A0EF-04ED334DD7C0
1535	CF9802B0-F632-11EE-BF46-04ED334DD7C0
1536	hide
1537	CF936E97-F632-11EE-ADA4-04ED334DD7C0
1538	CF9172A0-F632-11EE-95BC-04ED334DD7C0
1539	CFB66274-F632-11EE-8FA1-04ED334DD7C0
1540	CF93BCB5-F632-11EE-8B25-04ED334DD7C0
1541	pf93d1bc6b2cfde261_auto2108
1542	0 182.324 0
1543	CF940235-F632-11EE-A6CD-04ED334DD7C0
1544	CFB48D97-F632-11EE-B580-04ED334DD7C0
1545	0 117.999 0
1546	1520 -138 36
1547	844 564 35.7905
1548	1696 1364.57 31
1549	CFB1802C-F632-11EE-805B-04ED334DD7C0
1550	B2B97E07-72A7-F308-905F-A054A15B0EE4
1551	164A7C41-DA0E-0C97-3435-C0B1F15B50BC
1552	0 89.9995 0
1553	pf44e418ccfc27351c_auto2108
1554	CF9850DA-F632-11EE-933D-04ED334DD7C0
1555	CFB2DFD3-F632-11EE-977D-04ED334DD7C0
1556	off
1557	1598 -94.5 36
1558	CF93BCB7-F632-11EE-BEAF-04ED334DD7C0
1559	7DBD93D3-660F-7411-F9DF-17B5D4E689C9
1560	176 -168 24.5
1561	472 -168 36.5
1562	EFF4F1CD-BD2E-0B64-698E-904724AA3594
1563	CF97DBA0-F632-11EE-86CB-04ED334DD7C0
1564	AD621F15-6F5B-AD4B-5A70-8BFD33E5F79F
1565	FB27CECB-FD2A-CB50-852A-C59E4A9F220B
1566	pfebbf3c9c9af5a870_auto2108
1567	18F50C76-CAC3-69E0-AE91-808BC81F8999
1568	-209 304 19.439
1569	8276D7D5-656C-A206-709E-B41A6C2EBFB8
1570	CF94CE31-F632-11EE-B153-04ED334DD7C0
1571	CF9458FE-F632-11EE-813C-04ED334DD7C0
1572	9F7D02CD-8385-57CC-71CE-77DD7585F31E
1573	-88 -172 40.5
1574	DF609710-F0FD-0CA6-B4B4-F7F891347C39
1575	CF8E6533-F632-11EE-99FF-04ED334DD7C0
1576	CFBE793E-F632-11EE-A70A-04ED334DD7C0
1577	256B313A-0A49-880C-63D1-0F90917ECD7B
1578	0937D99C-E6AB-FD28-47CD-B67E56BDF01C
1579	-424 1120 31
1580	-101.338 -145.691 16
1581	9685ECA7-B37A-E362-F8F9-798332C6DEEF
1582	A2F775A0-22FB-4244-4D1A-9AFAC6976BBF
1583	2D8D171C-C1E4-BEB0-E28D-6D6740300486
1584	E789A149-08A4-2547-39B4-C248BA52E194
1585	AD08A28B-E57C-9AE6-05CB-E1417C4DA9F5
1586	pff442574eec29e036_auto2108
1587	-292 156 16
1588	-352 -48 32
1589	CF92D248-F632-11EE-A510-04ED334DD7C0
1590	BFE7AA43-0303-4FB0-0EA5-0D7B1955CE6F
1591	70BFFEC4-139B-1260-3E19-7C9C6FD27AFB
1592	CF962DD9-F632-11EE-8D19-04ED334DD7C0
1593	CFB0BCD0-F632-11EE-AB51-04ED334DD7C0
1594	EDE19D97-230A-9D43-F7D8-F8F594AC957C
1595	1496 1704 34.5562
1596	pf6d9948a3e4f02011_auto716
1597	CFADE9BB-F632-11EE-A4EA-04ED334DD7C0
1598	CF94F547-F632-11EE-8EB2-04ED334DD7C0
1599	scriptable_hardpoint_chevron
1600	858E300E-855C-B0CE-EE54-F180E2B9A027
1601	98D21CF2-4700-B0A8-E323-A0F991908F57
1602	0 320 0
1603	359 -76 31
1604	1536 42 40
1605	-416 1120 32
1606	pf760118457f5d9117_auto2108
1607	CFB095C2-F632-11EE-BC2F-04ED334DD7C0
1608	0.714667
1609	CFB26A99-F632-11EE-99B5-04ED334DD7C0
1610	344 724 32
1611	CF9802B7-F632-11EE-9EA3-04ED334DD7C0
1612	CF9829C5-F632-11EE-A977-04ED334DD7C0
1613	1324 256 16.6302
1614	-232.167 -40.284 16.7372
1615	1FE3BD98-FA3E-3580-66EB-8029DA1EFEEC
1616	CFB21C77-F632-11EE-8042-04ED334DD7C0
1617	-412.509 598.585 32
1618	-280.5 1802 20
1619	CF8EDA69-F632-11EE-BA35-04ED334DD7C0
1620	1664 1832 31
1621	05CD12E7-265A-5C29-79B8-886578CFA1B8
1622	CF8E8C42-F632-11EE-98FA-04ED334DD7C0
1623	CFF32CE2-A903-EDD3-A63B-33A70DD5E141
1624	BA497CA7-35EA-9336-1F9E-81EF959CFD9F
1625	0 275.999 0
1626	A5065B8E-784C-B5AC-83F5-7F31EB4B716D
1627	CFB1A73C-F632-11EE-9EC2-04ED334DD7C0
1628	jump_up_80
1629	jump_up_40
1630	1368 864 32
1631	488889A0-6D57-AEFD-F90C-924BB9F7665E
1632	1F1BE2AA-1DBA-2F03-7DDC-8E35B4D3953D
1633	1683 1288 31
1634	F4F86D5C-5582-C555-6167-C86F3352D57E
1635	CF8DC8E7-F632-11EE-8C88-04ED334DD7C0
1636	35B45A4A-CB64-D70B-46F6-61D4116F76DD
1637	3ABB0EFA-7F76-E752-6139-DB21120BFE20
1638	CF92AB36-F632-11EE-8845-04ED334DD7C0
1639	mp_rugby_spawn_axis
1640	321A09C8-14E3-08C8-5911-0D2FB6B3EEF9
1641	CFB6FEC3-F632-11EE-BD65-04ED334DD7C0
1642	53.5 1807 24
1643	pf60033baf3363a338_1 pf60033baf3363a338_2 pf60033baf3363a338_3 pf60033baf3363a338_4 pf60033baf3363a338_5
1644	1476 652 31.3168
1645	CF26F819-E6E6-5A84-7B6D-8E3D21EE2FCE
1646	CF90FD6B-F632-11EE-8407-04ED334DD7C0
1647	0 357.994 0
1648	1915AE99-99B4-8BA0-6DD2-6F74A27C7555
1649	CF94800E-F632-11EE-BA5B-04ED334DD7C0
1650	CFB7E930-F632-11EE-8C70-04ED334DD7C0
1651	1440 1646 43.4396
1652	CF92F962-F632-11EE-B41E-04ED334DD7C0
1653	CFB35508-F632-11EE-8E17-04ED334DD7C0
1654	pf59306eb2cef6c8a_auto715
1655	axis
1656	-251.562 928.159 32.2424
1657	CF94800D-F632-11EE-BCD0-04ED334DD7C0
1658	-432 600 34
1659	2EF05CDA-57B6-4007-95EE-19111BE00E7F
1660	-308 -188 28.5
1661	CF8F9DC2-F632-11EE-8D62-04ED334DD7C0
1662	BDF8039A-C281-224A-9F09-4C1B71D6BEAE
1663	electrical_distribution_cabinet_wall_base
1664	-432 -120 24.5
1665	CFB095BF-F632-11EE-87EF-04ED334DD7C0
1666	1552 1768 40
1667	4F360446-1263-2295-E056-41F701EE02BA
1668	42ABE3B5-6519-CBEA-2780-C32F2668A630
1669	-251.561 864.159 25.2208
1670	0 195 0
1671	CF94A727-F632-11EE-8FDF-04ED334DD7C0
1672	0FF411D2-9F80-44BA-C427-F18633498450
1673	CFB21C74-F632-11EE-987C-04ED334DD7C0
1674	1567 146 26.6883
1675	pf4bcc51b6d889d04c_auto2108
1676	1.15523
1677	CF956A7A-F632-11EE-B1B2-04ED334DD7C0
1678	-344 308 15.8301
1679	208 -168 36
1680	24A70B47-9D00-788B-8B20-374571B79A7A
1681	89FB4B37-9919-DB78-78F5-FC5E31EC451B
1682	D1F70866-588C-7398-D4BB-F3EE478380C2
1683	CFB13209-F632-11EE-A8DD-04ED334DD7C0
1684	1618 509 29.9832
1685	4B97CF21-C9D6-8022-032E-00B44417C143
1686	-376 408 20
1687	-12 100 19.5232
1688	1496 1838 28.1781
1689	0 2.59803 0
1690	CF90FD6E-F632-11EE-8F3A-04ED334DD7C0
1691	2570B969-3CF0-77DD-91EC-A52AE82F530C
1692	9502D270-3F0C-F1B3-9DC4-C1F9F8C7332C
1693	0 89.9989 0
1694	0 89.9987 0
1695	0 74.9992 0
1696	CF90FD68-F632-11EE-9D0C-04ED334DD7C0
1697	0 89.9994 0
1698	CFB1A741-F632-11EE-989A-04ED334DD7C0
1699	CFB66271-F632-11EE-8D56-04ED334DD7C0
1700	CF9395A0-F632-11EE-9843-04ED334DD7C0
1701	-296 -192 36
1702	1114 548 24
1703	44BB5147-B3AC-5035-3AD6-69BFC085A007
1704	-222 1434 30
1705	B5CFC5EF-44F1-BDA4-61CC-296BEDC3C33C
1706	BAB2A140-3663-10C9-FBDA-53BD228CC012
1707	CFB5C62D-F632-11EE-A824-04ED334DD7C0
1708	CF989F01-F632-11EE-AB2E-04ED334DD7C0
1709	BBE94D24-C538-B5CB-4650-342D7A1FC10F
1710	CF90D65A-F632-11EE-9FE8-04ED334DD7C0
1711	F216BD95-E273-191E-0982-D760EF4C0F75
1712	pf3fa9ca147b5d2b5_auto2108
1713	9530A88D-BF3B-57B6-4260-0BF8CDE6B12F
1714	8B96F23F-D665-C94B-73BD-4ECA36B3EB03
1715	E51AA45D-3C17-2377-8D1C-532465C61806
1716	pf60033baf3363a338_2 pf60033baf3363a338_4
1717	CF92F966-F632-11EE-B9F6-04ED334DD7C0
1718	478 -202 36.5
1719	mp_rugby_spawn_allies
1720	CF92F964-F632-11EE-A9C0-04ED334DD7C0
1721	69C40EC3-692B-BFF6-1A3D-8A7A40E9D74C
1722	-344 324 32
1723	229C5892-8CF3-BD00-9057-DBBD47D5C46B
1724	mp_ctf_spawn_axis_start
1725	A5293E30-A7A0-10D6-7192-B8330C54E3F5
1726	86B53316-3DC6-D0E7-07A5-A4986AB66576
1727	CF940AD5-F632-11EE-B345-04ED334DD7C0
1728	-476 1812 31.1623
1729	mp_xfire_spawn_team_three_start
1730	CF97DBA4-F632-11EE-B880-04ED334DD7C0
1731	0 132 0
1732	30868B19-1911-9390-2F1C-BE33B5FFF488
1733	C98CD9FE-34DD-3764-1D78-6622F6DA6735
1734	CF9BFA91-F632-11EE-8991-04ED334DD7C0
1735	1 2 4 5
1736	pf8051a69b261d2323_auto715
1737	197 1767 28
1738	CFB095C3-F632-11EE-8EC5-04ED334DD7C0
1739	CF8E8C40-F632-11EE-A118-04ED334DD7C0
1740	CF956A7B-F632-11EE-9A50-04ED334DD7C0
1741	3F87B4C5-D8D1-FD9D-2CCB-011D0E8E0648
1742	-138.182 729.13 24
1743	CFB306E6-F632-11EE-973F-04ED334DD7C0
1744	-392 -160 24.5
1745	0 49.9998 0
1746	0 49.9992 0
1747	FDAA8FE7-744F-382F-18A0-F1B52A04C18E
1748	C886B49D-E66C-B68B-3B1B-66C0C3FC94BE
1749	09D54F3C-B292-F17F-C539-7FB5D9472685
1750	1728 1416 40
1751	57937BEA-B8B0-3CEE-9601-1C99F1EDECC2
1752	-156 -100 20.2814
1753	1114 652 20
1754	D62FA983-CB54-CE01-A493-002DDC211FCC
1755	472 -168 36
1756	568 816 55.3128
1757	828 980 36
1758	-432 608 20
1759	-397.329 454.417 32
1760	891934AD-784D-49EB-3CA0-0BDD698A1D93
1761	568 1168 36
1762	48720A27-B214-9F1D-6143-2BA33366B37F
1763	-271 -36 40.5
1764	AB113EC7-E41E-1B85-AEA3-94281F641DA8
1765	CF8F9DC5-F632-11EE-B00B-04ED334DD7C0
1766	1696 1236.57 31
1767	976A6B82-4581-13A7-7C9E-4764106EFE83
1768	4366F50F-4329-8E43-43E6-15C480382668
1769	pf838bcfd7cbd9a012_auto715
1770	E08CD80C-2A72-0305-2A73-ED23089FA58A
1771	FEFF2909-45A9-6084-1AA5-60C253F6F056
1772	1592 1512 31
1773	1624 1808 40
1774	CF9012FC-F632-11EE-9C9A-04ED334DD7C0
1775	mp_sd_spawn_attacker
1776	-416 -32 24.5
1777	1052 884 30
1778	91C8CB04-69F2-0144-D4FA-5808B1195672
1779	CF92AB33-F632-11EE-A425-04ED334DD7C0
1780	0 334.999 0
1781	1759 1336 31
1782	CF92F963-F632-11EE-ABF8-04ED334DD7C0
1783	CF8DA1DE-F632-11EE-B139-04ED334DD7C0
1784	vfx/jup/level/mp_jup_rust_alt_toon/vfx_rust_alt_toon_sparks_ch_01
1785	1768 1120 36
1786	CF945900-F632-11EE-BD65-04ED334DD7C0
1787	pf60033baf3363a338_auto12029751631181262858
1788	840 1844 31.091
1789	1712 1400 32
1790	CFB24387-F632-11EE-A77C-04ED334DD7C0
1791	a
1792	1555 1767 39
1793	CF90AF4A-F632-11EE-8678-04ED334DD7C0
1794	CF9431EB-F632-11EE-8EF3-04ED334DD7C0
1795	0 160 0
1796	077C015E-3B61-ABD1-99C4-1ECC0F0E6E95
1797	C8493C06-652D-AB4F-A0FA-8624EE5ECC92
1798	1700 1512 31
1799	mp_xfire_spawn_axis_start
1800	0 34.9999 0
1801	0 177 0
1802	CFC6BACE-F632-11EE-85CD-04ED334DD7C0
1803	0 54.9997 0
1804	pffece73f0e60d433f_auto2108
1805	EAAB8B5E-622E-6A1F-F5A3-8EBE0BF6E0E4
1806	1168C764-8C89-3CE5-4473-F4ABB4D336DF
1807	0 23.9984 0
1808	CFB1F561-F632-11EE-9154-04ED334DD7C0
1809	9E03EDC9-C462-917B-B88A-CA6672DBC0A5
1810	CF8BA5F5-F632-11EE-AE8A-04ED334DD7C0
1811	88338B0B-595C-65A8-917B-E5004B77A18F
1812	3AE69532-E6BA-72BE-64B1-2661CF8D583F
1813	CFB74CE6-F632-11EE-8B4E-04ED334DD7C0
1814	CF94CE37-F632-11EE-B421-04ED334DD7C0
1815	1760 1340 36
1816	base
1817	-432 600 22.9671
1818	jump_down_160
1819	1112 1368 20.6875
1820	4F63EC0E-4B1F-F30D-C04B-9697B121ABF0
1821	CFB1F563-F632-11EE-BA31-04ED334DD7C0
1822	vfx_rust_alt_toon_sand_falling_from_pipe
1823	09365AE5-86DA-6C3A-181A-38C78EF965B2
1824	-408 1416 36.5
1825	1566.97 1753.47 39.002
1826	1739 1123 39
1827	44 -188 24.5
1828	-432 604 38.8675
1829	227 -84 27
1830	1416 1056 32
1831	allies_endzone_vis
1832	vfx_rust_alt_toon_sparks_ch_01
1833	838 -44 36
1834	1598 -100 31.662
1835	pf2503a2be0a16b8bd_auto2108
1836	C84E41C1-CB8B-763E-D069-70F80001A156
1837	-344 64 23.0488
1838	CFC32147-F632-11EE-A91A-04ED334DD7C0
1839	CFB095C4-F632-11EE-A02D-04ED334DD7C0
1840	4C5AB375-2C7B-11EF-B885-E0D464379E0D
1841	1736 1076 55
1842	CF96F12B-F632-11EE-B1BC-04ED334DD7C0
1843	1641 1538 44.327
1844	CF96A30D-F632-11EE-9A30-04ED334DD7C0
1845	-153 269 32.9921
1846	F2EE157E-F859-6110-882A-AC4F82D8B2EE
1847	0 194.999 0
1848	8426ECDD-E707-87CE-377B-19A6B6D333B6
1849	901F2A02-436F-951E-2EBA-9BBC4E7A6770
1850	CF9395A5-F632-11EE-BC9F-04ED334DD7C0
1851	45A8EFE4-7932-3336-B2E2-EB7A4F5C7046
1852	1576 1400 32
1853	CFB1591B-F632-11EE-AE7A-04ED334DD7C0
1854	312 72 26.6147
1855	2F15F9D7-20F3-E4D6-37D0-447B24B3238B
1856	B9EB4C05-5624-1319-3DF0-FAF58F235D36
1857	2622ADF6-F52E-6350-96EA-F8AA7D76E29C
1858	CF9850D8-F632-11EE-9A68-04ED334DD7C0
1859	2429BA9F-4B14-ACF0-FF22-DAE49EE2B570
1860	CF92F961-F632-11EE-9C29-04ED334DD7C0
1861	74A9C1BE-F346-2D16-EE8D-0F3F44DA4DE0
1862	ED7A7E84-23AF-3FB9-72C9-61A43BC3E4B7
1863	1247 1810 24.8034
1864	A388DD28-AB11-F598-42E9-4F1222256992
1865	1176 1848 24.8834
1866	CF8AE29F-F632-11EE-A279-04ED334DD7C0
1867	98640350-FB93-5FF4-CDF0-F374F19E2ACA
1868	1024 -140 19.4866
1869	344 -168 30.5
1870	1412 828 36
1871	CF9431E6-F632-11EE-A751-04ED334DD7C0
1872	pf166837dc78e7ef26_auto2108
1873	7A712A5A-C586-F0E8-CF18-DC8D72C76890
1874	CFB2DFD0-F632-11EE-9751-04ED334DD7C0
1875	CFB291AC-F632-11EE-BB33-04ED334DD7C0
1876	BBBFC487-4D5E-2B20-F52F-5CBF7B21F89A
1877	CF962DD4-F632-11EE-8687-04ED334DD7C0
1878	5A24BCA0-A170-FC30-1943-57C4EBFFB1AE
1879	CFB5C62C-F632-11EE-916C-04ED334DD7C0
1880	pf8581ba17635b8622_auto716
1881	7E13B73B-9BEF-28A9-6077-AE15A629BFBE
1882	CF948010-F632-11EE-8761-04ED334DD7C0
1883	1ABC0278-622A-AE2B-F2DC-ED03B8BEA62C
1884	B0D581A5-FA34-294D-FE4D-9853F467EC9F
1885	pf2aad7351fc53b55e_auto2108
1886	1760 1268 31
1887	pfcb1ea1f5378d4613_auto2108
1888	1726.03 1373.19 34.25
1889	0 322 0
1890	1416 864 32
1891	1571 1639 39
1892	EF105136-416E-EE46-4CA5-90628E2A4970
1893	vfx/jup/level/mp_jup_rust_alt_toon/vfx_rust_alt_toon_granules_dust_falling
1894	1660 1828 32
1895	CFB46688-F632-11EE-BF44-04ED334DD7C0
1896	1204 -170 14.8798
1897	1712 1336 32
1898	pf5db446659e575632_auto2108
1899	0 299.999 0
1900	CF936E99-F632-11EE-8643-04ED334DD7C0
1901	CBCA3537-9181-96C6-9AF6-6AB9362B3D70
1902	48DEF6D8-B2AE-DEF6-EDC4-18214CB4B57F
1903	180 908 22.2112
1904	E8F1ED59-35F5-0E7C-4F6F-4ED9890D2E5B
1905	CFC20FC7-F632-11EE-8F22-04ED334DD7C0
1906	041ACFBF-E146-3BF4-4A98-6E7AAF73126A
1907	2B6276D7-C988-C21B-0116-73D1B65FCA13
1908	-312 19 40.5
1909	DC96A5AF-AEBA-F32B-45E6-84525943F4F7
1910	0 123.617 0
1911	423973CF-BBEC-B85A-5FFE-C4B8BB593E66
1912	CF93206B-F632-11EE-9BA5-04ED334DD7C0
1913	-468 -128 40.5
1914	BE4ADA83-83A7-A5AB-3FB1-6E20D0A26750
1915	C4D68545-D287-2037-7758-C785485B76C9
1916	0 164.999 0
1917	80696727-1547-D3F7-D03C-525C5B35797A
1918	-119.032 1713.86 34.8242
1919	734C3950-9DC4-4E14-3AC0-65F1E88FCF0E
1920	pf73a3ed66c390ebec_auto2108
1921	CF8FEBEC-F632-11EE-8CC4-04ED334DD7C0
1922	CFC2AC0B-F632-11EE-A5E9-04ED334DD7C0
1923	4762EE2E-898E-5B71-62AE-5EE26EE872A6
1924	pf60033baf3363a338_auto3127
1925	0 170 0
1926	09CA748E-0F67-EE9E-BEB2-EE24340484FF
1927	C766B50D-C5FE-2CAB-39E6-8E72E4AD05B4
1928	3BBB1405-2A34-F67B-86ED-0A3F34365828
1929	CFB095C1-F632-11EE-AEAB-04ED334DD7C0
1930	CFB6D7B1-F632-11EE-9835-04ED334DD7C0
1931	53276C97-DB86-1552-2A60-0E1F36EA08D7
1932	-160 -136 32
1933	84 52 36.0969
1934	mp_ctf_spawn_secondary
1935	CF94A725-F632-11EE-809B-04ED334DD7C0
1936	F2D8F693-7653-0EA2-4054-A7F84267BD63
1937	0 89.999 0
1938	CFB6D7B0-F632-11EE-B6DB-04ED334DD7C0
1939	2 3 5
1940	vfx/jup/level/mp_jup_rust_alt_toon/vfx_rust_alt_toon_blowing_sand_ground_stylized_02
1941	1760 1340 31
1942	519D216F-C4C8-B4AA-1DCC-1254D54FD4EC
1943	CF92D244-F632-11EE-97D4-04ED334DD7C0
1944	CF9395A3-F632-11EE-B9D2-04ED334DD7C0
1945	hardpoint_vis_03
1946	586 1849.5 48
1947	CFC40BB1-F632-11EE-84FC-04ED334DD7C0
1948	pf6f9682476276e31a_auto2108
1949	5C1C379F-5C5C-24E3-D6AC-B4157C0C7A95
1950	CF92AB32-F632-11EE-AFC8-04ED334DD7C0
1951	9D53870F-E6ED-4257-8C41-3F5F80C5F5EF
1952	pf16e9f9dfb32b2ad1_auto2108
1953	CF914B97-F632-11EE-B38F-04ED334DD7C0
1954	ECD9E5C2-4495-926E-A74E-78E605C5168E
1955	CFC34857-F632-11EE-9BEC-04ED334DD7C0
1956	-12 140 16.736
1957	CF10E601-37FE-622E-633D-F63F3491EFC2
1958	mp_warrior_spawn_team_three_start
1959	-160 -192 28.5
1960	D78C75AF-682B-4BEE-C768-2E4701492E2D
1961	0 181.996 0
1962	CFC2D31C-F632-11EE-BF34-04ED334DD7C0
1963	1767 1232 32
1964	1608 1312 31
1965	0 29.9984 0
1966	1739 1512 40
1967	AF217FD0-6985-A1FC-C0B2-9C5DE7FBF31A
1968	0 317.851 0
1969	1596.75 -96 40
1970	pf417cda72a88c4ece_auto715
1971	1530 14 32
1972	0 90.6145 0
1973	scriptable_electrical_distribution_cabinet_wall_base
1974	7B668EE0-B1E5-6F9E-6101-AF6802EBBA99
1975	112 -168 36
1976	7DEEF973-DF9E-72D1-B6F4-5FDA09800F26
1977	F32F5CE6-4B1A-A883-D8DF-94F6CF3F8C12
1978	CFC432C0-F632-11EE-8F0A-04ED334DD7C0
1979	1736 1384 40
1980	3DAB2159-2D69-5D2E-49F4-CE030D88C38C
1981	CF8CB763-F632-11EE-B57C-04ED334DD7C0
1982	1600 672 36
1983	-183.436 650.747 24
1984	0 318.599 0
1985	CFB773F9-F632-11EE-ADD9-04ED334DD7C0
1986	F8089D4F-4FF7-8BE3-82E3-979AC36D5145
1987	A52B60DD-FAE3-BAC0-7C15-ABDB29FD3CE9
1988	-320 188 17.1708
1989	CFB74CE9-F632-11EE-AF36-04ED334DD7C0
1990	CFB68988-F632-11EE-A9CD-04ED334DD7C0
1991	E194B128-5295-D2F1-93F1-B683EA7C17A4
1992	C15C043A-4554-F0A0-E91D-4D10577D4931
1993	CF8FEBEA-F632-11EE-BDD3-04ED334DD7C0
1994	280 -168 26.5
1995	CF976671-F632-11EE-B0C3-04ED334DD7C0
1996	F4AAAE29-833F-6C6F-F99E-3E9489D60CAD
1997	0 14.9999 0
1998	DEB0CA40-485E-F779-05BF-018C9FD7C3A9
1999	pf60033baf3363a338_2 pf60033baf3363a338_4 pf60033baf3363a338_5
2000	CFB74CE7-F632-11EE-9B29-04ED334DD7C0
2001	CF96A30C-F632-11EE-9634-04ED334DD7C0
2002	CF97DBA5-F632-11EE-B673-04ED334DD7C0
2003	CF8E1713-F632-11EE-BD89-04ED334DD7C0
2004	CF976676-F632-11EE-BEAE-04ED334DD7C0
2005	CFB0BCCE-F632-11EE-A5E6-04ED334DD7C0
2006	vfx_rust_alt_toon_light_03
2007	78ACD01A-F0F8-E3B4-844E-3CCE4A63B287
2008	1616 160 32.0517
2009	ED178C68-B49F-9573-D828-13BA4876A4F1
2010	0 180 0
2011	pff6470a06ba5692df_auto716
2012	pf14b26ef1faf3d11e_auto9
2013	mp_koth_spawn_axis_start
2014	3EC65316-9AB3-0C03-05DE-8BB030E6A452
2015	CF9877E8-F632-11EE-8833-04ED334DD7C0
2016	1348 1844 25.6939
2017	B3DCBFDA-88F0-FF6D-E79F-551786E48BFB
2018	vfx/jup/level/mp_jup_rust_alt_toon/vfx_rust_alt_toon_light_01
2019	pfa0028a9b0b27d857_auto2108
2020	CF8CB761-F632-11EE-8EB0-04ED334DD7C0
2021	1759 1440 31
2022	7AB6C3F9-FF82-C136-0A8D-3958C1F2DD21
2023	-96 208 31.2485
2024	C35CB11D-8130-C6FD-C947-A63804DB432B
2025	8785E340-2F75-E184-9005-CC16FE4F7CC2
2026	CFC66CB3-F632-11EE-818B-04ED334DD7C0
2027	vfx_rust_alt_toon_steam_03
2028	0 340 0
2029	mp_tdm_spawn
2030	auto_mp_jup_rust_alt_toon_cfx.map
2031	CF9829C6-F632-11EE-88EB-04ED334DD7C0
2032	-543.677 1656.85 36.1579
2033	CF96CA1B-F632-11EE-AEEE-04ED334DD7C0
2034	7B50E064-1EDC-DBCE-8B60-568A2D3E6BEB
2035	C39B0FDC-B524-BF52-5813-636E4B0DAB30
2036	99A76941-CA29-94F9-AEED-25BD9A7FFE35
2037	7BA2F5AE-7D83-B5C4-E887-A3A7BC8B6E55
2038	1BA3404F-70C1-2986-1728-78C12FA9769C
2039	CFB10AF5-F632-11EE-969C-04ED334DD7C0
2040	-8800 7360 0
2041	mp_robj_spawn_allies_start
2042	0 144 0
2043	5A705588-1D2D-A622-EB5C-FA8CDB1CB01F
2044	1
2045	-116.5 1803.5 13.385
2046	1540 1840 40
2047	1442 1406 36
2048	0 34.9997 0
2049	CF91729F-F632-11EE-BCA0-04ED334DD7C0
2050	1046 1842 28.8588
2051	1568 1640 27.9367
2052	-228.691 572.363 24
2053	CFC284FC-F632-11EE-A49B-04ED334DD7C0
2054	AF3B2FF8-3BC7-EB23-B5DC-06E435AB1861
2055	pf77ea12651add7fcf_auto2108
2056	3E8D4431-0BCC-2D0B-C937-31C098841AD3
2057	CF973F58-F632-11EE-8DA7-04ED334DD7C0
2058	pfdb1f3b3a26ca85a6_auto2108
2059	-347.032 1739.86 34.8242
2060	CFC2D31B-F632-11EE-99A0-04ED334DD7C0
2061	CF8DEFFD-F632-11EE-A310-04ED334DD7C0
2062	5F7BD029-3548-2CAF-5B66-DC4C482DDE7C
2063	BA652368-DAEA-7CC9-A832-664E121A753B
2064	CFB5ED3F-F632-11EE-A30E-04ED334DD7C0
2065	1506 935 24.8633
2066	2336F397-0F44-3B02-8823-DE494ED9687A
2067	FC7F483B-8E37-6F25-16F6-FC3DD6344286
2068	CFC20FC5-F632-11EE-8346-04ED334DD7C0
2069	B32AC7DD-D4AF-7F2B-406A-ABA876B1F275
2070	1754 1528 31
2071	pffb7776158db10d51_auto2108
2072	0E2FEC70-96DC-2255-BFEB-7EF3A460E77A
2073	232 724 32
2074	CFB529E5-F632-11EE-8190-04ED334DD7C0
2075	hardpoint_vis_02
2076	1534 8 26
2077	CFB0E3E5-F632-11EE-9FC6-04ED334DD7C0
2078	1666 1110 36
2079	CFB0E3E2-F632-11EE-80D1-04ED334DD7C0
2080	-233 1428.75 33.5
2081	D5789DB4-375A-2E7F-610B-0B1B32CA5CF1
2082	64CBADF8-70BA-DB1C-D11D-98FF9CB5957D
2083	C9510299-56B5-7FBE-EF65-43FE30821560
2084	355CA9CB-0CA0-E76B-7861-BFC95B614626
2085	0B4C03F5-308E-2F85-2AB2-0734AAEA05B3
2086	86CADAE4-9AE2-4AE1-B746-7B1BE9AC59EA
2087	0 59.9994 0
2088	CFB7C21B-F632-11EE-A7BE-04ED334DD7C0
2089	CF92AB34-F632-11EE-A608-04ED334DD7C0
2090	1700 1332 31
2091	76DB907F-678F-56DF-9D97-FAE482C4A44E
2092	-503.5 1664.5 32
2093	270 912 20
2094	0 346.002 0
2095	CF93206D-F632-11EE-ABB3-04ED334DD7C0
2096	CF951C59-F632-11EE-8049-04ED334DD7C0
2097	CF90AF44-F632-11EE-B55C-04ED334DD7C0
2098	-116 196 16.1315
2099	0 269.735 0
2100	758F8F4B-CBB4-26EE-FE52-0A6BA76860E9
2101	CF912482-F632-11EE-8FF1-04ED334DD7C0
2102	CF951C55-F632-11EE-971F-04ED334DD7C0
2103	120 -92 24.5
2104	CF976675-F632-11EE-BA64-04ED334DD7C0
2105	CF96F12C-F632-11EE-99CE-04ED334DD7C0
2106	-416 1174 32
2107	CF8F76B8-F632-11EE-BDAE-04ED334DD7C0
2108	1716 1396 31
2109	1616 160 32
2110	F5FCF388-8F6F-26BB-EAFE-C8E6EDE6CC28
2111	CF8F017C-F632-11EE-99AC-04ED334DD7C0
2112	CF8DA1E2-F632-11EE-AB1D-04ED334DD7C0
2113	veh8_mil_lnd_br_train_flatbed
2114	CF92D246-F632-11EE-8587-04ED334DD7C0
2115	844 482 20
2116	BB72A261-D6DA-2024-78EA-961AE1CB7BE7
2117	735CFF88-7066-F1C2-DC6B-8A97AC0C355E
2118	1696 1300.57 31
2119	jump_across_100
2120	CFB06EAA-F632-11EE-B3BE-04ED334DD7C0
2121	2F703A1F-CF52-E250-8C46-9954B6BC7806
2122	CF90FD6A-F632-11EE-B49D-04ED334DD7C0
2123	12685337-4D5B-0EBE-F100-DB385B9E4A82
2124	CFC1E8B1-F632-11EE-B810-04ED334DD7C0
2125	FE1227F1-3501-6E3D-822E-CA35A894DCCF
2126	1540 1844 36
2127	-116 1804 20
2128	960 1014 36
2129	-216.565 774.385 24
2130	BBFED95E-A13A-EDCB-A21F-FC52F21BB375
2131	mp_robj_spawn_secondary
2132	-296 312 15.4228
2133	CFB0E3E4-F632-11EE-9379-04ED334DD7C0
2134	CFB502D1-F632-11EE-9309-04ED334DD7C0
2135	CF8FC4D9-F632-11EE-BAE3-04ED334DD7C0
2136	CFB1CE52-F632-11EE-A620-04ED334DD7C0
2137	pf60033baf3363a338_2 pf60033baf3363a338_3 pf60033baf3363a338_4 pf60033baf3363a338_5
2138	CF8B09A4-F632-11EE-9460-04ED334DD7C0
2139	6E5CB780-E86D-6CEF-4236-F1FB62E912EC
2140	CFB6B099-F632-11EE-9BBB-04ED334DD7C0
2141	pff6470a06ba5692df_auto715
2142	12FE2A86-0123-B3D9-7932-5061ED503267
2143	CF94F546-F632-11EE-BD32-04ED334DD7C0
2144	CFB1F564-F632-11EE-A5C6-04ED334DD7C0
2145	CF9395A1-F632-11EE-A433-04ED334DD7C0
2146	-80 164 15.9962
2147	-124.5 1711 36
2148	0 4.99882 0
2149	CFC2AC09-F632-11EE-8ACA-04ED334DD7C0
2150	pfc1280981c1cdd6c5_auto2108
2151	CFC284FE-F632-11EE-99FC-04ED334DD7C0
2152	CFB2B8BF-F632-11EE-BCD6-04ED334DD7C0
2153	1684 1780 36
2154	vfx/jup/level/mp_jup_rust_alt_toon/vfx_rust_alt_toon_light_02
2155	12B43451-D665-64A1-4929-1ABC2D2B0D80
2156	700 972 71.371
2157	CFB291AA-F632-11EE-8461-04ED334DD7C0
2158	1431.64 -143.948 36
2159	1700 1272 31
2160	1759 1440 32
2161	CFB2DFD2-F632-11EE-981C-04ED334DD7C0
2162	CF8FEBED-F632-11EE-896D-04ED334DD7C0
2163	B6A6C4FA-A93A-039D-F5D5-CCE82E39286E
2164	A0D86E88-7FB4-6178-10A0-CD1C78E26E85
2165	pf55a5ca7f73fe84d1_auto715
2166	0 35 0
2167	A221A1FD-BC43-25C5-612A-6A8FE21E6991
2168	mp_tdm_spawn_axis_start
2169	F1B640B9-8F32-DB57-096D-CA8DCC23B4D1
2170	CF8DEFFA-F632-11EE-8849-04ED334DD7C0
2171	15B73C35-2DBB-E659-4CD3-10D75A14148B
2172	16883994-F0B0-EF16-C173-5BEB80FC603E
2173	467C60CF-1E82-ACB6-5B7C-9D3D4265C7FF
2174	7C965A2E-F2CE-F63E-9C43-541824BE64F9
2175	7AAA167A-E048-D7BD-AAB6-2577426CC5A3
2176	0 91.9987 0
2177	1760 1172.57 31
2178	02FBA796-3942-BAFC-4CD3-004E7EC1D957
2179	pf5fcf59c8c4aa3e28_auto715
2180	348 732 28
2181	066B5710-1025-686B-4D75-C2C1F732AB35
2182	-340 68 32
2183	CFB306E4-F632-11EE-840B-04ED334DD7C0
2184	CF91C0C1-F632-11EE-AA4E-04ED334DD7C0
2185	E68547AD-2A9B-923D-65FC-B6FFF06247F6
2186	0 288.999 0
2187	-413.278 500.05 32
2188	pfb8fbef6cec9841a1_auto2108
2189	0 179.998 0
2190	1624 646 40
2191	-468 -132 32
2192	D501E418-E1F4-2573-3763-C6FAECFE15CA
2193	pf9ea1f7581ccbfde8_auto2108
2194	CF95918E-F632-11EE-91B1-04ED334DD7C0
2195	-424 1128 33.282
2196	D865C614-CE1D-34FB-EBC6-4705E376E92C
2197	CFB43F7B-F632-11EE-95E1-04ED334DD7C0
2198	CF9654E9-F632-11EE-9D27-04ED334DD7C0
2199	472 -188 36.5
2200	contested
2201	CF94CE33-F632-11EE-A750-04ED334DD7C0
2202	CF9802B3-F632-11EE-9F45-04ED334DD7C0
2203	CFB3CA3E-F632-11EE-861B-04ED334DD7C0
2204	-261.82 696.002 24
2205	0E59E3B4-89F8-3B00-6C77-08E7052829D9
2206	1768 1156 31
2207	0 319.994 0
2208	pf4ed764b11141e832_auto2108
2209	0 92 0
2210	1760 1428.57 31
2211	9BE64681-7977-C231-BA03-77977CED208B
2212	1338 274 36
2213	84C100A5-D78D-959B-EF3E-781FD75C45B0
2214	CF8EB355-F632-11EE-9CBF-04ED334DD7C0
2215	AA1C459D-2925-07CB-CA8A-F39656EED090
2216	B3157B00-9FBF-BDFF-FE4C-221DE0E35BD7
2217	0 324 0
2218	CFB57809-F632-11EE-A44F-04ED334DD7C0
2219	1636 1512 31
2220	210 924 19.2441
2221	pfdf41ab7da7599714_auto2108
2222	1640 1336 32
2223	EEA908C7-E8DB-9222-CF8E-3FA4AC2FB40A
2224	1768 1232 36
2225	CFB26A97-F632-11EE-9EB9-04ED334DD7C0
2226	1348 1840 40
2227	CFC25DEA-F632-11EE-8077-04ED334DD7C0
2228	48 943 32
2229	8C1A7192-0A63-78C4-B357-7AC28F7BD789
2230	208 1221 32
2231	93F20379-106D-3182-AAE4-2307F35E0630
2232	pf3727ce81a360cbb6_auto2108
2233	CF914B93-F632-11EE-97C6-04ED334DD7C0
2234	-374.671 745.583 32
2235	E57BAFCD-D74C-45EC-C637-6D9EC20DB34A
2236	60 -84 24.5
2237	1 3
2238	pffdc1d2ea6b18f071_auto2108
2239	CFBEEE73-F632-11EE-BCF9-04ED334DD7C0
2240	0 0 0
2241	-320 188 32
2242	41F52116-6E7B-C510-5C12-A158EB1E660F
2243	1759 1336 32
2244	CFB6FEC1-F632-11EE-9F69-04ED334DD7C0
2245	93293C9B-52B5-A2C5-5984-46E889243B7E
2246	A57F5404-4F5E-08E1-A54A-13ACE0A253DC
2247	vfx/jup/level/mp_jup_rust_alt_toon/vfx_rust_alt_toon_sparks_ch_02
2248	1768 1120 31
2249	F4F668F0-2A08-537C-85A7-DFDBA1D4C922
2250	F32144A9-74A9-EA1D-5F57-95EC0470017D
2251	b
2252	801 1843 32.59
2253	0 165 0
2254	-472 -136 24.5
2255	CFB66270-F632-11EE-9845-04ED334DD7C0
2256	CF96A308-F632-11EE-AAD6-04ED334DD7C0
2257	-152 -14 32
2258	CFE76ED9-D697-DF18-97BA-0D25B03E08FF
2259	1096 1370 36
2260	-392 -192 30.5
2261	CFB306E8-F632-11EE-B076-04ED334DD7C0
2262	-16 -192 36
2263	-336 462 34
2264	185928A0-EBD7-75AE-072A-74AA3B668DAE
2265	7EC14442-2DF5-11EF-B885-E0D464379E0D
2266	CF94F549-F632-11EE-92F7-04ED334DD7C0
2267	1080 132 13.1615
2268	-344 324 17.6364
2269	CFB59F1B-F632-11EE-9A06-04ED334DD7C0
2270	1508 924 34
2271	-156 -12 32
2272	1502 1585 43.4396
2273	C5E40365-F070-12CE-F9BC-B4C17D90A103
2274	CF94CE2F-F632-11EE-AE75-04ED334DD7C0
2275	6023FCA6-D05D-92DC-096B-763AD97C66C0
2276	6327ED73-F4EB-113F-3650-F86B6D07E83D
2277	visible
2278	8811D066-2DF5-11EF-B885-E0D464379E0D
2279	CFB3F151-F632-11EE-A62F-04ED334DD7C0
2280	4C5AB372-2C7B-11EF-B885-E0D464379E0D
2281	jump_down_136
2282	-166.872 588.927 24
2283	CF9877EE-F632-11EE-8815-04ED334DD7C0
2284	CFB1A73F-F632-11EE-80BA-04ED334DD7C0
2285	CF90D654-F632-11EE-BD1B-04ED334DD7C0
2286	-172 -188 24.5
2287	36CF73AF-C827-7139-68CA-7842E671DC91
2288	1624 1800 40
2289	CFB79B0A-F632-11EE-88A7-04ED334DD7C0
2290	CF936E98-F632-11EE-AD20-04ED334DD7C0
2291	pf5aae8f14883d09a7_auto2108
2292	CF93E3C1-F632-11EE-862E-04ED334DD7C0
2293	CFC40BB0-F632-11EE-ACCE-04ED334DD7C0
2294	0 215 0
2295	CF8E1710-F632-11EE-B414-04ED334DD7C0
2296	CF95436A-F632-11EE-8E08-04ED334DD7C0
2297	CF9850DB-F632-11EE-85A5-04ED334DD7C0
2298	-251.561 672.159 16.8989
2299	EE32C2E2-4CC7-5DF4-F1F1-F44C621ED105
2300	B6C74FBB-2E09-50F2-8FEC-A59A08315CAB
2301	8C2C2096-4A5C-3F45-B716-36112DE5F429
2302	CF90D658-F632-11EE-958C-04ED334DD7C0
2303	1502.99 1755.04 39.002
2304	pfb00b89a544393fa2_auto2108
2305	2425311E-2DF6-11EF-B885-E0D464379E0D
2306	pf1291ff3ebd5ecd74_auto2108
2307	1608 1312 40
2308	1600 296 20
2309	840 480 28.1296
2310	CFB66273-F632-11EE-B69F-04ED334DD7C0
2311	1640 1272 32
2312	pf19ae27601fe6c986_auto716
2313	7C4E960F-00DB-0AB0-2801-66DED4822297
2314	CF936E96-F632-11EE-A2C2-04ED334DD7C0
2315	c2
2316	1688 1776 32
2317	-187.562 864.159 17.0552
2318	1 4
2319	2 5
2320	CF94CE30-F632-11EE-AD05-04ED334DD7C0
2321	CF8E3E2C-F632-11EE-B91D-04ED334DD7C0
2322	CFB41866-F632-11EE-9EAF-04ED334DD7C0
2323	CFB725D6-F632-11EE-A4FC-04ED334DD7C0
2324	189 -168 40.5
2325	mp_ctf_spawn_allies_start
2326	vfx_rust_alt_toon_blowing_sand_ground_stylized
2327	CFC34855-F632-11EE-A8E6-04ED334DD7C0
2328	2A661BC0-B438-D553-CC69-653CEDC9A729
2329	E4CCB859-5D13-2420-161B-DB54F53BB949
2330	pfc7097391792e6516_auto2108
2331	pf78e2a77605a159e0_auto716
2332	1484 1839 43.4396
2333	CFB725D1-F632-11EE-8DAF-04ED334DD7C0
2334	CFB10AF8-F632-11EE-B927-04ED334DD7C0
2335	4C5AB36F-2C7B-11EF-B885-E0D464379E0D
2336	CF93E3C2-F632-11EE-9B59-04ED334DD7C0
2337	3
2338	CFB5ED3C-F632-11EE-BD62-04ED334DD7C0
2339	23DE4440-1649-846B-4A7A-1FE8C7BDD40F
2340	1467 1787 39
2341	CFC32148-F632-11EE-B548-04ED334DD7C0
2342	CF94CE32-F632-11EE-993A-04ED334DD7C0
2343	0 262.733 0
2344	4957EC9E-63A2-F899-77F5-99B2837CB770
2345	-282.662 61.691 16
2346	-372 400 20
2347	pf740a2d6e0e40648_auto2108
2348	CFC34858-F632-11EE-956C-04ED334DD7C0
2349	1700 1396 31
2350	CF8E6532-F632-11EE-B8ED-04ED334DD7C0
2351	CF951C53-F632-11EE-8FA9-04ED334DD7C0
2352	vfx_rust_alt_toon_birds_circling
2353	CFB43F7D-F632-11EE-8CD5-04ED334DD7C0
2354	CF9395A4-F632-11EE-BEB2-04ED334DD7C0
2355	CFB4B4AF-F632-11EE-8DFE-04ED334DD7C0
2356	1207.52 -176.059 14
2357	CFB5ED3D-F632-11EE-95A8-04ED334DD7C0
2358	CF9012FA-F632-11EE-A15F-04ED334DD7C0
2359	CFB095C0-F632-11EE-B8E8-04ED334DD7C0
2360	E9B2CAA3-5656-1D9C-E5B2-4D7198DFDDBA
2361	67E84BBA-16FA-ED87-899F-61E1388A3D55
2362	CFC693B9-F632-11EE-B644-04ED334DD7C0
2363	52200FC4-4E0B-9B50-5854-67B178BA10BE
2364	CF9012FB-F632-11EE-A76B-04ED334DD7C0
2365	CC24A11A-D74A-8D4C-02AC-17D7D59CC298
2366	hardpoint_vis_04
2367	CF90D653-F632-11EE-8D07-04ED334DD7C0
2368	CF8E8C43-F632-11EE-ACE6-04ED334DD7C0
2369	1 3 4 5
2370	1580 1660 40
2371	CF96A309-F632-11EE-A83B-04ED334DD7C0
2372	mp_tdm_spawn_allies_start
2373	0 3.99961 0
2374	C0F4D63D-4FBC-9EA1-7397-A0CDD29701AF
2375	A040681A-8E14-E1E4-F619-7B500706E821
2376	CF9431E7-F632-11EE-800A-04ED334DD7C0
2377	CFB37C1A-F632-11EE-B9E5-04ED334DD7C0
2378	214E1D6F-0E0B-512B-4586-9E9C3C7515F0
2379	-252.887 -35.4363 16
2380	226786CC-169B-18E5-EB20-31396D77B1B9
2381	4112591F-A18B-957D-0FEA-8E49FC3319A9
2382	vfx_rust_alt_toon_wind_lines_ch_01
2383	380 918 22
2384	CFBEA04F-F632-11EE-8FFB-04ED334DD7C0
2385	112 -168 24.5
2386	1058 880 36.2754
2387	71AE372C-F05E-2F84-B707-1F10C8CF6ADC
2388	CF8FEBF0-F632-11EE-B050-04ED334DD7C0
2389	CFB61454-F632-11EE-B57B-04ED334DD7C0
2390	5AEDC88C-7D81-B44C-217B-81792996AE44
2391	CF8E170E-F632-11EE-8088-04ED334DD7C0
2392	860.771 -54.9896 22
2393	pf63cf89a0a263ec35_auto2108
2394	5FA2A0BF-D565-8428-AA51-59103DFE1A85
2395	925156C7-DEA5-315A-2015-65684135A4BC
2396	CFC1E8B2-F632-11EE-9E6E-04ED334DD7C0
2397	80144A3D-1BE5-D61C-4ED2-21BE5D978B7F
2398	CF95B89B-F632-11EE-9969-04ED334DD7C0
2399	35317DA3-1671-D4AA-ED67-8B4066B9DB1E
2400	0 50.9997 0
2401	CF8EDA66-F632-11EE-ABDE-04ED334DD7C0
2402	CFC693BC-F632-11EE-8772-04ED334DD7C0
2403	AEB1B377-A284-6078-3570-B6A954A4DA18
2404	CF967BFB-F632-11EE-8D95-04ED334DD7C0
2405	6FF15D3A-4A0B-9ED2-4BF6-55BA81FDFCCF
2406	1703 1188 40
2407	pf4e5d5a1bb0d27f15_auto2108
2408	vfx_rust_alt_toon_debris_blowing_dir
2409	AF71C16E-5AF8-3252-E7B7-6A41509C2142
2410	CF959190-F632-11EE-A6B8-04ED334DD7C0
2411	76613E4A-6F66-8729-3689-120F493F360B
2412	traversal_door
2413	1552 1516 43.4396
2414	1681E2A5-7B36-4559-A05E-77AB1C368389
2415	CFBEC763-F632-11EE-98C8-04ED334DD7C0
2416	CFC693BA-F632-11EE-ACFD-04ED334DD7C0
2417	0 269.994 0
2418	1744 1116 40
2419	-296 -192 30.5
2420	1611 1423 39
2421	EC511056-F499-0BDC-8EF6-B731FFF1699E
2422	128BD7BF-2DF6-11EF-B885-E0D464379E0D
2423	-296 1220 25.4852
2424	1052 632 20
2425	229 1787 38.8596
2426	CF973F5A-F632-11EE-B54B-04ED334DD7C0
2427	pf517cb3402891b302_auto2108
2428	6078AD22-6C84-7F57-82EE-5731AA2E64B4
2429	pf583936d6b97b44c7_auto2108
2430	CFBF3C99-F632-11EE-82FF-04ED334DD7C0
2431	CFB46687-F632-11EE-99CD-04ED334DD7C0
2432	CF96F12D-F632-11EE-A012-04ED334DD7C0
2433	730 376 18
2434	192 900 26
2435	CFB5780A-F632-11EE-B814-04ED334DD7C0
2436	4A2150C8-9146-5869-66A0-4B94E43C1D8A
2437	B6865B7C-25B8-AC17-518A-53E33C619C30
2438	EE50671C-88D5-6750-584F-28D03A247C29
2439	-405.681 -96.9996 16
2440	CFC2AC0A-F632-11EE-B25C-04ED334DD7C0
2441	55895216-335E-B760-5356-C9B4E5822B97
2442	F7D35835-E724-D9F3-CC3E-8D41268AE6F9
2443	58FE95A1-3B7E-3812-D637-C2D37D9134C9
2444	7AA3A089-C7D9-A1E4-C1CC-C97D6ADA35FF
2445	27D3CC42-9A31-EADE-B103-3DC9F523B0B7
2446	677526E4-D5FE-79C4-BAA4-638E9362C560
2447	370 924 16.7048
2448	20A723AB-C683-2949-8784-3316E8AEFD4B
2449	CF8EB354-F632-11EE-A6E7-04ED334DD7C0
2450	-160 -188 32
2451	EF925DEC-86C2-4652-CAE5-320EAD0BE060
2452	CF8DC8E8-F632-11EE-AA6D-04ED334DD7C0
2453	4B81B1CE-845A-30EF-6568-2D95590E6EDD
2454	094E1625-DE8C-261F-1E21-953504DA6404
2455	pfaac9754572ac387d_auto715
2456	958F76D7-F3A5-C59B-513A-FF3EBBA9E98E
2457	1238 752 36
2458	CF8FEBEB-F632-11EE-9313-04ED334DD7C0
2459	0 210 0
2460	279D377C-1E25-2ED8-8A27-6E9B5D68E6F1
2461	CFB6B09A-F632-11EE-A21B-04ED334DD7C0
2462	9E5AA2EB-EBB3-7792-0D67-C4AAB89EFA16
2463	1751 1288 40
2464	130C6A5B-3F06-58F4-ECC0-6224954B83D2
2465	mp_ctf_spawn
2466	CF9431E9-F632-11EE-9B0F-04ED334DD7C0
2467	0F98D878-213D-F8B1-AED3-047A2F71CBAA
2468	CF9431ED-F632-11EE-AECA-04ED334DD7C0
2469	0 225 0
2470	CF95436C-F632-11EE-8D1A-04ED334DD7C0
2471	CFB4DBBF-F632-11EE-AF85-04ED334DD7C0
2472	9ACCFE77-42B0-0F0D-E12B-EEAFDE28F8B0
2473	554B0DE4-F52F-8433-F034-CD815697BBCF
2474	0 44.9994 0
2475	pfb0fc9b234cfa06d9_auto2108
2476	vfx_rust_alt_toon_tumbleweed_01
2477	516C8748-92C5-11A4-A4C1-898F1C76219B
2478	pf20dedeea1b69878c_auto2108
2479	D30F1C72-3B16-ABCD-81AE-6DEF45A543B3
2480	AC1F1C86-0133-E035-3D8A-7B6A954CA488
2481	CFB1F562-F632-11EE-9432-04ED334DD7C0
2482	8CD4AB59-048C-8980-7084-2EA1FEDFF868
2483	124 -164 34.5
2484	07B5DA8C-6C50-364D-70D4-BD927ED722A6
2485	1540 1844 28.5007
2486	ADA986B8-B9CE-35A9-F548-17884B40C6C6
2487	CF93206E-F632-11EE-A40F-04ED334DD7C0
2488	844 488 35.7905
2489	CFB529E3-F632-11EE-9926-04ED334DD7C0
2490	vfx/jup/level/mp_jup_rust_alt_toon/vfx_rust_alt_toon_sparks_ch_03
2491	E06B61F1-9C7D-F9A8-B5F2-79EAD68095AA
2492	mp_dom_spawn_axis_start
2493	CF8E3E28-F632-11EE-88F9-04ED334DD7C0
2494	c
2495	718 688 18
2496	1506 894 20
2497	CFB2DFD1-F632-11EE-977B-04ED334DD7C0
2498	E35AE966-4F14-5A82-443B-025CAFACE6F1
2499	-325 188 27
2500	0 34.9995 0
2501	79351631-6017-DF18-A541-0C50264F896E
2502	vfx/jup/level/mp_jup_rust_alt_toon/vfx_rust_alt_toon_tumbleweed_01
2503	87C80D6C-01D8-B3C4-8239-750E44AFA433
2504	pfc44d86895f53d548_auto2108
2505	CF9654E2-F632-11EE-967C-04ED334DD7C0
2506	E7E8635E-B9CE-A783-4706-9AC630CE709F
2507	mp_rescue_spawn_attacker
2508	CFB59F1A-F632-11EE-97D8-04ED334DD7C0
2509	B5C62D06-24EF-5892-B8A1-163561BD1D78
2510	430 236 21.9391
2511	CFC36F67-F632-11EE-8120-04ED334DD7C0
2512	CFB5C62F-F632-11EE-8253-04ED334DD7C0
2513	vfx/jup/level/mp_jup_rust_alt_toon/vfx_rust_alt_toon_steam_01
2514	1724.22 1314.82 34.25
2515	CF90D65B-F632-11EE-8961-04ED334DD7C0
2516	2 4 5
2517	pf4c2f782097ed1551_auto716
2518	0.868902
2519	CF9829C8-F632-11EE-937D-04ED334DD7C0
2520	-187.561 928.158 20.3156
2521	27328DD6-C128-B555-01A1-71112972B9CC
2522	CF9654E3-F632-11EE-BEA2-04ED334DD7C0
2523	CFB46689-F632-11EE-AE25-04ED334DD7C0
2524	97D061B4-983F-8E50-EA58-22B3D66ABD09
2525	-392 1800 32
2526	pf71e037d2c42ac093_auto2108
2527	F1D40E7D-2B00-EC31-9FD5-32C3016D9939
2528	CF967BFE-F632-11EE-A4BB-04ED334DD7C0
2529	CF8DEFF8-F632-11EE-97F9-04ED334DD7C0
2530	pf38bb05ae9c2c3574_auto2108
2531	C75EE787-1C92-0D49-0BBB-BBC31B8238C5
2532	0 271.999 0
2533	B614D8EB-CBE4-6BEF-C87D-5F22EFB887BA
2534	CFC2FA2E-F632-11EE-8C51-04ED334DD7C0
2535	CFB3F152-F632-11EE-AF24-04ED334DD7C0
2536	1237.52 -142.059 14
2537	5C049F87-884C-E356-32E3-076AE9957BA8
2538	1598.25 -95 37.253
2539	CF9802B2-F632-11EE-B46A-04ED334DD7C0
2540	pf19ae27601fe6c986_auto715
2541	CFC2FA30-F632-11EE-9BD3-04ED334DD7C0
2542	CF8E652F-F632-11EE-8D67-04ED334DD7C0
2543	c1
2544	CFC480DF-F632-11EE-85DE-04ED334DD7C0
2545	1688 1776 31
2546	376 -168 36.5
2547	CFB1802A-F632-11EE-87E3-04ED334DD7C0
2548	CF934778-F632-11EE-86AF-04ED334DD7C0
2549	1712 1472 32
2550	584 1844 43.0678
2551	239C1880-B62B-C461-C193-17E09D533BE2
2552	789D994A-D2C8-99FF-BF6A-AC08E0719CB8
2553	EA264CF8-90B1-DB9A-81D6-4AA6B3C17488
2554	4710053C-0611-BBA7-160C-13F97F977F46
2555	pf78e2a77605a159e0_auto715
2556	CFBE793D-F632-11EE-8F8C-04ED334DD7C0
2557	24D50F8C-6E1C-162A-CEC0-F57E71613E80
2558	A62BDF57-71C2-2F3A-DB56-EA6ECE1F7954
2559	6DDC3B01-8610-C5D7-8560-DB3D82E6B929
2560	419EF40F-D04C-1A5B-E340-1171319F6C21
2561	CFBF1586-F632-11EE-A1EF-04ED334DD7C0
2562	CF8F2892-F632-11EE-BDA9-04ED334DD7C0
2563	CFB79B0C-F632-11EE-972F-04ED334DD7C0
2564	CF9802B5-F632-11EE-9590-04ED334DD7C0
2565	E3B43BC6-BD18-1195-6E7B-480F0B53D24A
2566	CF9BD37F-F632-11EE-AB47-04ED334DD7C0
2567	A763819B-97BA-8F23-C3EE-65850FB7E7F0
2568	mp_warrior_spawn_allies_start_ds
2569	CF95918A-F632-11EE-A1A1-04ED334DD7C0
2570	3884099D-C45E-BB55-C6D5-2C2475A2141F
2571	8EECA034-C619-4A6C-09E7-E1D2B37C6712
2572	CF90D656-F632-11EE-B33A-04ED334DD7C0
2573	816 1850 36
2574	EB7F01A4-B8D3-1B77-CF40-152B1AE47FAD
2575	5C3A48A9-90B0-D57F-7811-64C19557D75B
2576	CF9802B4-F632-11EE-B390-04ED334DD7C0
2577	1024 -144 16
2578	CF8EDA67-F632-11EE-9EC7-04ED334DD7C0
2579	CFB1591C-F632-11EE-8E54-04ED334DD7C0
2580	28CD1240-907D-E4CF-DC91-CBBCC5EAE65C
2581	CFB529E1-F632-11EE-BF94-04ED334DD7C0
2582	pf19815c946bf3561b_auto2108
2583	212 -164 32
2584	-176.49 -4.65472 16
2585	vfx_rust_alt_toon_sparks_ch_02
2586	21ED3942-F797-BEC9-C67A-3AE26958A665
2587	F8F78058-2FFC-D4A0-0F2E-957F40451CFC
2588	vfx_rust_alt_toon_smoke_fire_column
2589	CF90D657-F632-11EE-90C4-04ED334DD7C0
2590	164 -180 24.5
2591	1E4690A7-290D-D294-F885-F64C311D1CEA
2592	1499 1707 39
2593	1496 901 30.788
2594	B4922E90-6FB7-7EEC-9B48-E11C1C7365EE
2595	1452 1508 22
2596	16204D22-62E6-2171-FBC9-09D8F1DAA93A
2597	CFB529E2-F632-11EE-899F-04ED334DD7C0
2598	7C8AFD07-28C4-DA3C-1827-7A722BB761DE
2599	FB5BB55A-F2D8-9528-9C62-7880004A6D37
2600	1600 296 24
2601	346C8DD0-CBA1-22F1-F31C-F3BEB66ADAB1
2602	mp_arena_spawn_allies_start
2603	pf80eec2ad0f98f1f2_auto2108
2604	263EFFA8-A65F-B8D7-45C4-354DE81CF2D2
2605	CF8B7ED0-F632-11EE-BAE8-04ED334DD7C0
2606	0 327.999 0
2607	-280.5 1802 15.0851
2608	default
2609	-200.001 712.566 24
2610	CF908838-F632-11EE-8F75-04ED334DD7C0
2611	582.5 864 58.219
2612	5DA82F74-E0C9-C931-B785-DE752FADDF6C
2613	CFB3F153-F632-11EE-89C4-04ED334DD7C0
2614	CF8E6531-F632-11EE-9BF1-04ED334DD7C0
2615	pf7233ce7beaa2eac8_auto2108
2616	882 1352 27.6858
2617	pfd0c9616991a3448d_auto2108
2618	852 678 104
2619	-340 104 19.6093
2620	CF93E3C4-F632-11EE-9FF6-04ED334DD7C0
2621	1747 1487 39
2622	pf1c1dbf961acafe7b_auto715
2623	3F817E35-CB73-D2EC-EBA0-C61550D3C5E4
2624	-516.462 1685.74 32.3201
2625	6A27F929-D8BE-2097-56E5-136786667E0F
2626	7A251232-8B52-AC03-C4CE-F3145E5D90C6
2627	332 722 22
2628	D364001A-6E6E-4939-EC3E-37558EFF3A15
2629	1600 672 32
2630	1368 1056 32
2631	6C8048BC-1D75-D0C7-B2C9-CC4537423C98
2632	-512 1796 23.9801
2633	CFB6898C-F632-11EE-97FD-04ED334DD7C0
2634	0 14.9979 0
2635	0B6EF6F3-CB18-0C25-B684-8E7D38FF40E5
2636	5D19444E-8539-69BD-1622-D0039E6D6CEA
2637	1593 1616 47.851
2638	scriptable_hardpoint_chevron_secure_01
2639	7D68B9A3-7DC2-0FF7-09CE-12061A083582
2640	CF936E9D-F632-11EE-A164-04ED334DD7C0
2641	30F18F8C-DB88-FFCF-129A-F8A16F82E3E1
2642	-8608 7360 0
2643	0 186 0
2644	CF90D659-F632-11EE-A150-04ED334DD7C0
2645	0 47.9999 0
2646	pf7bd67cb95489c359_auto2108
2647	9BA9C8C0-415C-504E-4E26-5F8AE6BD61DF
2648	1140 879 29.6336
2649	751756DD-B97C-5C9D-B635-0B693CBEEA11
2650	0 258 0
2651	362D86CF-2DF6-11EF-B885-E0D464379E0D
2652	1764 1396 31
2653	1335 1528 15.5514
2654	CFB0E3E6-F632-11EE-9792-04ED334DD7C0
2655	CFB26A96-F632-11EE-832E-04ED334DD7C0
2656	208 -168 32
2657	1389 1833 43.4396
2658	2E8D792B-A1C4-23CC-B70E-E17842F86EB2
2659	0 300 0
2660	54856BDA-F952-C11D-7C0D-F45FA7241955
2661	AB3F39AB-650C-8A3F-F6DB-BFA530C39C07
2662	CFB32DFA-F632-11EE-9A44-04ED334DD7C0
2663	A0C8297A-E4D9-B6E3-16E5-EC7263F652FB
2664	CFB32DF8-F632-11EE-B2E4-04ED334DD7C0
2665	1600 672 29.7485
2666	pf8662e702a4048bc8_auto2108
2667	pf29f43b009426917e_auto716
2668	0 180.999 0
2669	CF8EB352-F632-11EE-AD54-04ED334DD7C0
2670	CFB68989-F632-11EE-AE4A-04ED334DD7C0
2671	pff2b9d639f6917d2_auto716
2672	6803CC3C-F653-A28E-9119-B41189B5E9FC
2673	76999157-AF02-4364-59F0-10DCD9C8A060
2674	CB9610BE-198F-B224-DFD3-CAE471C84937
2675	scriptable_lighting_fixtures_security_lamp_withcage_01
2676	472 -164 38
2677	CFC432BF-F632-11EE-8933-04ED334DD7C0
2678	CFB63B78-F632-11EE-9280-04ED334DD7C0
2679	CFB7C21C-F632-11EE-8E7C-04ED334DD7C0
2680	-284 1484 28.2635
2681	1616 160 36
2682	CF903A0E-F632-11EE-ADBB-04ED334DD7C0
2683	0 317.221 0
2684	1748 1536 36
2685	1132 528 23.5
2686	0EE1AC9F-AEF1-FC74-C97F-280D056A7054
2687	0C88FF03-6026-B2E9-4996-9021AC69A6A7
2688	CFB24386-F632-11EE-A72B-04ED334DD7C0
2689	CF95DFB6-F632-11EE-92B6-04ED334DD7C0
2690	1A9B4FAC-3F4D-571D-192C-96FC0787E465
2691	1539 -90 40
2692	1760 1540 31
2693	171.5 1501.5 44.8345
2694	CF956A7E-F632-11EE-A344-04ED334DD7C0
2695	CF9431EC-F632-11EE-82BD-04ED334DD7C0
2696	CFB773FA-F632-11EE-B5C1-04ED334DD7C0
2697	CF93BCB8-F632-11EE-B0CC-04ED334DD7C0
2698	652AC3CC-4EBD-1377-20B6-2CCC7B5DF7E6
2699	4C5AB36C-2C7B-11EF-B885-E0D464379E0D
2700	pf1c6cf4b144327f7d_auto2108
2701	0.831309
2702	355 -172 31
2703	1416 816 32
2704	204 550 22
2705	024845F6-D4D0-3D02-B363-9460CE2EA717
2706	55779570-9944-A062-AA0F-5145C3C51A4A
2707	CF92D241-F632-11EE-93C6-04ED334DD7C0
2708	5F7C2D9B-2981-151C-520A-F2C8D4216CE6
2709	vfx/jup/level/mp_jup_rust_alt_toon/vfx_rust_alt_toon_may_cloth_sm_01
2710	CFC28500-F632-11EE-826E-04ED334DD7C0
2711	pfb16262441db88702_auto2108
2712	vfx_rust_alt_toon_light_04
2713	37A2BF64-EEAA-CB7B-1E21-2B1CD1ADDBE9
2714	01C2A05E-EA02-8C47-A5B4-F945ADBB2075
2715	1076 888 29.7992
2716	BC9F59F8-A19E-2930-481A-312CF48B6BE2
2717	CF8E1711-F632-11EE-9764-04ED334DD7C0
2718	88AC51FE-5B0D-3EBE-93A1-DCF5449964F5
2719	CFB3550A-F632-11EE-8F7F-04ED334DD7C0
2720	CF989EFC-F632-11EE-96BB-04ED334DD7C0
2721	586 1849.5 44.1315
2722	0 242 0
2723	B13A99CE-32D6-5237-BCB7-B2F8604287BF
2724	CF8FC4DA-F632-11EE-8FAF-04ED334DD7C0
2725	F8F4BA7B-4563-EF2B-3E29-3570F6A23B52
2726	0 336.761 0
2727	CFC19A92-F632-11EE-9388-04ED334DD7C0
2728	CF8E3E2B-F632-11EE-94A4-04ED334DD7C0
2729	CF8E1714-F632-11EE-BBF1-04ED334DD7C0
2730	CFC459D2-F632-11EE-9DB3-04ED334DD7C0
2731	pf6e00deadb63b095e_auto2108
2732	pfaac9754572ac387d_auto716
2733	pfc90931e27e3f0352_auto2108
2734	8CBBD4B2-90F4-3270-07B2-FEB9E830DE31
2735	1442 1398 22
2736	D87D6EC6-45F1-A4EB-42FD-854186023642
2737	-356.992 1167.87 34
2738	CF989EFB-F632-11EE-865A-04ED334DD7C0
2739	1600 296 19.9807
2740	0 235 0
2741	-112 1221 32
2742	jump_down_40
2743	jump_down_80
2744	0CF1AF72-44CF-A4EB-6EE1-350E237CF4FD
2745	66.6645 -96.5579 32
2746	pf9bf01b833dc27396_auto716
2747	CFB4DBC0-F632-11EE-8E23-04ED334DD7C0
2748	828 1850 32.0368
2749	CFC2D31E-F632-11EE-94AA-04ED334DD7C0
2750	-392 1364 33.2867
2751	-174 -184 26.5
2752	31A29063-4BAA-8DD2-B0D2-BEEDB2B7A179
2753	CFC693BB-F632-11EE-B866-04ED334DD7C0
2754	CF989EFE-F632-11EE-A70E-04ED334DD7C0
2755	9B5FC8B5-F3A0-31C7-3EB2-92B5A9A87FBF
2756	430 692 14.1488
2757	FB57632A-5B7B-685A-B2AE-A6E4EC8DD2F4
2758	0842B921-BE5B-AB4B-D086-0AEA24A59B32
2759	1102 -152 20.4825
2760	vfx_rust_alt_toon_blowing_sand_ground_stylized_02
2761	CFB0BCD1-F632-11EE-8B65-04ED334DD7C0
2762	CFC6BACC-F632-11EE-99C6-04ED334DD7C0
2763	767EA6C7-DB9A-F420-6C6C-3F353C8CD4D0
2764	440 1844 58.5878
2765	CF973F59-F632-11EE-9BDA-04ED334DD7C0
2766	24253119-2DF6-11EF-B885-E0D464379E0D
2767	440 940 36
2768	3D083810-DF50-FD19-7AEB-2B6535CDA11F
2769	CF93206C-F632-11EE-A351-04ED334DD7C0
2770	1ACA3EA2-AC79-7294-9821-86C8CAA5FFC7
2771	1048 1844 40
2772	0 103.378 0
2773	588 1848 44
2774	CF95918B-F632-11EE-A530-04ED334DD7C0
2775	E3E1D9F8-8668-F863-C3DA-F845F010EF86
2776	1465.84 -205.61 39.658
2777	353CCB9F-6289-79D2-E49E-142102C052C3
2778	0 318.598 0
2779	E0388F7E-4D45-4BBE-46E0-0B66F2CD308C
2780	79 52 27
2781	FE435F6F-308A-1D49-9499-0454CB169057
2782	0 89.9978 0
2783	CF8D53AD-F632-11EE-BA32-04ED334DD7C0
2784	1090 902 36
2785	vfx_rust_alt_toon_may_cloth_sm_01
2786	-104 248 18.1529
2787	1014.06 -186.48 40.8857
2788	0 105 0
2789	pf2955376ef8b4c7fa_auto2108
2790	CFB48D9A-F632-11EE-B072-04ED334DD7C0
2791	F4A904B3-63F9-5B67-5691-DB62F5F3E5A9
2792	CFB1A73E-F632-11EE-A8DC-04ED334DD7C0
2793	FEBBB730-61E7-917E-4A15-D850D7E12803
2794	7F6442E5-7D26-4A06-4CD7-E7715DC39A0F
2795	-432 600 20
2796	F5A274F0-D526-0B76-6293-0C659E0F77AD
2797	CF914B98-F632-11EE-BE3B-04ED334DD7C0
2798	DB9431ED-3ADA-7EAA-6DC4-6EDDD5B6E64C
2799	1588 726 48.0843
2800	CF97B48D-F632-11EE-ADB8-04ED334DD7C0
2801	pf794459ad55187a83_auto2108
2802	EC7EAB74-9E62-AEA1-8DF2-98201BEB9B64
2803	CFB37C1B-F632-11EE-8FE0-04ED334DD7C0
2804	1406 450 21.5026
2805	6829A57E-76A1-65D2-D1BD-9DACFD22C516
2806	0335CC26-2265-5745-8A54-FFD6EA664FF9
2807	1358 1534 26
2808	0 139.999 0
2809	438 1842 66.646
2810	vfx/jup/level/mp_jup_rust_alt_toon/vfx_rust_alt_toon_light_04
2811	pf44e4926954c91e32_auto2108
2812	A2DE9762-BC8E-944C-CD8B-D9D50187E3FC
2813	1450 1294 22
2814	1047 1844 29.4895
2815	CF8EB351-F632-11EE-9C85-04ED334DD7C0
2816	CF8E8C3F-F632-11EE-82D6-04ED334DD7C0
2817	F6CF1454-3A9E-DAB0-7BB5-5CC8773011AA
2818	358.801 270.162 0.3273
2819	1760 1440 36
2820	CF8BF40D-F632-11EE-ADF0-04ED334DD7C0
2821	0 44.9997 0
2822	BB607286-3781-B70F-4AFD-AD5C695898FD
2823	E3676771-E57B-5C17-9E13-ED748170261B
2824	ADF4D5A2-0033-C913-6B3A-4E92581E678A
2825	1728 1296 40
2826	-296 -152 40.5
2827	chevron_0
2828	AF61081A-5426-5CCC-9B8C-1548108C0C9E
2829	prefabs/createfx/mp_jup_rust_alt_toon_cfx.map
2830	pf1c1dbf961acafe7b_auto716
2831	1026 -148 16.5698
2832	A26251BD-8770-ED75-4219-7A2BD94BDDD9
2833	CFB63B79-F632-11EE-BD24-04ED334DD7C0
2834	8F957261-3521-F61F-55E7-4379FBCA69E5
2835	88E185AA-775B-7FA2-95D6-612018CEA6EB
2836	1394 -180 27.3652
2837	1743 1488 31
2838	1743 1488 40
2839	CF903A0B-F632-11EE-A85B-04ED334DD7C0
2840	CF8FC4DC-F632-11EE-81A3-04ED334DD7C0
2841	CF8F017D-F632-11EE-A95F-04ED334DD7C0
2842	0 209.999 0
2843	4C6347B0-6146-C040-ECC7-E0AD68FA0A89
2844	mp_control_spawn_defender_start
2845	-248 -60 19.6093
2846	CFB3CA3D-F632-11EE-A6FB-04ED334DD7C0
2847	406ADAAD-C98B-8ECB-056E-7C6E44D6DDFD
2848	0 87.999 0
2849	8FA59887-8DE5-F3D8-4765-BE65B2926EDC
2850	CFC236D8-F632-11EE-846A-04ED334DD7C0
2851	CFB3A32D-F632-11EE-B2C5-04ED334DD7C0
2852	CF8E6530-F632-11EE-A133-04ED334DD7C0
2853	CF951C58-F632-11EE-8664-04ED334DD7C0
2854	8649665F-273B-FBE4-B9B6-F408C700D3B5
2855	-16 -192 24.5
2856	0F3CE2F3-9CE0-7931-E30B-D44FFF95322F
2857	EC721E66-E371-430D-4F33-87212B4F5CD6
2858	allies
2859	-251.561 800.159 20.5652
2860	CFB3CA40-F632-11EE-8AED-04ED334DD7C0
2861	CF8DC8EA-F632-11EE-93EA-04ED334DD7C0
2862	52 1808 24
2863	mp_rugby_spawn_axis_start
2864	0 3.99933 0
2865	592 1354 27.3436
2866	1368 816 32
2867	mp_koth_spawn_allies_start
2868	FCF66C53-5D7E-DBFB-B545-2361685712FF
2869	482E3528-EA02-61E3-B697-43C0BCE63AAE
2870	584 -184 38
2871	584 -184 36
2872	40A07C09-FA43-C0F3-A468-310A7BB71971
2873	EDE4EED7-9C8C-80C8-EA95-F0DF9727D8AC
2874	4FE7EC3A-A1A4-9F5C-6108-C91A3117BFC8
2875	CFB35507-F632-11EE-93A4-04ED334DD7C0
2876	19F0FDAC-F471-D5E5-23C8-2DB582E7F341
2877	969E2349-7A9C-A092-A4AB-642B498B266B
2878	-392 -188 32
2879	CFB06EAB-F632-11EE-AD7A-04ED334DD7C0
2880	CFBEC765-F632-11EE-8BC4-04ED334DD7C0
2881	572 -176 38
2882	lighting_fixtures_security_lamp_withcage_01
2883	CFC236D7-F632-11EE-B32E-04ED334DD7C0
2884	-424 728 21.6788
2885	0 90.9996 0
2886	CFB10AF7-F632-11EE-BEF1-04ED334DD7C0
2887	2D88B74A-EC46-A616-4ADF-9585778531ED
2888	CF9012FD-F632-11EE-A370-04ED334DD7C0
2889	F28E71AE-022A-DBAC-A846-787DC26E79E6
2890	CFC6BAD0-F632-11EE-A5E6-04ED334DD7C0
2891	CF8D7AC9-F632-11EE-ACDC-04ED334DD7C0
2892	A9C0E4E8-740C-B0DC-228E-165206288937
2893	EFE686E0-0150-920E-38DC-CEB7FA8EB55B
2894	B5C38894-9873-8EE4-2357-F6BF60EDDA44
2895	584 822 61
2896	0 4.99954 0
2897	pf29f43b009426917e_auto715
