type,name
xmodelsurfs,#hash_5156ce97d99dcb69
xmodelsurfs,#hash_1159801eace1c2b4
xmodelsurfs,#hash_60cd316d07b33e20
xmodelsurfs,#hash_cfdec836d1904
xmodelsurfs,#hash_5d559ffc16a1fc26
proceduralbones,#hash_83777a465a711dd4
dynamicbones,#hash_f1a4f799bf51d950
material,#hash_9214fd5facc05600
material,#hash_ef6d405525da354e
material,#hash_bb032333a2edca6d
material,#hash_90b097105d9060f6
material,#hash_ca66a20af57b3b93
material,#hash_e10bb698bafb8328
material,#gun_sling
material,#hash_a28c60d21f8f7032
material,#hash_ef569d59113f3182
material,#hash_b89a3bd4220ffb46
material,#hash_ec029fa6c4c11d51
material,#hash_f1aee43796426d83
material,#hash_f1aee23796426a1d
material,#price_holster_black
material,#hash_9b7013d69ee411a7
material,#hash_8c70e59833bbdba8
material,#hash_82b92013bf234447
material,#parts_radio_small
material,#hash_a71ca8e0b6ec55c3
material,#buckle_master_urban
material,#hash_a3641abfdba040b7
material,#hash_e067b3c1800c9ec2
material,#hash_a1a773e266f61e5a
material,#hash_df124b9d0c92bc43
material,#hash_dfff39c402298193
material,#gun_sling_buckle
material,#hash_ab32f32bdafd313b
material,#lambert1
material,#hash_9ede4fea46e7f138
xmodelsurfs,#hash_d27cf0ca3585d42a
xmodelsurfs,#hash_993bf77bf182a0e5
ragdollasset,#hash_caa54af9af28de9b
xmodel,#body_mp_stiletto_iw9_3_1