type,name
xmodelsurfs,#hash_b0c39d8e9e4d8cc5
gfxumbratome,#hash_bd9b229e458f2bbc
streaminginfo,#mp_observe_gw_-69_-20_1_3_tr