type,name
xmodelsurfs,#ee_pipe_03_256_lod0_auto1-100-ts1-abrbe9e32ae-al7bb874a0n40bf800000
xmodelsurfs,#ee_pipe_05_merged_02_lod0_auto3-100-ts1-abrbe9e32ae-ale9e38f74n40bf800000
xmodelsurfs,#ee_plumbing_pipe_insolation_a_regular_32x128_lod0_auto4-100-ts1-abrbe9e32ae-al7687e9cn810bf800000
xmodelsurfs,#ee_plumbing_rusted_gas_pipe_a_16in_04_lod0-100-ts1-abrbe9e32aen41bf800000
xmodelsurfs,#ee_plumbing_sewer_pipe_short_lod0_auto3-100-ts1-abrbe9e32ae-al4599d763n40bf800000
xmodelsurfs,#electrical_rack_cable_128_a_lod0_auto5-100-ts1-abrbe9e32ae-ale29d45fen40bf800000
xmodelsurfs,#machinery_chimney_metal_ship_huge_mp_lod0_auto5-100-ts1-abrbe9e32ae-ala4ed7c1bn40bf800000
xmodelsurfs,#machinery_chimney_metal_ship_huge_mp_lod0_auto6-100-ts1-abrbe9e32ae-al5f6beab0n40bf800000
xmodelsurfs,#mout_catwalk_railing_cover_128_lod0_auto3-100-ts1-abrbe9e32ae-alef5497b4n040bf800000
xmodelsurfs,#mout_catwalk_railing_cover_32_lod0_auto3-100-ts1-abrbe9e32ae-ale0566c7an010bf800000
xmodelsurfs,#mout_catwalk_railing_cover_64_lod0_auto3-100-ts1-abrbe9e32ae-al80c9596bn40bf800000
xmodelsurfs,#mout_catwalk_support_brace_left_128x128_lod0_auto3-100-ts1-abrbe9e32ae-al2f03398en40bf800000
xmodelsurfs,#mout_catwalk_support_brace_right_top_128x128_lod0_auto4-100-ts1-abrbe9e32ae-ala85554a3n40bf800000
xmodelsurfs,#mout_catwalk_support_brace_right_top_128x96_lod0_auto4-100-ts1-abrbe9e32ae-al652283c7n40bf800000
xmodelsurfs,#pillar_lone_terminal_60_lod0_auto4-100-ts1-abrbe9e32ae-ale2c2fb15n40bf800000
xmodelsurfs,#pillar_lone_terminal_beam_20x48x64_lod0_auto2-100-ts1-abrbe9e32ae-al3e254b5n40bf800000
xmodelsurfs,#pillar_lone_terminal_fender_structure_01_lod0_auto5-100-ts1-abrbe9e32ae-alb2771cb8n40bf800000
xmodelsurfs,#pipe_metal_painted_bend_90_lrg_lod0_auto5-100-ts1-abrbe9e32ae-al4fd3a5a9n40bf800000
xmodelsurfs,#pipe_metal_painted_bend_90_lrg_lod0_auto6-100-ts1-abrbe9e32ae-al9207aabcn40bf800000
xmodelsurfs,#pipe_metal_painted_curve_16_64_thin_lod0_auto3-100-ts1-abrbe9e32ae-al916ad408n40bf800000
xmodelsurfs,#pipe_metal_painted_curve_16_64_thin_lod0_auto5-100-ts1-abrbe9e32ae-al8a1f1a25n40bf800000
xmodelsurfs,#pipe_metal_painted_curve_16_64_thin_lod0_auto6-100-ts1-abrbe9e32ae-ale9db8037n40bf800000
xmodelsurfs,#pipe_metal_painted_straight_64_spline_lod0_auto5-100-ts1-abrbe9e32ae-alee5063e1n40bf800000
xmodelsurfs,#pipe_metal_painted_straight_64_spline_lod0_auto6-100-ts1-abrbe9e32ae-ald802a899n40bf800000
xmodelsurfs,#pipe_set_pmars_merged_01_lod0_auto5-100-ts1-abrbe9e32ae-aldf274c45n40bf800000
xmodelsurfs,#pipe_set_pmars_merged_02_a_lod0_auto5-100-ts1-abrbe9e32ae-ald0bd4702n40bf800000
xmodelsurfs,#pipe_set_pmars_merged_04_a_lod0_auto5-100-ts1-abrbe9e32ae-al488c8e79n40bf800000
xmodelsurfs,#railing_metal_corner_out_yellow_lod0_auto6-100-ts1-abrbe9e32ae-al1d61383bn40bf800000
xmodelsurfs,#railing_metal_ship_island_deck_convex_right_mp_lod0_auto4-100-ts1-abrbe9e32ae-al90f82814n40bf800000
xmodelsurfs,#stairs_metal_top_48_lod0_auto5-100-ts1-abrbe9e32ae-al8dc5887dn40bf800000
xmodelsurfs,#stationary_overhang_support_metal_island_1st_deck_mp_lod0_auto3-100-ts1-abrbe9e32ae-al703c215n40bf800000
xmodelsurfs,#stationary_overhang_support_metal_island_2nd_deck_mp_lod0_auto4-100-ts1-abrbe9e32ae-albf573f0an40bf800000
xmodelsurfs,#stationary_overhang_support_metal_island_3rd_deck_left_mp_lod0_auto3-100-ts1-abrbe9e32ae-alfba30c5an40bf800000
xmodelsurfs,#stationary_overhang_support_metal_island_3rd_deck_right_mp_lod0_auto3-100-ts1-abrbe9e32ae-aleb4fd324n40bf800000
xmodelsurfs,#stationary_overhang_support_metal_island_4th_deck_lod0_auto2-100-ts1-abrbe9e32ae-ala5d8cea6n40bf800000
xmodelsurfs,#stationary_overhang_support_metal_whole_lod0_auto3-100-ts1-abrbe9e32ae-alcfc32d5dn40bf800000
xmodelsurfs,#trim_lone_terminal_footbridge_connection_broken_01_lod0_auto5-100-ts1-abrbe9e32ae-al44d4ff6bn40bf800000
xmodelsurfs,#utility_fire_monitor_tower_lod0_auto6-100-ts1-abrbe9e32ae-al3945225fn010bf800000
xmodelsurfs,#wall_metal_panel_grooves_painted_128_black_trim_lod0-100-ts1-abrbe9e32aen011bf800000
xmodelsurfs,#wall_metal_panel_grooves_painted_128_lod0-100-ts1-abrbe9e32aen41bf800000
xmodelsurfs,#wall_metal_panel_grooves_painted_64_lod0-100-ts1-abrbe9e32aen41bf800000
gfxumbratome,#hash_c20da9d57477ac83
gfxumbratome,#hash_c20da8d57477aad0
gfxumbratome,#hash_f0c7f9b509101d8a
gfxumbratome,#hash_f0c7fab509101f3d
gfx_map_trzone,#mp_sira_gw_-118_-40_1_0_tr
xmodel,#tool_jerry_can_01
xmodel,#decor_trash_can_plastic_office_01
xmodel,#uk_fire_extinguisher_small_01
xmodel,#construction_hardhat_lowres_01
xmodel,#uk_bottle_oil_med_01
dynentitylist,#dynentitylist30
xmodelsurfs,#ee_pipe_03_128_lod0-100-ts1-abrbe9e32aen41bf800000
xmodelsurfs,#stairs_metal_ship_exterior_mp_lod0_auto3-100-ts1-abrbe9e32ae-al8da65c77n40bf800000
xmodelsurfs,#hash_8248dc2476b7fd08
xmodelsurfs,#machinery_railroad_track_wires_01_lod0_auto5-100-ts1-abrbe9e32ae-alcce65a54n40bf800000
xmodelsurfs,#hash_83b0715107ec542e
xmodelsurfs,#door_watertight_56x96_left_mp_lod0_auto4-100-ts1-abrbe9e32ae-aleb240be6n40bf800000
xmodelsurfs,#hash_83f3d6e489b4b2cd
xmodelsurfs,#mout_catwalk_support_brace_48x96_lod0_auto3-100-ts1-abrbe9e32ae-al89bb9ca7n40bf800000
xmodelsurfs,#ee_bathroom_toilet_divider_02_lod0_auto3-100-ts1-abrbe9e32ae-albcc1e781n40bf800000
xmodelsurfs,#ee_pipe_04_64_lod0-100-ts1-abrbe9e32aen41bf800000
xmodelsurfs,#ceiling_panel_metal_128_lod0_auto1-100-ts1-abrbe9e32ae-alb3d22a5cn40bf800000
xmodelsurfs,#hash_898f2c4c781fba74
xmodelsurfs,#hash_8a88a651338b83b7
xmodelsurfs,#storage_shipping_container_20ft_bottom_01_lod0_auto4-100-ts1-abrbe9e32ae-al5761c71fn40bf800000
xmodelsurfs,#dynlt_ind_flood_light_standing_tall_on_lod0_auto5-100-ts1-abrbe9e32ae-al5222bdd3n40bf800000
xmodelsurfs,#me_door_hatch_door_01_lod0_auto3-000-ts1-abrbe9e32ae-alaf5fa71n010bf800000
xmodelsurfs,#railing_handrail_metal_ship_deck_24_lod0-100-ts1-abrbe9e32aen41bf800000
xmodelsurfs,#hash_97d7507103727b95
xmodelsurfs,#vent_metal_wall_ship_deck_large_lod0_auto4-100-ts1-abrbe9e32ae-alb8ea62c0n40bf800000
xmodelsurfs,#railing_metal_ship_island_deck_128_mp_lod0_auto3-100-ts1-abrbe9e32ae-al421dc3aan40bf800000
xmodelsurfs,#hash_9a17007e90d2df14
xmodelsurfs,#building_machine_cable_room_ship_deck_mp_lod0_auto6-100-ts1-abrbe9e32ae-al70b1c725n40bf800000
xmodelsurfs,#ee_furniture_couch_cloth_vintage_lod0_auto4-100-ts1-abrbe9e32ae-al3cb13f51n40bf800000
xmodelsurfs,#door_watertight_56x96_right_mp_lod0_auto4-100-ts1-abrbe9e32ae-alc4320d1en40bf800000
xmodelsurfs,#machinery_boat_holder_lod0_auto5-100-ts1-abrbe9e32ae-al7a640aa1n40bf800000
xmodelsurfs,#construction_ship_deck_hatch_corver_medium_lod0_auto3-100-ts1-abrbe9e32ae-al5d51724en40bf800000
xmodelsurfs,#hash_a2367e0aa8148456
xmodelsurfs,#hash_a624c82198583128
xmodelsurfs,#hash_abd2a05bbacfb591
xmodelsurfs,#hash_abe1145fd09bfdcc
xmodelsurfs,#hash_ac3790934d0f817c
xmodelsurfs,#uk_bottle_oil_med_01_lod0_auto2-100-ts1-abrbe9e32ae-al54353f28n4041942bf4
xmodelsurfs,#decor_trash_can_plastic_office_01_lod0_auto3-100-ts1-abrbe9e32ae-alb0de8fan010421f1f08
xmodelsurfs,#mout_container_wall_128_lod0_auto4-100-ts1-abrbe9e32ae-al831c9dd5n40bf800000
xmodelsurfs,#hash_b2b3cba92584f36f
xmodelsurfs,#hash_b2e5829e8af949a3
xmodelsurfs,#storage_shipping_container_door_left_lod0_auto4-100-ts1-abrbe9e32ae-ald3737fdn40bf800000
xmodelsurfs,#door_watertight_frame_56x96_left_mp_lod0_auto4-100-ts1-abrbe9e32ae-al12063369n40bf800000
xmodelsurfs,#hash_b7f1ae5cf09bc255
xmodelsurfs,#railing_metal_ship_128_mp_lod0_auto2-100-ts1-abrbe9e32ae-al7e720fcfn40bf800000
xmodelsurfs,#wall_metal_ship_deck_252x92_lod0_auto3-100-ts1-abrbe9e32ae-alb5f0ae1cn40bf800000
xmodelsurfs,#furniture_bed_bunk_children_metal_frame_white_lodx-100-ts1-abrbe9e32aen40bf800000
xmodelsurfs,#pipes_metal01_lod0_auto3-100-ts1-abrbe9e32ae-al7e06b11dn40bf800000
xmodelsurfs,#floor_grate_catwalk_metal_01_lod0_auto2-100-ts1-abrbe9e32ae-al67ea1e46n40bf800000
xmodelsurfs,#hash_c69c70c0bfe3d4f6
xmodelsurfs,#mout_catwalk_stairs_top_lod0_auto6-100-ts1-abrbe9e32ae-al3fbe4bean40bf800000
xmodelsurfs,#hash_c9b007548c589861
xmodelsurfs,#door_watertight_frame_56x96_right_mp_lod0_auto4-100-ts1-abrbe9e32ae-ala7ae7f7bn40bf800000
xmodelsurfs,#utility_life_raft_cage_01_lod0_auto6-100-ts1-abrbe9e32ae-ala2182308n40bf800000
xmodelsurfs,#railing_metal_ship_deck_rectangle_lod0_auto3-100-ts1-abrbe9e32ae-al870fc80bn40bf800000
xmodelsurfs,#storage_offshore_container_86x44x48_lod0_auto5-100-ts1-abrbe9e32ae-al880cf667n40bf800000
xmodelsurfs,#wall_corrugated_metal_oilrig_roof_ventilation_01_lodx-100-ts1-abrbe9e32aen40bf800000
xmodelsurfs,#hash_d53e87c3c7528d4e
xmodelsurfs,#hash_d58b53b52c350fa4
xmodelsurfs,#storage_cabinet_ship_long_lod0_auto4-100-1-ts1-abrbe9e32ae-al8cc970dcn40bf800000
xmodelsurfs,#machinery_railroad_track_pipes_01_lod0_auto3-100-ts1-abrbe9e32ae-al8db6ffc2n40bf800000
xmodelsurfs,#hash_d97e523587dda101
xmodelsurfs,#hash_dab1766163104442
xmodelsurfs,#hash_db202f1b2ce73960
xmodelsurfs,#hash_ded6c3a5ba73e4ec
xmodelsurfs,#hash_df2b44916a1177da
xmodelsurfs,#mout_catwalk_stairs_middle_lod3_auto6-100-ts1-abrbe9e32ae-al1a01879n40bf800000
xmodelsurfs,#mout_catwalk_support_brace_right_128x96_lod0_auto3-100-ts1-abrbe9e32ae-al83339899n40bf800000
xmodelsurfs,#me_door_hatch_roof_01_lod0_auto2-100-ts1-abrbe9e32ae-alc7e50caan40bf800000
xmodelsurfs,#lm_street_concrete_sidewalk_128x128_01_lod0_auto3-100-ts1-abrbe9e32ae-al6b9d40bn40bf800000
xmodelsurfs,#mout_catwalk_support_brace_x_128x128_lod0_auto3-100-ts1-abrbe9e32ae-al1d3632e8n40bf800000
xmodelsurfs,#door_hatch_cover_metal_ship_deck_huge_lod0_auto4-100-ts1-abrbe9e32ae-al1ca7c955n40bf800000
xmodelsurfs,#ee_pipe_04_128_lod0_auto1-100-ts1-abrbe9e32ae-alcf5669dan40bf800000
xmodelsurfs,#mout_catwalk_stairs_bottom_lod0_auto4-100-ts1-abrbe9e32ae-ald71dc8b4n40bf800000
xmodelsurfs,#hash_eac8d0802a30ff7d
xmodelsurfs,#mout_catwalk_stairs_connector_short_lod0_auto4-100-ts1-abrbe9e32ae-al3b7114bdn010bf800000
xmodelsurfs,#machinery_cable_ship_deck_large_lod0_auto6-100-ts1-abrbe9e32ae-al4dae3d4dn40bf800000
xmodelsurfs,#mout_catwalk_stairs_connector_step_lod0_auto5-100-1-ts1-abrbe9e32ae-al657d0f36n40bf800000
xmodelsurfs,#mout_container_wall_interior_128_lod0-100-ts1-abrbe9e32aen011bf800000
xmodelsurfs,#ee_appliance_washer_lod0_auto6-100-ts1-abrbe9e32ae-al728a44c4n40bf800000
xmodelsurfs,#railing_metal_ship_island_deck_48x96_mp_lod0_auto1-100-ts1-abrbe9e32ae-al21f6fadfn40bf800000
xmodelsurfs,#railing_metal_ship_deck_256_lod0_auto3-100-ts1-abrbe9e32ae-alda3ea7afn40bf800000
xmodelsurfs,#hash_f54e7d4a0a62c59f
xmodelsurfs,#door_metal_04_flat_painted_clean_mp_lod0_auto3-100-ts1-abrbe9e32ae-ald7599c8an40bf800000
xmodelsurfs,#hash_f9744e6d52013c64
xmodelsurfs,#hash_fc5c1f6c97edad5d
xmodelsurfs,#hash_fefd0c1d8238c306
streaminginfo,#mp_sira_gw_-118_-40_1_0_tr