type,name
xmodelsurfs,#chains_horizontal_01_lod0_auto2-100-ts1-abrbe9e32ae-al42b3f57cn40bf800000
xmodelsurfs,#decor_blacksmith_bellows_01_lod0_auto6-100-ts1-abrbe9e32ae-alc8ee2ee9n40bf800000
xmodelsurfs,#decor_blacksmith_fireplace_01_lod0_auto3-100-ts1-abrbe9e32ae-al4f2d894dn40bf800000
xmodelsurfs,#decor_gallows_pole_01_lod0_auto2-100-ts1-abrbe9e32ae-ald075dbf5n40bf800000
xmodelsurfs,#decor_gallows_stairs_01_lod0_auto3-100-ts1-abrbe9e32ae-al1a60fd50n40bf800000
xmodelsurfs,#decor_horse_mannequin_armor_01_pose_lod0_auto6-100-ts1-abrbe9e32ae-alc10ad70fn010bf800000
xmodelsurfs,#decor_museum_mannequin_blacksmith_lod0_auto6-100-ts1-abrbe9e32ae-alb5e4917dn40bf800000
xmodelsurfs,#decor_museum_mannequin_knight_01_pose_lod0_auto6-100-1-ts1-abrbe9e32ae-al2bc8731bn010bf800000
xmodelsurfs,#decor_museum_mannequin_knight_02_bronze_pose_lod0_auto6-100-ts1-abrbe9e32ae-ala50d836en010bf800000
xmodelsurfs,#door_medieval_cell_iron_wall_03_lod0_auto5-100-ts1-abrbe9e32ae-alcecfe9cfn40bf800000
xmodelsurfs,#door_medieval_cell_iron_wall_04_lod0_auto6-100-ts1-abrbe9e32ae-alf98252c0n40bf800000
xmodelsurfs,#door_medieval_cell_iron_wall_05_lod0_auto6-100-ts1-abrbe9e32ae-ala18079cen40bf800000
xmodelsurfs,#door_medieval_cell_iron_wall_06_lod0_auto6-100-ts1-abrbe9e32ae-ale4f873b8n40bf800000
xmodelsurfs,#hay_pile_high_01_lod0_auto4-001-ts1-abrbe9e32ae-al7eff83df008h7fn010bf800000
xmodelsurfs,#me_fabric_highway_railing_tarp_01_lod0_auto5-100-ts1-abrbe9e32ae-ale662bba3n60bf800000
xmodelsurfs,#me_fabric_highway_railing_tarp_01_lod0_auto6-100-ts1-abrbe9e32ae-alf90f7e14n60bf800000
xmodelsurfs,#me_marketplace_window_small_01_lod0_auto6-100-ts1-abrbe9e32ae-alf81caf9n40bf800000
xmodelsurfs,#me_sign_museum_entrance_05_lod0_auto5-100-ts1-abrbe9e32ae-alad28f852n010bf800000
xmodelsurfs,#me_stone_brick_wall_01_corner_rounded_96_lod0_auto4-100-ts1-abrbe9e32ae-alfb5a1577n40bf800000
xmodelsurfs,#me_stone_brick_wall_01_corner_rounded_96_lod0_auto5-100-ts1-abrbe9e32ae-alba3a6f96n40bf800000
xmodelsurfs,#me_stone_brick_wall_01_corner_rounded_96_lod0_auto6-100-ts1-abrbe9e32ae-al99ea0be5n40bf800000
xmodelsurfs,#me_wires_roof_06_lod0_auto5-100-ts1-abrbe9e32ae-ala60ba278n40bf800000
xmodelsurfs,#me_wires_roof_06_lod0_auto6-100-ts1-abrbe9e32ae-al480dfcaen40bf800000
xmodelsurfs,#mout_catwalk_cross_lod0_auto4-100-a-ts1-abrbe9e32ae-al20636a06n40bf800000
xmodelsurfs,#mx_door_arch_left_01_lodx-100-ts1-abrbe9e32aen40bf800000
xmodelsurfs,#mx_door_arch_right_01_lod3_auto4-100-ts1-abrbe9e32ae-al2ddaea8bn40bf800000
xmodelsurfs,#railing_modern_metal_steel_unique_01_lod0_auto3-100-ts1-abrbe9e32ae-al2808fc57n40bf800000
xmodelsurfs,#uk_foliage_vine_englishivy_hanging_short_lod0-000-ts1-abrbe9e32ae001hffn60bf800000
xmodelsurfs,#uk_foliage_vine_englishivy_hanging_short_lod1-100-ts1-abrbe9e32ae001hffn60bf800000
xmodelsurfs,#un_stairs_exterior_tile_192_lod0_auto4-100-ts1-abrbe9e32ae-al39d6c26an40bf800000
xmodelsurfs,#un_stairs_exterior_tile_192_lod0_auto5-100-ts1-abrbe9e32ae-al56ad4074n40bf800000
xmodelsurfs,#un_stairs_exterior_tile_192_lod0_auto6-100-ts1-abrbe9e32ae-alcf55354cn40bf800000
xmodelsurfs,#un_stairs_exterior_tile_short_192_lod0_auto2-100-ts1-abrbe9e32ae-albe020934n40bf800000
xmodelsurfs,#utility_electric_grid_beam_01_lod0_auto3-100-ts1-abrbe9e32ae-alc6efc197n40bf800000
image,#*pdl_offset348_mp_saba2
fx_map_trzone,#mp_saba2_58_-215_1_0_tr
gfxumbratome,#hash_d7e6b4aaf2a0ae1c
gfxumbratome,#hash_d7e6b3aaf2a0ac69
image,#hash_e4ba46b90718cab8
gfx_map_trzone,#mp_saba2_58_-215_1_0_tr
xmodel,#construction_hardhat_lowres_01
xmodel,#vk_coffeecup
xmodel,#bucket_plastic
xmodel,#tool_jerry_can_01
xmodel,#decor_medieval_ceramic_pottery_02
xmodel,#p7_pottery_terracotta_f_tan
xmodel,#decor_plastic_buckets_01_big_white
xmodel,#decor_metal_bucket_small_01
xmodel,#decor_medieval_ceramic_pottery_01
xmodel,#ee_tool_wood_scrub_brush_01
dynentitylist,#dynentitylist348
xmodelsurfs,#hash_807c5eced2feb31d
xmodelsurfs,#decor_concrete_fountain_01_lod0_auto5-100-ts1-abrbe9e32ae-al86d9060dn010bf800000
xmodelsurfs,#hash_81108a3704b84a17
xmodelsurfs,#hash_8248dc2476b7fd08
xmodelsurfs,#hash_82ccf6945bfe2a60
xmodelsurfs,#door_frame_glass_metal_signage_01_lod0_auto6-100-ts1-abrbe9e32ae-alc2682f03n01043212497
xmodelsurfs,#board_wood_01_pile_lod0_auto5-100-ts1-abrbe9e32ae-alebe75b6dn40bf800000
xmodelsurfs,#hash_83a9915c846dbbce
xmodelsurfs,#hash_850f575ffe06932e
xmodelsurfs,#hash_855b330fd24d11c3
xmodelsurfs,#hash_857a44a659c62579
xmodelsurfs,#hash_858239c49e0bbda2
xmodelsurfs,#building_wall_corner_plaster_01_128_lod0_auto3-100-1-ts1-abrbe9e32ae-ala38c5391n410bf800000
xmodelsurfs,#me_sand_stone_window_arrow_slit_01_lod0_auto2-100-ts1-abrbe9e32ae-al5feacaaen40bf800000
xmodelsurfs,#hash_860f89c3904fc5e9
xmodelsurfs,#lighting_wall_lamp_picture_01_lod0_auto1-100-ts1-abrbe9e32ae-ala9eec506n40bf800000
xmodelsurfs,#hash_88b93b6852eadef9
xmodelsurfs,#decor_museum_mannequin_knight_02_pose_lod0_auto6-100-3e8-ts1-abrbe9e32ae-al6be55cf3n040bf800000
xmodelsurfs,#me_sand_stone_window_01_lod0_auto1-100-ts1-abrbe9e32ae-alc94a5341n40bf800000
xmodelsurfs,#hash_8ab541f1d6ca7580
xmodelsurfs,#hash_8b1b0d5b8a1e0122
xmodelsurfs,#pillar_concrete_02_16x128_lod0_auto4-000-ts1-abrbe9e32ae-al1b02d103n010bf800000
xmodelsurfs,#hash_8bce16d5de0087ab
xmodelsurfs,#ee_trim_concrete_roof_256_lod0_auto2-100-ts1-abrbe9e32ae-al998eb2b4n40bf800000
xmodelsurfs,#hash_8cc7ec3653200e70
xmodelsurfs,#hash_8d566237f3fb3b62
xmodelsurfs,#me_decor_museum_national_flag_01_lod0_auto3-100-ts1-abrbe9e32ae-al667044e8n60bf800000
xmodelsurfs,#hash_8dbdf9d83845acf9
xmodelsurfs,#hash_8dc58443d95a9637
xmodelsurfs,#ee_trim_concrete_roof_128_lod0_auto2-100-ts1-abrbe9e32ae-al72fb1957n40bf800000
xmodelsurfs,#hash_8e4b29b94457c6da
xmodelsurfs,#hash_8e6e9256506ddd36
xmodelsurfs,#hash_8ea7359646ac77d5
xmodelsurfs,#me_door_old_fort_main_01_lod0_auto5-100-ts1-abrbe9e32ae-al6de408d4n40bf800000
xmodelsurfs,#uk_fabric_tarp_mp_hackney_yard_01_lod0_auto6-100-ts1-abrbe9e32ae-al9a78f56en60bf800000
xmodelsurfs,#duct_metal_square_straight_32_lod0_auto2-100-ts1-abrbe9e32ae-alc2321a37n40bf800000
xmodelsurfs,#me_trim_stone_01_128_lod0_auto6-100-ts1-abrbe9e32ae-alebee8a1n40bf800000
xmodelsurfs,#me_construction_staircase_01_8_lod3_auto4-100-ts1-abrbe9e32ae-al1f9dcea5n40bf800000
xmodelsurfs,#hash_912deb6ee02deae5
xmodelsurfs,#hash_91bdfb5f1e91b542
xmodelsurfs,#hash_920ae0567b1b07bf
xmodelsurfs,#uk_foliage_vine_englishivy_corner_inner_lod2-100-ts1-abrbe9e32aen60bf800000
xmodelsurfs,#hash_92719608ae0ace1a
xmodelsurfs,#hash_93a43b829d37d3a8
xmodelsurfs,#me_debris_stone_blocks_pile_03_lod0_auto5-100-ts1-abrbe9e32ae-al25e5185an40bf800000
xmodelsurfs,#sandbag_wall_pieces_block_mp_01_lod0_auto5-100-ts1-abrbe9e32ae-alcd53013cn010bf800000
xmodelsurfs,#hash_9691371515100150
xmodelsurfs,#utility_street_curb_cement_rough_corner_rounded_64_lod0_auto3-100-ts1-abrbe9e32ae-al40240d79n40bf800000
xmodelsurfs,#hash_976d7ac9835be62a
xmodelsurfs,#hash_977e2cabc7998959
xmodelsurfs,#hash_98470f117632f9fd
xmodelsurfs,#hash_99a49b4999f4fec4
xmodelsurfs,#me_sign_street_cross_walk_01_lod0_auto2-100-ts1-abrbe9e32ae-al4c7d9589n404326cbe2
xmodelsurfs,#hash_9a988de7796177b6
xmodelsurfs,#hash_9ac366788291e9ee
xmodelsurfs,#decor_medieval_lights_sconce_01_lod0_auto5-101-ts1-abrbe9e32ae-ald0496b09n40bf800000
xmodelsurfs,#ee_street_cement_curb_thick_blend_90_lod0_auto3-100-ts1-abrbe9e32ae-al2d4d390an40bf800000
xmodelsurfs,#mout_catwalk_stairs_top_half_lod0_auto4-100-ts1-abrbe9e32ae-al42ee9020n40bf800000
xmodelsurfs,#hash_9c08f9df2c56e1b3
xmodelsurfs,#uk_foliage_vine_englishivy_square_lod2-100-ts1-abrbe9e32ae001hffn60bf800000
xmodelsurfs,#decor_horse_mannequin_01_pose_lod0_auto4-100-ts1-abrbe9e32ae-ale3937cc0n40bf800000
xmodelsurfs,#hash_9eedd15c3b19966e
xmodelsurfs,#hash_9fca7691c19c78d7
xmodelsurfs,#un_foliage_vines_ivy_02_wall_01_lod4-101-ts1-abrbe9e32ae001hffn60bf800000
xmodelsurfs,#uk_building_exterior_concrete_stairs_112_03_lod0_auto6-100-ts1-abrbe9e32ae-al22955075n40bf800000
xmodelsurfs,#uk_stairs_int_wood_platform_64_01_lod0_auto6-100-ts1-abrbe9e32ae-albfd46fc8n40bf800000
xmodelsurfs,#hash_a1f820669aff9426
xmodelsurfs,#hash_a267b5cf6bc0c1b9
xmodelsurfs,#hash_a2d792465e85d6b1
xmodelsurfs,#hash_a53f6871795388e0
xmodelsurfs,#ee_manmade_mine_ladder_a_cover_lod0_auto5-100-ts1-abrbe9e32ae-al3df7fdbfn010bf800000
xmodelsurfs,#hash_a6470f15afb5738b
xmodelsurfs,#archway_stable_stone_pillar_01_lod0_auto3-100-ts1-abrbe9e32ae-alb58ec11bn40bf800000
xmodelsurfs,#me_pillar_square_base_01_lod0_auto3-100-ts1-abrbe9e32ae-al15774f0n40bf800000
xmodelsurfs,#hash_a89066547d995b5c
xmodelsurfs,#lm_street_trashcan_metal_01_lod0_auto4-100-ts1-abrbe9e32ae-al2d6ab639n40bf800000
xmodelsurfs,#hash_a89e38e8d59debb0
xmodelsurfs,#hash_a8ba75a52932aca9
xmodelsurfs,#ee_construction_woodstack_01_lod0_auto4-100-ts1-abrbe9e32ae-alf0ed77edn40bf800000
xmodelsurfs,#hash_a8c8e2f2febe3516
xmodelsurfs,#hash_a9040b65a5140cb2
xmodelsurfs,#me_sand_stone_trim_02_64_lod0_auto1-100-ts1-abrbe9e32ae-al83f930acn40bf800000
xmodelsurfs,#ee_light_fixture_wall_mounted_03_lod0_auto4-000-ts1-abrbe9e32ae-al6037b9efn010bf800000
xmodelsurfs,#hash_aae5b88753fa43fb
xmodelsurfs,#utility_electric_grid_01_lod0_auto6-000-ts1-abrbe9e32ae-albd3e128n40bf800000
xmodelsurfs,#door_wooden_panel_03_painted_right_mp_lod0_auto5-100-ts1-abrbe9e32ae-al34ead336n4043212b3a
xmodelsurfs,#hash_acbe81e0fa48b035
xmodelsurfs,#uk_scaffold_kit_boards_128_01_lod0_auto2-100-ts1-abrbe9e32ae-al634abbd1n40bf800000
xmodelsurfs,#hash_ad0a97aba0b163c0
xmodelsurfs,#hash_ad86dca96420a91d
xmodelsurfs,#decor_rope_thick_draped_01_lod0_auto5-101-ts1-abrbe9e32ae-al3e0a8745n40bf800000
xmodelsurfs,#hash_af9384831a564553
xmodelsurfs,#hash_afaa26e82860fa1d
xmodelsurfs,#hash_afda34a245aac418
xmodelsurfs,#hash_b0e901a665697215
xmodelsurfs,#trim_top_metal_white_128_small_lod0_auto2-100-a-ts1-abrbe9e32ae-al3143425en410bf800000
xmodelsurfs,#hash_b21cbc6b9cf8c384
xmodelsurfs,#hash_b292323d7ba134f1
xmodelsurfs,#hash_b348c96050d01974
xmodelsurfs,#me_decor_museum_banner_exhibition_04_lod0_auto3-100-ts1-abrbe9e32ae-al4ce86f15n40bf800000
xmodelsurfs,#hash_b4b757eb78af317b
xmodelsurfs,#me_decor_museum_banner_exhibition_01_lod0_auto3-100-ts1-abrbe9e32ae-albe79884cn010bf800000
xmodelsurfs,#hash_b604eb71ce396e6d
xmodelsurfs,#hash_b64cd8641ee69ed5
xmodelsurfs,#hash_b6b7c634a018c153
xmodelsurfs,#fence_chainlink_mid_128_lod0_auto4-101-ts1-abrbe9e32ae-al485ab0an210bf800000
xmodelsurfs,#hash_b84d6cb13238b58d
xmodelsurfs,#hash_b96b348251b05649
xmodelsurfs,#hash_b9a79ad94fd32b78
xmodelsurfs,#uk_stucco_pillar_02_thin_beige_lod0_auto3-100-ts1-abrbe9e32ae-alcf7b6555n40bf800000
xmodelsurfs,#hash_bbe545cc3d4757b8
xmodelsurfs,#lm_machinery_maint_ac_unit_01_lodx-100-ts1-abrbe9e32aen40bf800000
xmodelsurfs,#hash_bd3038ab5f4f10d6
xmodelsurfs,#hash_bdd8bd00635bfbfc
xmodelsurfs,#hash_bde007fa745ca841
xmodelsurfs,#hash_bece4384ea8952a3
xmodelsurfs,#ee_wall_base_brick_corner_left_lod0_auto2-100-ts1-abrbe9e32ae-al1660a095n40bf800000
xmodelsurfs,#hash_c0c83f3a641054b2
xmodelsurfs,#hash_c0eadf1f3bf93f92
xmodelsurfs,#mout_catwalk_32_lod0_auto3-100-1-ts1-abrbe9e32ae-al91e9db29n40bf800000
xmodelsurfs,#ladder_old_wood_01_144_lod0_auto3-100-ts1-abrbe9e32ae-al9ffe62bfn010bf800000
xmodelsurfs,#hash_c183b5215addf8a3
xmodelsurfs,#hash_c1cec5e8428279f2
xmodelsurfs,#ee_fabric_military_tarp_hanging_floor_01_lod0_auto5-100-ts1-abrbe9e32ae-ale21b9b54n60bf800000
xmodelsurfs,#hash_c371c9310375195f
xmodelsurfs,#electrical_cables_unique_marketplace_01_lod0_auto4-100-ts1-abrbe9e32ae-al11fe7277n40bf800000
xmodelsurfs,#me_door_shop_single_frame_01_mp_lod0_auto1-100-ts1-abrbe9e32ae-alb5cd0076n40bf800000
xmodelsurfs,#hash_c64258283299320b
xmodelsurfs,#archway_stable_stone_02_lod0_auto3-100-ts1-abrbe9e32ae-al6c13e5e4n40bf800000
xmodelsurfs,#ee_trim_concrete_roof_64_lod0_auto1-100-ts1-abrbe9e32ae-albc769267n40bf800000
xmodelsurfs,#cinderblock_wall_topper_01_128_lod0_auto3-100-ts1-abrbe9e32ae-alf2355160n40bf800000
xmodelsurfs,#p7_pottery_terracotta_f_tan_lod0_auto3-100-ts1-abrbe9e32ae-al61223820n4041b7ebcb
xmodelsurfs,#hash_c7e3d57c93aa95f0
xmodelsurfs,#archway_cistern_stone_04_lod0_auto2-100-ts1-abrbe9e32ae-al586b1126n40bf800000
xmodelsurfs,#hash_c99460da8aa56e9f
xmodelsurfs,#hash_c9b007548c589861
xmodelsurfs,#duct_metal_square_elbow_right_90_lod0_auto3-100-ts1-abrbe9e32ae-ala415d4b3n40bf800000
xmodelsurfs,#ee_tool_wood_scrub_brush_01_lod0_auto4-101-ts1-abrbe9e32ae-al152fa1adn6040a46281
xmodelsurfs,#hash_ca1d5cff28d47396
xmodelsurfs,#hash_ca5a4a2cbeccf889
xmodelsurfs,#hash_caea530d1c2aa555
xmodelsurfs,#hash_cbe9b5867abbb40d
xmodelsurfs,#ee_wall_base_brick_corner_right_lod0_auto2-100-ts1-abrbe9e32ae-alc3006808n40bf800000
xmodelsurfs,#me_decor_museum_banner_exhibition_02_lod0_auto3-100-ts1-abrbe9e32ae-al800314f4n010bf800000
xmodelsurfs,#hash_cd40c97884ed9c66
xmodelsurfs,#hash_cd96c643dcee23bf
xmodelsurfs,#hash_cdc4dbe3468fd49c
xmodelsurfs,#archway_cistern_stone_03_lod0_auto2-100-ts1-abrbe9e32ae-ald71327b5n40bf800000
xmodelsurfs,#hash_cdf169b433151536
xmodelsurfs,#hash_ce240d97c1cca09f
xmodelsurfs,#hash_cf42b8a26039d146
xmodelsurfs,#hash_cf58e2dbc488e811
xmodelsurfs,#hash_cfa98e79e20fbcfe
xmodelsurfs,#hash_cfc8fc077627d5a5
xmodelsurfs,#door_metal_panel_03_right_mp_lod0_auto3-100-ts1-abrbe9e32ae-al638fbfe2n40bf800000
xmodelsurfs,#window_cover_set_wood_shutters_01_48_white_lod0_auto5-100-ts1-abrbe9e32ae-al1d8d22dcn40bf800000
xmodelsurfs,#hash_d173e5e89d05af8f
xmodelsurfs,#ee_trim_concrete_roof_128_s_lod0_auto2-100-ts1-abrbe9e32ae-alfaf2c5ddn40bf800000
xmodelsurfs,#hash_d50481446c293ca9
xmodelsurfs,#hash_d5d856c8bd94e45f
xmodelsurfs,#machinery_railroad_track_pipes_01_lod0_auto3-100-ts1-abrbe9e32ae-al8db6ffc2n40bf800000
xmodelsurfs,#building_cable_post_wood_lod0_auto4-100-ts1-abrbe9e32ae-al2c387a36n40bf800000
xmodelsurfs,#hash_d7482829ac7251fb
xmodelsurfs,#hash_d751ae45fffb1cba
xmodelsurfs,#hash_d8180c41edc129fd
xmodelsurfs,#hash_d82fa935e4a1708e
xmodelsurfs,#hash_d88ea3add9da3edc
xmodelsurfs,#hash_d8acf467e1492d91
xmodelsurfs,#hash_d977d068f1ef7364
xmodelsurfs,#me_sign_street_no_entry_01_lod0_auto2-100-ts1-abrbe9e32ae-ald8ddf6den4043225050
xmodelsurfs,#ch_crate72x64_simple_lod4_auto5-100-ts1-abrbe9e32ae-alf06783f8n40bf800000
xmodelsurfs,#hash_dab1766163104442
xmodelsurfs,#hash_daf73718793a7208
xmodelsurfs,#hash_db202f1b2ce73960
xmodelsurfs,#debris_stone_blocks_travertine_corner_128_lod0_auto5-100-ts1-abrbe9e32ae-alff734774n40bf800000
xmodelsurfs,#hash_db70553d0f7efb71
xmodelsurfs,#wz_train_crate_tarp_02_b_lod0_auto5-100-ts1-abrbe9e32ae-al98b86bd2n40bf800000
xmodelsurfs,#decor_castle_wall_cannon_01_lod0_auto5-100-ts1-abrbe9e32ae-alcd27ab90n40bf800000
xmodelsurfs,#door_metal_panel_03_left_mp_lod0_auto2-100-ts1-abrbe9e32ae-alc55b3436n404320fbfa
xmodelsurfs,#hash_dcd50cda3e97c21d
xmodelsurfs,#hash_dd197419afa603ae
xmodelsurfs,#hash_dd465fe7e8f59f8b
xmodelsurfs,#lm_roof_brick_02_32_corner_lod0_auto2-100-1-ts1-abrbe9e32ae-albc9d8083n40bf800000
xmodelsurfs,#hash_e0200e0d507712c0
xmodelsurfs,#s4_afr_miniature_rock_a_03_lod0_auto6-100-abrbe9e32ae-alc9f7c750n40bf800000
xmodelsurfs,#hash_e2986a382fa3a207
xmodelsurfs,#hay_pile_low_01_lod0_auto4-001-ts1-abrbe9e32ae-alc690471a008h7fn010bf800000
xmodelsurfs,#hash_e39e10bad059e267
xmodelsurfs,#hash_e40a128c7f90ba48
xmodelsurfs,#hash_e49d344214d7d310
xmodelsurfs,#hash_e4d7f2c287a2c594
xmodelsurfs,#door_frame_metal_panel_04_painted_rusty_mp_lod0_auto2-100-ts1-abrbe9e32ae-al30af8b3en40bf800000
xmodelsurfs,#me_trim_stone_01_64_lod0_auto6-100-ts1-abrbe9e32ae-al4a70ebc4n40bf800000
xmodelsurfs,#hash_e677d61c2ca9ea9d
xmodelsurfs,#decor_metal_bucket_small_01_lod0_auto4-100-ts1-abrbe9e32ae-al3d49f0f7n4041aadcf4
xmodelsurfs,#hash_e70e93bd84130e83
xmodelsurfs,#hash_e83a8da11bb900c6
xmodelsurfs,#hash_e853403ebd1c3ef0
xmodelsurfs,#lighting_track_lights_01_lod0_auto1-100-ts1-abrbe9e32ae-al7471f24en40bf800000
xmodelsurfs,#lm_machinery_hvac_roof_b_01_lod0_auto6-101-ts1-abrbe9e32ae-alf267fdb7n810bf800000
xmodelsurfs,#door_wooden_panel_03_painted_left_mp_lod0_auto5-100-ts1-abrbe9e32ae-alf7999f7dn4043212b3a
xmodelsurfs,#utility_street_curb_cement_rough_64_b_lod0_auto3-100-ts1-abrbe9e32ae-al224f9319n40bf800000
xmodelsurfs,#hash_e949a88773470b08
xmodelsurfs,#hash_e980fba72345a946
xmodelsurfs,#archway_stable_stone_01_lod0_auto3-100-ts1-abrbe9e32ae-al4599de61n40bf800000
xmodelsurfs,#hash_eac00929d9c9159e
xmodelsurfs,#hash_eaeb5a05fac65989
xmodelsurfs,#hash_eb1d15722ba39aae
xmodelsurfs,#me_sand_stone_building_corner_02_128_lod0_auto2-101-ts1-abrbe9e32ae-albbdd85ffn40bf800000
xmodelsurfs,#hash_ec60b537c5388ace
xmodelsurfs,#hash_ece7883adf4d01e4
xmodelsurfs,#me_plaster_barrier_fence_wall_ornate_cap_angled_01_lod0_auto2-100-ts1-abrbe9e32ae-al1390ad86n40bf800000
xmodelsurfs,#hash_ef063f7db09869fb
xmodelsurfs,#hash_ef0c0ccd7e66ea65
xmodelsurfs,#door_frame_medieval_cell_iron_01_double_lod0_auto5-100-ts1-abrbe9e32ae-al4522e1e0n40bf800000
xmodelsurfs,#hash_eff65529ed0ceff3
xmodelsurfs,#hash_f0570c56190db534
xmodelsurfs,#me_trim_stone_01_256_lod0_auto6-100-ts1-abrbe9e32ae-alf111b829n40bf800000
xmodelsurfs,#mout_catwalk_stairs_connector_step_lod0_auto5-100-1-ts1-abrbe9e32ae-al657d0f36n40bf800000
xmodelsurfs,#ee_balcony_concrete_base_a_01_lod0_auto3-100-ts1-abrbe9e32ae-aldf2968f0n40bf800000
xmodelsurfs,#me_lighting_fixtures_chain_01_lod0_auto2-000-ts1-abrbe9e32ae-al15a208acn40bf800000
xmodelsurfs,#hash_f29f7ef0162199d7
xmodelsurfs,#me_sign_street_cross_walk_01_dyn_lod0-100-ts1-abrbe9e32aen4141f337a4
xmodelsurfs,#hash_f36c9df9bc48e986
xmodelsurfs,#hash_f50ea8ad6e5aa063
xmodelsurfs,#utility_curb_mountable_256_lod0-100-ts1-abrbe9e32aen41bf800000
xmodelsurfs,#mout_catwalk_cap_lod0_auto4-100-ts1-abrbe9e32ae-al21c82aa3n40bf800000
xmodelsurfs,#hash_f5f1b9c124684067
xmodelsurfs,#hash_f715433b7ad5816f
xmodelsurfs,#wz_train_crate_tarp_01_b_lod0_auto5-100-ts1-abrbe9e32ae-al3dcab1a4n40bf800000
xmodelsurfs,#hash_f804434f473ad7ea
xmodelsurfs,#hash_f846c24944d4ab7f
xmodelsurfs,#hash_f882cc96e6bcf885
xmodelsurfs,#decor_ornate_stone_trim_256_lod0_auto5-100-ts1-abrbe9e32ae-al1f05e41n40bf800000
xmodelsurfs,#un_stairs_exterior_concrete_192_lod0_auto1-100-ts1-abrbe9e32ae-alf6745d40n40bf800000
xmodelsurfs,#hash_f98efb190c8723fb
xmodelsurfs,#me_window_ticketbooth_01_lod0_auto5-100-ts1-abrbe9e32ae-alec788898n40bf800000
xmodelsurfs,#hash_fbdefffa4941a0ad
xmodelsurfs,#hash_fc097f75ff7ced6d
xmodelsurfs,#military_ascendertop_heavy_lod0_auto6-100-ts1-abrbe9e32ae-ala838b3c6n40bf800000
xmodelsurfs,#hash_fd744f05339b4493
xmodelsurfs,#door_frame_glass_metal_signage_01_lod0_auto6-100-ts1-abrbe9e32ae-alc2682f03n010bf800000
xmodelsurfs,#hash_fe8857bf7fe4ff52
xmodelsurfs,#hash_fec911312e6a5d95
xmodelsurfs,#hash_ff4791bb479357b5
xmodelsurfs,#utility_electric_grid_beam_02_lod0_auto3-100-ts1-abrbe9e32ae-alc703dad8n40bf800000
streaminginfo,#mp_saba2_58_-215_1_0_tr