type,name
streamkey,#hash_1f50f23a7f452d90
streamkey,#hash_bae49a8456e415d
streamkey,#hash_196697c40deb16aa
streamkey,#hash_612e14506a1fef3b
sound,#hash_6aa79383e70b6ce0
localizeentry,#hash_1adb9c66d7de991f
keyvaluepairs,#en_mp_russianbase
