type,name
edgelist,#mapedgelist_00624
physicsasset,#ee_furniture_chair_metal_folding_open
xmodeldetailcollision,#ee_furniture_chair_metal_folding_open
physicsasset,#furniture_table_folding_01_open
xmodeldetailcollision,#furniture_table_folding_01_open
physicsasset,#pipe_metal_painted_straight_32
xmodeldetailcollision,#pipe_metal_painted_straight_32_gray
physicsasset,#veh8_civ_lnd_decho_static_dst
xmodeldetailcollision,#veh8_civ_lnd_decho_static_dst_lm
physicsasset,#accessory_air_vent_cover_square_01
xmodeldetailcollision,#accessory_air_vent_cover_square_01
physicsasset,#aprt_entrance_stairs_02
xmodeldetailcollision,#aprt_entrance_stairs_02
physicsasset,#automotive_wheel_chock_01_large
xmodeldetailcollision,#automotive_wheel_chock_01_large
physicsasset,#barrier_chain_link_fence_160_01_rusty
xmodeldetailcollision,#barrier_chain_link_fence_160_01
physicsasset,#barrier_chain_link_fence_32_01_rusty
xmodeldetailcollision,#barrier_chain_link_fence_32_01_rusty
physicsasset,#barrier_chain_link_fence_door_frame_128_01_rusty
xmodeldetailcollision,#barrier_chain_link_fence_door_frame_128_01_rusty
physicsasset,#barrier_traffic_concrete_block_01
xmodeldetailcollision,#barrier_traffic_concrete_block_01_yellow
physicsasset,#bathroom_portable_toilet_01
xmodeldetailcollision,#bathroom_portable_toilet_01
physicsasset,#bathroom_shower_curtain_01_open
xmodeldetailcollision,#bathroom_shower_curtain_01_open
physicsasset,#bathroom_toilet_01
xmodeldetailcollision,#bathroom_toilet_01
physicsasset,#board_wood_01_pile
xmodeldetailcollision,#board_wood_01_pile
physicsasset,#building_corrugated_metal4x4
xmodeldetailcollision,#building_corrugated_metal4x4_holes
physicsasset,#building_corrugated_metal4x8
xmodeldetailcollision,#building_corrugated_metal4x8
physicsasset,#building_corrugated_metal8x2_holes
xmodeldetailcollision,#corrugated_metal8x2_holes
physicsasset,#building_corrugated_metal8x8
xmodeldetailcollision,#building_corrugated_metal8x8_holes
physicsasset,#building_drainage_pipe_plastic_01
xmodeldetailcollision,#building_drainage_pipe_plastic_01
physicsasset,#building_exterior_concrete_stairs_01
xmodeldetailcollision,#building_exterior_concrete_stairs_01
physicsasset,#building_exterior_concrete_stairs_01_half
xmodeldetailcollision,#building_exterior_concrete_stairs_01_half
physicsasset,#building_horse_stall_wood_beam_128_01
xmodeldetailcollision,#building_horse_stall_wood_beam_128_01
physicsasset,#building_roof_lip_01_128
xmodeldetailcollision,#building_roof_lip_01_white_128
physicsasset,#building_roof_lip_01_16
xmodeldetailcollision,#building_roof_lip_01_tan_16
physicsasset,#building_roof_lip_01_32
xmodeldetailcollision,#building_roof_lip_01_white_32
physicsasset,#building_roof_lip_01_48
xmodeldetailcollision,#building_roof_lip_01_white_48
physicsasset,#building_roof_lip_01_64
xmodeldetailcollision,#building_roof_lip_01_white_64
physicsasset,#building_roof_lip_01_corner_inside
xmodeldetailcollision,#building_roof_lip_01_tan_corner_inside
physicsasset,#building_roof_lip_01_corner_outside
xmodeldetailcollision,#building_roof_lip_01_tan_corner_outside
physicsasset,#building_support_wood_beam_05_re_size_small
xmodeldetailcollision,#building_support_wood_beam_05_re_size_small
physicsasset,#cardboard_box_damaged_01
xmodeldetailcollision,#cardboard_box_damaged_01
physicsasset,#cardboard_box_small_01
xmodeldetailcollision,#cardboard_box_small_01
physicsasset,#ch_crate24x32x64
xmodeldetailcollision,#ch_crate24x32x64_simple
physicsasset,#cinderblock_01_02
xmodeldetailcollision,#cinderblock_01_02_white
physicsasset,#cinderblock_endcap_03a_64
xmodeldetailcollision,#cinderblock_wall_endcap_01a_64
physicsasset,#cinderblock_pallet_01
xmodeldetailcollision,#cinderblock_pallet_01
physicsasset,#cinderblock_wall_endcap_01_32
xmodeldetailcollision,#cinderblock_wall_endcap_02_32
physicsasset,#cinderblock_wall_topper_01_08
xmodeldetailcollision,#cinderblock_wall_topper_02_08_messy
physicsasset,#cinderblock_wall_topper_01_16
xmodeldetailcollision,#cinderblock_wall_topper_01_16_clip
physicsasset,#cinderblock_wall_topper_01_48
xmodeldetailcollision,#cinderblock_wall_topper_02_48
physicsasset,#com_potted_plant_small_b
xmodeldetailcollision,#com_potted_plant_small_b
physicsasset,#com_restaurantchair_1
xmodeldetailcollision,#com_restaurantchair_1
physicsasset,#com_restaurantstainlessteelshelf_01
xmodeldetailcollision,#com_restaurantstainlessteelshelf_01
physicsasset,#com_trafficcone_01_dyn
xmodeldetailcollision,#com_trafficcone_01_dyn
physicsasset,#construction_cement_mixer_01
xmodeldetailcollision,#construction_cement_mixer_01
physicsasset,#construction_doors_metal_single_frame_a_01_grey
xmodeldetailcollision,#door_metal_single_frame_a_01_grey
physicsasset,#construction_doors_metal_single_frame_b_01_blue
xmodeldetailcollision,#door_metal_single_frame_b_01_grey
physicsasset,#construction_mobile_air_compressor_01
xmodeldetailcollision,#construction_mobile_air_compressor_01
physicsasset,#container_fertilizer_bag_01
xmodeldetailcollision,#container_fertilizer_bag_01
physicsasset,#container_nitrate_bag_pallet
xmodeldetailcollision,#container_nitrate_bag_pallet
physicsasset,#container_trash_can_plastic_kitchen_01
xmodeldetailcollision,#container_trash_can_plastic_kitchen_01
physicsasset,#cp_disco_bus_bench
xmodeldetailcollision,#cp_disco_bus_bench
physicsasset,#cp_rave_floor_mat_01
xmodeldetailcollision,#cp_rave_floor_mat_01
physicsasset,#cp_town_couch_01
xmodeldetailcollision,#cp_town_couch_01
xmodeldetailcollision,#cp_town_playground_slide
physicsasset,#crate_plastic_01_small_green
xmodeldetailcollision,#crate_plastic_sml_01_dirt_green
physicsasset,#deadbody_02_destr
physicsasset,#debris_fabric_pile_04
xmodeldetailcollision,#debris_fabric_pile_04
physicsasset,#decor_barrels_01_damaged
xmodeldetailcollision,#decor_barrels_01_damaged_brown
physicsasset,#decor_hanged_clothes_01_sweater
xmodeldetailcollision,#decor_hanged_clothes_01_sweater_ping
physicsasset,#decor_misc_props_01_shelf_metal
xmodeldetailcollision,#decor_misc_props_01_shelf_metal
physicsasset,#decor_ornate_stone_trim_16
xmodeldetailcollision,#decor_ornate_stone_trim_white_16
physicsasset,#decor_ornate_stone_trim_24
xmodeldetailcollision,#decor_ornate_stone_trim_white_24
physicsasset,#decor_ornate_stone_trim_64
xmodeldetailcollision,#decor_ornate_stone_trim_white_64
physicsasset,#decor_ornate_stone_trim_corner
xmodeldetailcollision,#decor_ornate_stone_trim_white_corner
physicsasset,#decor_plastic_buckets_01_big_white
xmodeldetailcollision,#bucket_plastic
physicsasset,#decor_playground_set_rock_climber_wall
xmodeldetailcollision,#decor_playground_set_rock_climber_wall
physicsasset,#decor_playground_set_round
xmodeldetailcollision,#decor_playground_set_round
physicsasset,#decor_playground_set_swing
xmodeldetailcollision,#decor_playground_set_swing
physicsasset,#decor_radiator_01
xmodeldetailcollision,#decor_radiator_01
physicsasset,#decor_wheelbarrow_01
xmodeldetailcollision,#decor_wheelbarrow_01
physicsasset,#desktop_fan_fn_01
xmodeldetailcollision,#desktop_fan_fn_01
physicsasset,#destructible_prop_plastic_crate
xmodeldetailcollision,#destructible_prop_plastic_crate
physicsasset,#door_frame_double_wooden_office_01_mp
xmodeldetailcollision,#door_frame_double_wooden_office_01_mp
physicsasset,#door_frame_glass_metal_02_double_mp
xmodeldetailcollision,#door_frame_glass_metal_02_double_mp_reinforced_glass
physicsasset,#door_frame_metal_03_old_window_mp
xmodeldetailcollision,#door_frame_metal_03_old_window_left_mp
physicsasset,#door_frame_metal_04_flat_painted_clean_mp
xmodeldetailcollision,#door_frame_metal_04_flat_painted_clean_mp
physicsasset,#door_frame_metal_panel_04_painted_rusty_mp
xmodeldetailcollision,#door_frame_metal_panel_04_painted_rusty_mp
physicsasset,#door_frame_wooden_hollow_02_mp
xmodeldetailcollision,#door_frame_wooden_hollow_02_mp
physicsasset,#door_frame_wooden_hollow_mp_01
xmodeldetailcollision,#door_frame_wooden_hollow_mp_01
physicsasset,#door_frame_wooden_panel_mp_01
xmodeldetailcollision,#door_frame_wooden_panel_mp_01
physicsasset,#ee_appliance_kitchen_industrial_stove_01
xmodeldetailcollision,#ee_appliance_kitchen_industrial_stove_01
physicsasset,#ee_appliance_kitchen_industrial_stove_01_ceiling_vent
xmodeldetailcollision,#ee_appliance_kitchen_industrial_stove_01_ceiling_vent
physicsasset,#ee_barrier_concrete_parking_stopper
xmodeldetailcollision,#ee_barrier_concrete_parking_stopper
physicsasset,#ee_bathroom_shower_curtain_rod_02
xmodeldetailcollision,#ee_bathroom_shower_curtain_rod_02
physicsasset,#ee_box_plastic_closed_large
xmodeldetailcollision,#ee_box_plastic_closed_large
physicsasset,#ee_building_base_128
xmodeldetailcollision,#ee_building_base_128
physicsasset,#ee_building_base_16
xmodeldetailcollision,#ee_building_base_16
physicsasset,#ee_building_base_32
xmodeldetailcollision,#ee_building_base_32
physicsasset,#ee_building_base_64
xmodeldetailcollision,#ee_building_base_64
physicsasset,#ee_building_base_corner_outside
xmodeldetailcollision,#ee_building_base_corner_outside
physicsasset,#ee_building_exterior_concrete_stairs_divider_01
xmodeldetailcollision,#ee_building_exterior_concrete_stairs_divider_01
physicsasset,#ee_building_exterior_concrete_stairs_divider_con_128
xmodeldetailcollision,#ee_building_exterior_concrete_stairs_divider_con_128
physicsasset,#ee_building_exterior_concrete_stairs_divider_con_256
xmodeldetailcollision,#ee_building_exterior_concrete_stairs_divider_con_256
physicsasset,#ee_building_exterior_concrete_stairs_divider_con_32
xmodeldetailcollision,#ee_building_exterior_concrete_stairs_divider_con_32
physicsasset,#ee_building_exterior_concrete_stairs_divider_con_40
xmodeldetailcollision,#ee_building_exterior_concrete_stairs_divider_con_40
physicsasset,#ee_building_exterior_concrete_stairs_divider_con_64
xmodeldetailcollision,#ee_building_exterior_concrete_stairs_divider_con_64
physicsasset,#ee_construction_plywood_stacks_01
xmodeldetailcollision,#ee_construction_plywood_stacks_01
physicsasset,#ee_construction_plywood_stacks_48height
xmodeldetailcollision,#ee_construction_plywood_stacks_48height
physicsasset,#ee_construction_tool_box_metal_01
xmodeldetailcollision,#ee_construction_tool_box_metal_01
physicsasset,#ee_decor_painting_a_mansion_01_lrg
xmodeldetailcollision,#ee_decor_painting_a_mansion_01_lrg
physicsasset,#ee_decor_painting_a_warship_01_lrg
xmodeldetailcollision,#ee_decor_painting_a_warship_01_lrg
physicsasset,#ee_door_wooden_01
xmodeldetailcollision,#ee_door_wooden_01
physicsasset,#ee_doorframe_wood_single_01
xmodeldetailcollision,#ee_doorframe_wood_single_01
physicsasset,#ee_electronics_pos_cash
xmodeldetailcollision,#ee_electronics_pos_cash
physicsasset,#ee_electronics_supermarket_freezer_01
xmodeldetailcollision,#ee_electronics_supermarket_freezer_01
physicsasset,#ee_electronics_television_wall_mounted_large_on
xmodeldetailcollision,#ee_electronics_television_wall_mounted_large
physicsasset,#ee_floor_concrete_slab_01
xmodeldetailcollision,#ee_floor_concrete_slab_01
xmodeldetailcollision,#ee_floor_concrete_slab_02
physicsasset,#ee_foliage_tree_birch_medium_01_dry
xmodeldetailcollision,#ee_foliage_tree_birch_medium_01_dry
physicsasset,#ee_foliage_tree_birch_small_01_dry
xmodeldetailcollision,#ee_foliage_tree_birch_small_01_dry
physicsasset,#ee_foliage_tree_branch_03
xmodeldetailcollision,#ee_foliage_tree_branch_03
physicsasset,#ee_foliage_tree_branch_04
xmodeldetailcollision,#ee_foliage_tree_branch_04
physicsasset,#ee_food_glass_liquor_group_01
xmodeldetailcollision,#ee_food_glass_liquor_group_01
physicsasset,#ee_furniture_bar_stool
xmodeldetailcollision,#ee_furniture_bar_stool
physicsasset,#ee_furniture_bar_table
xmodeldetailcollision,#ee_furniture_bar_table
physicsasset,#ee_furniture_chair_metal_folding_closed
xmodeldetailcollision,#ee_furniture_chair_metal_folding_closed
physicsasset,#ee_furniture_club_bar_appliances
xmodeldetailcollision,#ee_furniture_club_bar_appliances
physicsasset,#ee_furniture_club_bar_appliances_b
xmodeldetailcollision,#ee_furniture_club_bar_appliances_b
physicsasset,#ee_furniture_club_bar_appliances_c
xmodeldetailcollision,#ee_furniture_club_bar_appliances_c
physicsasset,#ee_furniture_club_bar_appliances_d
xmodeldetailcollision,#ee_furniture_club_bar_appliances_d
physicsasset,#ee_furniture_club_bar_appliances_e
xmodeldetailcollision,#ee_furniture_club_bar_appliances_e
physicsasset,#ee_furniture_club_bar_appliances_fridge_a
xmodeldetailcollision,#ee_furniture_club_bar_appliances_fridge_a
physicsasset,#ee_furniture_club_bar_appliances_rack
xmodeldetailcollision,#ee_furniture_club_bar_appliances_rack
physicsasset,#ee_furniture_club_couch
xmodeldetailcollision,#ee_furniture_club_couch
physicsasset,#ee_furniture_desk_reception_section_48x16x16
xmodeldetailcollision,#ee_furniture_desk_reception_section_48x16x16
physicsasset,#ee_furniture_desk_reception_section_48x48x16
xmodeldetailcollision,#ee_furniture_desk_reception_section_48x48x16
physicsasset,#ee_furniture_metal_rack_01
xmodeldetailcollision,#ee_furniture_metal_rack_01
physicsasset,#ee_furniture_polish_wood_pillar_01
xmodeldetailcollision,#ee_furniture_polish_wood_pillar_01
physicsasset,#ee_furniture_polish_wood_rack_01_128
xmodeldetailcollision,#ee_furniture_polish_wood_rack_01_128
physicsasset,#ee_furniture_polish_wood_rack_01_32
xmodeldetailcollision,#ee_furniture_polish_wood_rack_01_32
physicsasset,#ee_furniture_polish_wood_rack_01_64
xmodeldetailcollision,#ee_furniture_polish_wood_rack_01_64
physicsasset,#ee_furniture_polish_wood_rack_01_corner
xmodeldetailcollision,#ee_furniture_polish_wood_rack_01_corner
physicsasset,#ee_furniture_shelf_wood_medium
xmodeldetailcollision,#ee_furniture_shelf_wood_medium
physicsasset,#ee_furniture_table_metal_industrial
xmodeldetailcollision,#ee_furniture_table_metal_industrial
physicsasset,#ee_furniture_table_wood_furniture_coffee
xmodeldetailcollision,#ee_furniture_table_wood_furniture_coffee
physicsasset,#ee_furniture_wall_table_01_32
xmodeldetailcollision,#ee_furniture_wall_table_red_01_32
physicsasset,#ee_furniture_wall_table_01_64
xmodeldetailcollision,#ee_furniture_wall_table_01_64
physicsasset,#ee_furniture_wall_table_01_left_end
xmodeldetailcollision,#ee_furniture_wall_table_red_01_left_end
physicsasset,#ee_furniture_wall_table_01_right_end
xmodeldetailcollision,#ee_furniture_wall_table_01_right_end
physicsasset,#ee_furniture_wood_spa_shelf_01
xmodeldetailcollision,#ee_furniture_wood_spa_shelf_01
physicsasset,#ee_furniture_wood_spa_wardrobe_door_l_01
xmodeldetailcollision,#ee_furniture_wood_spa_wardrobe_door_l_01
physicsasset,#ee_furniture_wood_spa_wardrobe_door_r_01
xmodeldetailcollision,#ee_furniture_wood_spa_wardrobe_door_r_01
physicsasset,#ee_furniture_wood_wainscot_01
xmodeldetailcollision,#ee_furniture_wood_wainscot_01
physicsasset,#ee_garbage_bag_filled_02
xmodeldetailcollision,#ee_garbage_bag_filled_02_blue
physicsasset,#ee_garbage_bag_filled_03
xmodeldetailcollision,#ee_garbage_bag_filled_03
physicsasset,#ee_ladder_metal_service_extension
xmodeldetailcollision,#ee_ladder_metal_service_extension
physicsasset,#ee_light_fixture_lamp_short_01
xmodeldetailcollision,#ee_light_fixture_lamp_short_01
physicsasset,#ee_light_fixture_lamp_tall_01
xmodeldetailcollision,#ee_light_fixture_lamp_tall_01
physicsasset,#ee_light_fixture_wall_mounted_01
xmodeldetailcollision,#ee_light_fixture_wall_mounted_01_lm
physicsasset,#ee_light_fixture_wall_mounted_04
xmodeldetailcollision,#ee_light_fixture_wall_mounted_04
physicsasset,#ee_manmade_wood_planks_worn_a_02
xmodeldetailcollision,#ee_manmade_wood_planks_worn_a_02
physicsasset,#ee_manmade_wood_planks_worn_a_04
xmodeldetailcollision,#ee_manmade_wood_planks_worn_a_04
physicsasset,#ee_manmade_wood_planks_worn_a_05
xmodeldetailcollision,#ee_manmade_wood_planks_worn_a_05
physicsasset,#ee_mansion_curtain_open_left_01_blue
xmodeldetailcollision,#ee_mansion_curtain_open_left_01_blue
physicsasset,#ee_mansion_curtain_open_left_01_gold
xmodeldetailcollision,#ee_mansion_curtain_open_left_01
physicsasset,#ee_mansion_curtain_open_left_03_gold
xmodeldetailcollision,#ee_mansion_curtain_open_left_03
physicsasset,#ee_mansion_curtain_open_right_01_blue
xmodeldetailcollision,#ee_mansion_curtain_open_right_01_blue
physicsasset,#ee_mansion_curtain_open_right_01_gold
xmodeldetailcollision,#ee_mansion_curtain_open_right_01
physicsasset,#ee_mansion_curtain_open_right_03_gold
xmodeldetailcollision,#ee_mansion_curtain_open_right_03
physicsasset,#ee_mansion_int_railing_114_01
xmodeldetailcollision,#ee_mansion_int_railing_114_01
physicsasset,#ee_mansion_int_railing_33_01
xmodeldetailcollision,#ee_mansion_int_railing_33_01_light
physicsasset,#ee_mansion_int_railing_42_01
xmodeldetailcollision,#ee_mansion_int_railing_42_01_light
physicsasset,#ee_mansion_int_railing_column_01
xmodeldetailcollision,#ee_mansion_int_railing_column_01_light
physicsasset,#ee_mansion_int_railing_end
xmodeldetailcollision,#ee_mansion_int_railing_end
physicsasset,#ee_mansion_int_railing_end_01
xmodeldetailcollision,#ee_mansion_int_railing_end_01
physicsasset,#ee_mansion_int_railing_end_02
xmodeldetailcollision,#ee_mansion_int_railing_end_02
physicsasset,#ee_mansion_int_railing_end_03
xmodeldetailcollision,#ee_mansion_int_railing_end_03
physicsasset,#ee_mansion_int_railing_stairway_8x12_01
xmodeldetailcollision,#ee_mansion_int_railing_stairway_8x12_01_light
physicsasset,#ee_mansion_int_railing_stairway_8x12_02
xmodeldetailcollision,#ee_mansion_int_railing_stairway_8x12_02_light
physicsasset,#ee_mansion_int_railing_stairway_8x12_03
xmodeldetailcollision,#ee_mansion_int_railing_stairway_8x12_03
physicsasset,#ee_mansion_int_railing_stairway_8x12_04
xmodeldetailcollision,#ee_mansion_int_railing_stairway_8x12_04
physicsasset,#ee_mansion_int_railing_stairway_end
xmodeldetailcollision,#ee_mansion_int_railing_stairway_end
physicsasset,#ee_mansion_int_railing_stairway_woodwork_8x10_04
xmodeldetailcollision,#ee_mansion_int_railing_stairway_woodwork_8x10_04
physicsasset,#ee_mansion_int_railing_stairway_woodwork_8x10_05
xmodeldetailcollision,#ee_mansion_int_railing_stairway_woodwork_8x10_05
physicsasset,#ee_mansion_int_railing_woodwork_12_01
xmodeldetailcollision,#ee_mansion_int_railing_woodwork_12_01
physicsasset,#ee_mansion_int_railing_woodwork_6_01
xmodeldetailcollision,#ee_mansion_int_railing_woodwork_6_01
physicsasset,#ee_mansion_int_staircase_8x12_03
xmodeldetailcollision,#ee_mansion_int_staircase_8x12_03
physicsasset,#ee_mansion_int_staircase_8x12_04
xmodeldetailcollision,#ee_mansion_int_staircase_8x12_04
physicsasset,#ee_mansion_int_staircase_8x12_05
xmodeldetailcollision,#ee_mansion_int_staircase_8x12_05
physicsasset,#ee_mansion_int_staircase_8x12_06
xmodeldetailcollision,#ee_mansion_int_staircase_8x12_06
physicsasset,#ee_mansion_wall_ornament_brick_corner_04
xmodeldetailcollision,#ee_mansion_wall_ornament_brick_corner_04
physicsasset,#ee_mansion_wall_ornament_brick_corner_07
xmodeldetailcollision,#ee_mansion_wall_ornament_brick_corner_07
physicsasset,#ee_mirror_wall_mounted_bathroom
xmodeldetailcollision,#ee_mirror_wall_mounted_bathroom
physicsasset,#ee_pillar_exterior_01
xmodeldetailcollision,#ee_pillar_exterior_01
physicsasset,#ee_pillar_stone_marble_03
xmodeldetailcollision,#ee_pillar_stone_marble_03
physicsasset,#ee_pipe_02_joint_coupling_01
xmodeldetailcollision,#ee_pipe_02_joint_coupling_01
physicsasset,#ee_pipe_05_128
xmodeldetailcollision,#ee_pipe_05_128
physicsasset,#ee_pipe_05_32
xmodeldetailcollision,#ee_pipe_05_32
physicsasset,#ee_pipe_05_64
xmodeldetailcollision,#ee_pipe_05_64
physicsasset,#ee_pipe_05_elbow_01
xmodeldetailcollision,#ee_pipe_05_elbow_01
physicsasset,#ee_pipe_05_t
xmodeldetailcollision,#ee_pipe_05_t
physicsasset,#ee_pipe_05_valve_01
xmodeldetailcollision,#ee_pipe_05_valve_01
physicsasset,#ee_road_dirt_pebbles_tee_c
xmodeldetailcollision,#ee_road_dirt_pebbles_tee_c
physicsasset,#ee_rock_boulder_01
xmodeldetailcollision,#ee_rock_boulder_01
physicsasset,#ee_rock_boulder_04
xmodeldetailcollision,#ee_rock_boulder_04
physicsasset,#ee_rock_cliff_02
xmodeldetailcollision,#ee_rock_cliff_02
physicsasset,#ee_rock_cliff_03
xmodeldetailcollision,#ee_rock_cliff_03
physicsasset,#ee_rock_cliff_04
xmodeldetailcollision,#ee_rock_cliff_04_snow
physicsasset,#ee_rock_cliff_05
xmodeldetailcollision,#ee_rock_cliff_05_snow
physicsasset,#ee_rock_cliff_iceland_01
xmodeldetailcollision,#ee_rock_cliff_iceland_01
xmodeldetailcollision,#ee_rock_cliff_iceland_01_snow
physicsasset,#ee_rock_dirt_muddy_ground_a_03
xmodeldetailcollision,#ee_rock_dirt_muddy_ground_a_03_light
physicsasset,#ee_rock_outcrop_01
xmodeldetailcollision,#ee_rock_outcrop_01
physicsasset,#ee_rock_outcrop_02
xmodeldetailcollision,#ee_rock_outcrop_02
physicsasset,#ee_rock_riverbed_cluster_02_lg_01
xmodeldetailcollision,#ee_rock_riverbed_cluster_02_lg_01
xmodeldetailcollision,#ee_rock_riverbed_cluster_02_lg_01_snow
physicsasset,#ee_rock_riverbed_cluster_02_lg_02
xmodeldetailcollision,#ee_rock_riverbed_cluster_02_lg_02
xmodeldetailcollision,#ee_rock_riverbed_cluster_02_lg_02_snow
physicsasset,#ee_rock_riverbed_cluster_02_lg_03
xmodeldetailcollision,#ee_rock_riverbed_cluster_02_lg_03
xmodeldetailcollision,#ee_rock_riverbed_cluster_02_lg_03_snow
physicsasset,#ee_rock_riverbed_cluster_02_md_01
xmodeldetailcollision,#ee_rock_riverbed_cluster_02_md_01_snow
physicsasset,#ee_rock_riverbed_cluster_02_md_02
xmodeldetailcollision,#ee_rock_riverbed_cluster_02_md_02_snow
physicsasset,#ee_rock_riverbed_cluster_02_md_03
xmodeldetailcollision,#ee_rock_riverbed_cluster_02_md_03
physicsasset,#ee_rock_riverbed_cluster_02_md_04
xmodeldetailcollision,#ee_rock_riverbed_cluster_02_md_04
physicsasset,#ee_rock_riverbed_cluster_02_sm_02
xmodeldetailcollision,#ee_rock_riverbed_cluster_02_sm_02_snow
physicsasset,#ee_roof_rusted_corrugated_metal_a_01_hvk
xmodeldetailcollision,#ee_roof_rusted_corrugated_metal_a_01
physicsasset,#ee_roof_rusted_corrugated_metal_a_02_hvk
xmodeldetailcollision,#ee_roof_rusted_corrugated_metal_a_02
physicsasset,#ee_roof_rusted_corrugated_metal_a_04_hvk
xmodeldetailcollision,#ee_roof_rusted_corrugated_metal_a_04
physicsasset,#ee_roof_rusted_corrugated_metal_a_05_hvk
xmodeldetailcollision,#ee_roof_rusted_corrugated_metal_a_05
physicsasset,#ee_roof_rusted_corrugated_metal_a_06_hvk
xmodeldetailcollision,#ee_roof_rusted_corrugated_metal_a_06
physicsasset,#ee_roof_rusted_corrugated_metal_a_07_hvk
xmodeldetailcollision,#ee_roof_rusted_corrugated_metal_a_07
physicsasset,#ee_roof_rusted_corrugated_metal_a_08_hvk
xmodeldetailcollision,#ee_roof_rusted_corrugated_metal_a_08
physicsasset,#ee_roof_tiles_01_128
xmodeldetailcollision,#ee_roof_tiles_01_128
physicsasset,#ee_roof_tiles_01_short_32
xmodeldetailcollision,#ee_roof_tiles_01_short_32
physicsasset,#ee_sign_commercial_restaurant_03
xmodeldetailcollision,#ee_sign_commercial_restaurant_03
physicsasset,#ee_sign_commercial_restaurant_04
xmodeldetailcollision,#ee_sign_commercial_restaurant_04
physicsasset,#ee_sign_commercial_restaurant_05
xmodeldetailcollision,#ee_sign_commercial_restaurant_05
physicsasset,#ee_sign_commercial_restaurant_06
xmodeldetailcollision,#ee_sign_commercial_restaurant_06
physicsasset,#ee_sign_commercial_restaurant_07
xmodeldetailcollision,#ee_sign_commercial_restaurant_07
physicsasset,#ee_sign_frame_01_64
xmodeldetailcollision,#ee_sign_frame_01_64
physicsasset,#ee_sign_plastic_floor_janitor
xmodeldetailcollision,#ee_sign_plastic_floor_janitor
physicsasset,#ee_signs_industrial_close_the_door
xmodeldetailcollision,#ee_signs_industrial_close_the_door
physicsasset,#ee_signs_industrial_do_not_block
xmodeldetailcollision,#ee_signs_industrial_do_not_block
physicsasset,#ee_sink_bathroom_simple
xmodeldetailcollision,#ee_sink_bathroom_simple
physicsasset,#ee_street_cement_curb_128
physicsasset,#ee_street_cement_curb_32
xmodeldetailcollision,#ee_street_cement_curb_32
physicsasset,#ee_street_cement_curb_64
xmodeldetailcollision,#ee_street_cement_curb_64
physicsasset,#ee_tool_pitchfork_01
xmodeldetailcollision,#ee_tool_pitchfork_01
physicsasset,#ee_trash_dumpster_01
xmodeldetailcollision,#ee_trash_dumpster_01
physicsasset,#ee_trash_dumpster_cap_full
xmodeldetailcollision,#ee_trash_dumpster_cap_full
physicsasset,#ee_trash_dumpster_cover_01
xmodeldetailcollision,#ee_trash_dumpster_cover_01
physicsasset,#ee_trim_plaster_01_12
xmodeldetailcollision,#ee_trim_plaster_01_12
physicsasset,#ee_trim_plaster_01_128
xmodeldetailcollision,#ee_trim_plaster_01_128
physicsasset,#ee_trim_plaster_01_256
xmodeldetailcollision,#ee_trim_plaster_01_256
physicsasset,#ee_trim_plaster_01_32
xmodeldetailcollision,#ee_trim_plaster_01_32
physicsasset,#ee_trim_plaster_01_512
xmodeldetailcollision,#ee_trim_plaster_01_512
physicsasset,#ee_trim_plaster_01_64
xmodeldetailcollision,#ee_trim_plaster_01_64
physicsasset,#ee_trim_plaster_01_inner_corner
xmodeldetailcollision,#ee_trim_plaster_01_inner_corner
physicsasset,#ee_trim_plaster_01_outer_corner
xmodeldetailcollision,#ee_trim_plaster_01_outer_corner
physicsasset,#ee_trim_plaster_02_128
xmodeldetailcollision,#ee_trim_plaster_02_128
physicsasset,#ee_trim_plaster_02_256
xmodeldetailcollision,#ee_trim_plaster_02_256
physicsasset,#ee_trim_plaster_02_32
xmodeldetailcollision,#ee_trim_plaster_02_32
physicsasset,#ee_trim_plaster_02_64
xmodeldetailcollision,#ee_trim_plaster_02_64
physicsasset,#ee_trim_plaster_02_inner_corner
xmodeldetailcollision,#ee_trim_plaster_02_inner_corner
physicsasset,#ee_trim_plaster_02_outer_corner
xmodeldetailcollision,#ee_trim_plaster_02_outer_corner
physicsasset,#ee_trim_plaster_02_tiny
xmodeldetailcollision,#ee_trim_plaster_02_tiny
physicsasset,#ee_trim_plaster_02_tiny_cap_l
xmodeldetailcollision,#ee_trim_plaster_02_tiny_cap_l
physicsasset,#ee_trim_plaster_02_tiny_cap_r
xmodeldetailcollision,#ee_trim_plaster_02_tiny_cap_r
physicsasset,#ee_trim_plaster_02_tiny_corner
xmodeldetailcollision,#ee_trim_plaster_02_tiny_corner
physicsasset,#ee_trim_plaster_03_window_163
xmodeldetailcollision,#ee_trim_plaster_03_window_163
physicsasset,#ee_trim_plaster_03_window_187
xmodeldetailcollision,#ee_trim_plaster_03_window_187
physicsasset,#ee_trim_plaster_03_window_83
xmodeldetailcollision,#ee_trim_plaster_03_window_83
physicsasset,#ee_trim_plaster_04_corner
xmodeldetailcollision,#ee_trim_plaster_04_corner_beige
physicsasset,#ee_trim_plaster_04_frame_128
xmodeldetailcollision,#ee_trim_plaster_04_frame_128_beige
physicsasset,#ee_trim_plaster_04_frame_16
xmodeldetailcollision,#ee_trim_plaster_04_frame_16_beige
physicsasset,#ee_trim_plaster_04_frame_256
xmodeldetailcollision,#ee_trim_plaster_04_frame_256_beige
physicsasset,#ee_trim_plaster_04_frame_32
xmodeldetailcollision,#ee_trim_plaster_04_frame_32_beige
physicsasset,#ee_trim_plaster_04_frame_64
xmodeldetailcollision,#ee_trim_plaster_04_frame_64_beige
physicsasset,#ee_trim_plaster_04_frame_8
xmodeldetailcollision,#ee_trim_plaster_04_frame_8_beige
physicsasset,#ee_trim_plate_metal_01_s_32
xmodeldetailcollision,#ee_trim_plate_metal_01_s_32
physicsasset,#ee_trim_plate_metal_01_s_64
xmodeldetailcollision,#ee_trim_plate_metal_01_s_64
physicsasset,#ee_trim_plate_metal_01_s_corner
xmodeldetailcollision,#ee_trim_plate_metal_01_s_corner
physicsasset,#ee_trim_wooden_top_ceiling_01_pub_02
xmodeldetailcollision,#ee_trim_wooden_top_ceiling_01_pub_02
physicsasset,#ee_trim_wooden_top_ceiling_01_pub_03
xmodeldetailcollision,#ee_trim_wooden_top_ceiling_01_pub_03
physicsasset,#ee_utility_pole_concrete
xmodeldetailcollision,#ee_utility_pole_concrete
physicsasset,#ee_utility_pole_service_drop_03
xmodeldetailcollision,#ee_utility_pole_service_drop_03
physicsasset,#ee_utility_pole_street_light
xmodeldetailcollision,#ee_utility_pole_street_light
xmodeldetailcollision,#ee_utility_pole_street_light_merged_lm
physicsasset,#ee_wainscot_stained_128
xmodeldetailcollision,#ee_wainscot_stained_128
physicsasset,#ee_wainscot_stained_16
xmodeldetailcollision,#ee_wainscot_stained_16
physicsasset,#ee_wainscot_stained_32
xmodeldetailcollision,#ee_wainscot_stained_32
physicsasset,#ee_wainscot_stained_4
xmodeldetailcollision,#ee_wainscot_stained_4
physicsasset,#ee_wainscot_stained_64
xmodeldetailcollision,#ee_wainscot_stained_64
physicsasset,#ee_wainscot_stained_8
xmodeldetailcollision,#ee_wainscot_stained_8
physicsasset,#ee_wainscot_stained_corner_in
xmodeldetailcollision,#ee_wainscot_stained_corner_in
physicsasset,#ee_wainscot_stained_corner_out
xmodeldetailcollision,#ee_wainscot_stained_corner_out
physicsasset,#ee_wainscot_stained_end
xmodeldetailcollision,#ee_wainscot_stained_end
physicsasset,#ee_wall_base_brick_128
xmodeldetailcollision,#ee_wall_base_concrete_128
physicsasset,#ee_wall_base_brick_32
xmodeldetailcollision,#ee_wall_base_concrete_32
physicsasset,#ee_wall_base_brick_64
xmodeldetailcollision,#ee_wall_base_concrete_64
physicsasset,#ee_wall_base_brick_96
xmodeldetailcollision,#ee_wall_base_concrete_96
physicsasset,#ee_wall_base_brick_corner_90_out
xmodeldetailcollision,#ee_wall_base_concrete_corner_90_out
physicsasset,#ee_wall_concrete_6
xmodeldetailcollision,#ee_wall_concrete_6
physicsasset,#ee_wall_concrete_corner_01
xmodeldetailcollision,#ee_wall_concrete_corner_01
physicsasset,#ee_wall_concrete_corner_02
xmodeldetailcollision,#ee_wall_concrete_corner_02
physicsasset,#ee_wall_concrete_corner_03
xmodeldetailcollision,#ee_wall_concrete_corner_03
physicsasset,#ee_wall_concrete_corner_04
xmodeldetailcollision,#ee_wall_concrete_corner_04
physicsasset,#ee_wall_kitchen_ceramic_01
xmodeldetailcollision,#ee_wall_kitchen_ceramic_01
physicsasset,#ee_wall_marblesbrick_02_step_36
xmodeldetailcollision,#ee_wall_marblesbrick_02_step_36
physicsasset,#ee_wall_marblesbrick_02_step_94
xmodeldetailcollision,#ee_wall_marblesbrick_02_step_94
physicsasset,#ee_wall_marblesbrick_02_step_corner
xmodeldetailcollision,#ee_wall_marblesbrick_02_step_corner
physicsasset,#ee_wall_plaster_01_exterior
xmodeldetailcollision,#ee_wall_plaster_01_exterior
physicsasset,#ee_wall_plaster_01_interior
xmodeldetailcollision,#ee_wall_plaster_01_interior
physicsasset,#ee_window_trim_01
xmodeldetailcollision,#ee_window_trim_01
physicsasset,#ee_window_trim_02
xmodeldetailcollision,#ee_window_trim_02_red
physicsasset,#ee_window_wooden_frame_01
xmodeldetailcollision,#ee_window_wooden_frame_01
physicsasset,#electrical_box_rusted_01
xmodeldetailcollision,#electrical_box_rusted_01
physicsasset,#electrical_box_street_03
xmodeldetailcollision,#electrical_box_street_03
physicsasset,#electrical_conduit_set_electrical_box_02
xmodeldetailcollision,#electrical_conduit_set_electrical_box_02
physicsasset,#electrical_conduit_set_electrical_box_03
xmodeldetailcollision,#electrical_conduit_set_electrical_box_03
physicsasset,#electrical_conduit_set_electrical_box_medium
xmodeldetailcollision,#electrical_conduit_set_electrical_box_medium
physicsasset,#electronics_fire_alarm_01_lod0
xmodeldetailcollision,#electronics_fire_alarm_01_lod0
physicsasset,#electronics_television_wall_mount_01
xmodeldetailcollision,#electronics_television_wall_mount_01
physicsasset,#equipment_ac_unit_01
xmodeldetailcollision,#equipment_ac_unit_01
physicsasset,#equipment_ac_unit_wall_mount_01
xmodeldetailcollision,#equipment_ac_unit_wall_mount_01
physicsasset,#equipment_roof_skylight_medium_01
xmodeldetailcollision,#equipment_roof_skylight_medium_01
physicsasset,#equipment_satellite_dish_01_sml
xmodeldetailcollision,#equipment_satellite_dish_01_sml
physicsasset,#equipment_stove_01
xmodeldetailcollision,#equipment_stove_01
physicsasset,#equipment_tv_01
xmodeldetailcollision,#equipment_tv_01
physicsasset,#fabric_insulation_fiberglass_01_folded_pink
xmodeldetailcollision,#fabric_insulation_fiberglass_01_folded_yellow
physicsasset,#fabric_insulation_fiberglass_01_rolled_pink
xmodeldetailcollision,#fabric_insulation_fiberglass_01_rolled_yellow
physicsasset,#fac_metal_extinguisher_02
xmodeldetailcollision,#fac_metal_extinguisher_02
physicsasset,#fence_metal_reinforcement_posts_128_front
xmodeldetailcollision,#fence_metal_reinforcement_posts_128_front
physicsasset,#fence_wood_planks_02_128_lm
xmodeldetailcollision,#fence_wood_planks_02_128
physicsasset,#firniture_basic_couches_02
xmodeldetailcollision,#furniture_couch_rural_02
physicsasset,#firniture_basic_couches_03
xmodeldetailcollision,#firniture_couch_rural_04
physicsasset,#fixture_bathtub_freestanding_01
xmodeldetailcollision,#fixture_bathtub_freestanding_01
physicsasset,#foliage_pot_plant_decorative_01_lrg
xmodeldetailcollision,#foliage_pot_plant_decorative_01_lrg
physicsasset,#foliage_tree_oak_01
xmodeldetailcollision,#foliage_tree_oak_01_b
physicsasset,#foliage_tree_oak_02
xmodeldetailcollision,#foliage_tree_oak_02_b_autumn
physicsasset,#foliage_tree_populus_01
xmodeldetailcollision,#foliage_tree_populus_01
physicsasset,#foliage_tree_populus_01_dry
xmodeldetailcollision,#foliage_tree_populus_01_dry
physicsasset,#foliage_tree_spruce_02
xmodeldetailcollision,#foliage_tree_spruce_02_winter_lm
physicsasset,#foliage_tree_spruce_03
xmodeldetailcollision,#foliage_tree_spruce_03_trunk
physicsasset,#foliage_tree_stump_01
xmodeldetailcollision,#foliage_tree_stump_01_snow
physicsasset,#foliage_tree_stump_02
xmodeldetailcollision,#foliage_tree_stump_02
physicsasset,#furniture_bed_blanket_01
xmodeldetailcollision,#furniture_bed_blanket_01_pink
physicsasset,#furniture_bed_twin_01
xmodeldetailcollision,#furniture_bed_twin_01
physicsasset,#furniture_cafe_chair_01
xmodeldetailcollision,#furniture_cafe_chair_01
physicsasset,#furniture_dresser_commode
xmodeldetailcollision,#furniture_dresser_commode
physicsasset,#furniture_fan
xmodeldetailcollision,#furniture_fan
physicsasset,#furniture_mattresses_01_small
xmodeldetailcollision,#furniture_mattresses_01_small_dirt1_red
physicsasset,#furniture_painting_frame_02_brown
xmodeldetailcollision,#furniture_painting_frame_02_brown
xmodeldetailcollision,#furniture_painting_frame_02_brown_02
xmodeldetailcollision,#furniture_painting_frame_02_brown_ee
physicsasset,#furniture_painting_frame_03_brown
xmodeldetailcollision,#furniture_painting_frame_03_brown_03_ee
xmodeldetailcollision,#furniture_painting_frame_03_brown_04
physicsasset,#furniture_queen_pillow_01
physicsasset,#furniture_school_desk_01
xmodeldetailcollision,#furniture_school_desk_01_lid
xmodeldetailcollision,#furniture_school_desk_02
physicsasset,#furniture_table_wooden_small_02
xmodeldetailcollision,#furniture_table_wooden_small_02
physicsasset,#furniture_wood_bookcase_large_01
xmodeldetailcollision,#furniture_wood_bookcase_large_01
physicsasset,#furniture_wood_dresser_01_light_full_set
xmodeldetailcollision,#furniture_wood_dresser_01_light_full_set
physicsasset,#furniture_wood_dresser_02_full_set
xmodeldetailcollision,#furniture_wood_dresser_02_light_full_set
physicsasset,#furniture_wood_folding_chair_01
xmodeldetailcollision,#furniture_wood_folding_chair_01
physicsasset,#furniture_wood_side_table_01_hero
xmodeldetailcollision,#furniture_wood_side_table_01_hero
physicsasset,#glass_beer_bottle_fn_01
xmodeldetailcollision,#glass_beer_bottle_fn_01
physicsasset,#glass_broken_debris_pile_03
xmodeldetailcollision,#glass_broken_debris_pile_03
physicsasset,#glass_broken_debris_pile_06
physicsasset,#glass_broken_debris_pile_08
xmodeldetailcollision,#brokenglass_pile08
physicsasset,#glass_broken_frame_corner_01
xmodeldetailcollision,#glass_broken_frame_corner_01
physicsasset,#glass_broken_frame_corner_02
xmodeldetailcollision,#glass_broken_frame_corner_02
physicsasset,#glass_broken_frame_corner_03
xmodeldetailcollision,#glass_broken_frame_corner_03
physicsasset,#hardware_plywood_bare_01_24
xmodeldetailcollision,#hardware_plywood_painted_white_01_24
physicsasset,#hardware_plywood_bare_01_48
xmodeldetailcollision,#hardware_plywood_bare_01_48_dirty
physicsasset,#hardware_plywood_osb_bare_01_24
xmodeldetailcollision,#hardware_plywood_osb_bare_01_24
physicsasset,#hardware_plywood_painted_white_01
xmodeldetailcollision,#hardware_plywood_painted_white_01
physicsasset,#hardware_plywood_painted_white_01_48
physicsasset,#kitchen_countertop_01_32
xmodeldetailcollision,#kitchen_countertop_01_32
physicsasset,#kitchen_countertop_01_sink_64
xmodeldetailcollision,#kitchen_countertop_01_sink_64
physicsasset,#kitchen_metal_sink_01
xmodeldetailcollision,#kitchen_metal_sink_01
physicsasset,#kitchen_refrigerators_01_double_door
xmodeldetailcollision,#kitchen_refrigerators_01_double_door
physicsasset,#light_ceiling_bulb_01
xmodeldetailcollision,#light_ceiling_bulb_02_lm
physicsasset,#light_ceiling_bulb_02
physicsasset,#light_interior_wall_sconce_01_off
xmodeldetailcollision,#light_interior_wall_sconce_01_off
physicsasset,#light_outdoorwall03
xmodeldetailcollision,#light_outdoorwall03
physicsasset,#light_street_lamp_post_05
xmodeldetailcollision,#light_street_lamp_post_05_lm
physicsasset,#lm_accessory_don_currency_01_bagged_a
xmodeldetailcollision,#lm_accessory_don_currency_01_bagged_a
physicsasset,#lm_accessory_don_currency_01_bagged_b
xmodeldetailcollision,#lm_accessory_don_currency_01_bagged_b
physicsasset,#lm_accessory_don_currency_01_stacked_a
xmodeldetailcollision,#lm_accessory_don_currency_01_stacked_a
xmodeldetailcollision,#lm_accessory_don_currency_01_stacked_b
xmodeldetailcollision,#lm_accessory_don_currency_01_stacked_c
physicsasset,#lm_accessory_don_currency_01_vacseal_a
xmodeldetailcollision,#lm_accessory_don_currency_01_vacseal_a
physicsasset,#lm_barrier_plastic_red_01
xmodeldetailcollision,#lm_barrier_plastic_blue_01
physicsasset,#lm_chimney_house_suburban_01
xmodeldetailcollision,#lm_chimney_house_suburban_01
physicsasset,#lm_chimney_house_suburban_02
xmodeldetailcollision,#lm_chimney_house_suburban_02
physicsasset,#lm_floor_statium_bench_slab
xmodeldetailcollision,#floor_stadium_bench_slab
physicsasset,#lm_furniture_stadium_terrace_table
xmodeldetailcollision,#lm_furniture_stadium_terrace_table
physicsasset,#lm_large_rock_01
xmodeldetailcollision,#lm_large_rock_01
xmodeldetailcollision,#lm_large_rock_01_snow
physicsasset,#lm_large_rock_02
xmodeldetailcollision,#lm_large_rock_02_snow
physicsasset,#lm_large_rock_03
xmodeldetailcollision,#lm_large_rock_03_snow
physicsasset,#lm_machinery_hvac_roof_a_01
xmodeldetailcollision,#lm_machinery_hvac_roof_a_01
physicsasset,#lm_machinery_maintenance_ac_unit_01
xmodeldetailcollision,#lm_machinery_maintenance_ac_unit_01
physicsasset,#lm_mid_rock_01
xmodeldetailcollision,#lm_mid_rock_01
xmodeldetailcollision,#lm_mid_rock_01_snow
physicsasset,#lm_mid_rock_02
xmodeldetailcollision,#lm_mid_rock_02
xmodeldetailcollision,#lm_mid_rock_02_snow
physicsasset,#lm_mid_rock_03
xmodeldetailcollision,#lm_mid_rock_03_snow
physicsasset,#lm_roof_02_corrugated_eave_02_left_shallow_a
xmodeldetailcollision,#lm_roof_02_corrugated_eave_02_left_shallow_a
physicsasset,#lm_roof_02_corrugated_eave_02_right_shallow_a
xmodeldetailcollision,#lm_roof_02_corrugated_eave_02_right_shallow_a
physicsasset,#lm_roof_02_corrugated_eave_128_a
xmodeldetailcollision,#lm_roof_02_corrugated_eave_128_a
physicsasset,#lm_roof_02_corrugated_eave_128_shallow_a
xmodeldetailcollision,#lm_roof_02_corrugated_eave_128_shallow_a
physicsasset,#lm_roof_02_corrugated_eave_128_steep_a
xmodeldetailcollision,#lm_roof_02_corrugated_eave_128_steep_a
physicsasset,#lm_roof_02_corrugated_eave_256_a
xmodeldetailcollision,#lm_roof_02_corrugated_eave_256_a
physicsasset,#lm_roof_02_corrugated_eave_256_shallow_a
xmodeldetailcollision,#lm_roof_02_corrugated_eave_256_shallow_a
physicsasset,#lm_roof_02_corrugated_eave_256_steep_a
xmodeldetailcollision,#lm_roof_02_corrugated_eave_256_steep_a
physicsasset,#lm_roof_02_corrugated_eave_32_steep_a
xmodeldetailcollision,#lm_roof_02_corrugated_eave_32_steep_a
physicsasset,#lm_roof_02_corrugated_eave_64_a
xmodeldetailcollision,#lm_roof_02_corrugated_eave_64_a
physicsasset,#lm_roof_02_corrugated_eave_64_steep_a
xmodeldetailcollision,#lm_roof_02_corrugated_eave_64_steep_a
physicsasset,#lm_roof_02_corrugated_eave_96_steep_a
xmodeldetailcollision,#lm_roof_02_corrugated_eave_96_steep_a
physicsasset,#lm_roof_02_corrugated_eave_aframe_128_left_shallow_a
xmodeldetailcollision,#lm_roof_02_corrugated_eave_aframe_128_left_shallow_a
physicsasset,#lm_roof_02_corrugated_eave_aframe_128_right_shallow_a
xmodeldetailcollision,#lm_roof_02_corrugated_eave_aframe_128_right_shallow_a
physicsasset,#lm_roof_02_corrugated_eave_aframe_32_left_steep1_a
xmodeldetailcollision,#lm_roof_02_corrugated_eave_aframe_32_left_steep1_a
physicsasset,#lm_roof_02_corrugated_eave_aframe_32_right_steep1_a
xmodeldetailcollision,#lm_roof_02_corrugated_eave_aframe_32_right_steep1_a
physicsasset,#lm_roof_02_corrugated_eave_aframe_64_left_shallow_a
xmodeldetailcollision,#lm_roof_02_corrugated_eave_aframe_64_left_shallow_a
physicsasset,#lm_roof_02_corrugated_eave_aframe_64_left_steep1_a
xmodeldetailcollision,#lm_roof_02_corrugated_eave_aframe_64_left_steep1_a
physicsasset,#lm_roof_02_corrugated_eave_aframe_64_right_shallow_a
xmodeldetailcollision,#lm_roof_02_corrugated_eave_aframe_64_right_shallow_a
physicsasset,#lm_roof_02_corrugated_eave_aframe_64_right_steep1_a
xmodeldetailcollision,#lm_roof_02_corrugated_eave_aframe_64_right_steep1_a
physicsasset,#lm_roof_02_corrugated_eave_aframe_96_left_shallow_a
xmodeldetailcollision,#lm_roof_02_corrugated_eave_aframe_96_left_shallow_a
physicsasset,#lm_roof_02_corrugated_eave_aframe_96_right_shallow_a
xmodeldetailcollision,#lm_roof_02_corrugated_eave_aframe_96_right_shallow_a
physicsasset,#lm_roof_02_corrugated_eave_aframe_ridge_02_steep_a
xmodeldetailcollision,#lm_roof_02_corrugated_eave_aframe_ridge_02_steep_a
physicsasset,#lm_roof_02_corrugated_eave_aframe_transition_left_02_steep_a
xmodeldetailcollision,#lm_roof_02_corrugated_eave_aframe_transition_left_02_steep_a
physicsasset,#lm_roof_02_corrugated_eave_corner_02_left_steep1_a
xmodeldetailcollision,#lm_roof_02_corrugated_eave_corner_02_left_steep1_a
physicsasset,#lm_roof_02_corrugated_eave_corner_02_right_steep1_a
xmodeldetailcollision,#lm_roof_02_corrugated_eave_corner_02_right_steep1_a
physicsasset,#lm_roof_02_corrugated_eave_corner_inside_steep_a
xmodeldetailcollision,#lm_roof_02_corrugated_eave_corner_inside_steep_a
physicsasset,#lm_roof_02_corrugated_eave_corner_outside_a
xmodeldetailcollision,#lm_roof_02_corrugated_eave_corner_outside_a
physicsasset,#lm_roof_02_corrugated_eave_corner_outside_steep_a
xmodeldetailcollision,#lm_roof_02_corrugated_eave_corner_outside_steep_a
physicsasset,#lm_roof_02_corrugated_ridge_01_128_diagonal_steep_a
xmodeldetailcollision,#lm_roof_02_corrugated_ridge_01_128_diagonal_steep_a
physicsasset,#lm_roof_02_corrugated_ridge_01_cap_diagonal_steep_a
xmodeldetailcollision,#lm_roof_02_corrugated_ridge_01_cap_diagonal_steep_a
physicsasset,#lm_roof_02_corrugated_ridge_01_end_a
xmodeldetailcollision,#lm_roof_02_corrugated_ridge_01_end_a
physicsasset,#lm_roof_02_corrugated_ridge_128_a
xmodeldetailcollision,#lm_roof_02_corrugated_ridge_128_a
physicsasset,#lm_roof_02_corrugated_ridge_128_diagonal_a
xmodeldetailcollision,#lm_roof_02_corrugated_ridge_128_diagonal_a
physicsasset,#lm_roof_02_corrugated_ridge_128_steep_a
xmodeldetailcollision,#lm_roof_02_corrugated_ridge_128_steep_a
physicsasset,#lm_roof_02_corrugated_ridge_256_steep_a
xmodeldetailcollision,#lm_roof_02_corrugated_ridge_256_steep_a
physicsasset,#lm_roof_02_corrugated_ridge_32_diagonal_a
xmodeldetailcollision,#lm_roof_02_corrugated_ridge_32_diagonal_a
physicsasset,#lm_roof_02_corrugated_ridge_64_diagonal_a
xmodeldetailcollision,#lm_roof_02_corrugated_ridge_64_diagonal_a
physicsasset,#lm_roof_02_corrugated_ridge_64_steep_a
xmodeldetailcollision,#lm_roof_02_corrugated_ridge_64_steep_a
physicsasset,#lm_roof_02_corrugated_ridge_cap_diagonal_a
xmodeldetailcollision,#lm_roof_02_corrugated_ridge_cap_diagonal_a
physicsasset,#lm_stairs_interior_concrete_01_2
xmodeldetailcollision,#lm_stairs_interior_concrete_01_2
physicsasset,#lm_stairs_interior_concrete_01_3
xmodeldetailcollision,#lm_stairs_interior_concrete_01_3
physicsasset,#lm_stairs_interior_concrete_01_8
xmodeldetailcollision,#lm_stairs_interior_concrete_01_8
physicsasset,#lm_street_don_bus_stop_a_01
xmodeldetailcollision,#lm_street_don_bus_stop_a_01
physicsasset,#lm_structural_balcony_cover_01_a
xmodeldetailcollision,#lm_structural_balcony_cover_01_a
physicsasset,#lm_structural_railing_int_180_01_right_a
xmodeldetailcollision,#lm_structural_railing_int_180_01_right_a
physicsasset,#lm_structural_railing_int_corner_01_a
xmodeldetailcollision,#lm_structural_railing_int_corner_01_a
physicsasset,#lm_structural_railing_int_steps_04_a
xmodeldetailcollision,#lm_structural_railing_int_steps_04_a
physicsasset,#lm_structural_railing_int_steps_08_a
xmodeldetailcollision,#lm_structural_railing_int_steps_08_a
physicsasset,#lm_structural_railing_int_straight_32_a
xmodeldetailcollision,#lm_structural_railing_int_straight_32_a
physicsasset,#lm_structural_railing_int_straight_64_a
xmodeldetailcollision,#lm_structural_railing_int_straight_64_a
physicsasset,#lm_structural_railing_int_transition_01_a
xmodeldetailcollision,#lm_structural_railing_int_transition_01_a
physicsasset,#lm_structural_railing_int_transition_02_a
xmodeldetailcollision,#lm_structural_railing_int_transition_02_a
physicsasset,#lm_structural_window_frame_res_01_a
xmodeldetailcollision,#lm_structural_window_frame_res_01_a
physicsasset,#lm_structural_window_frame_res_01_b
xmodeldetailcollision,#lm_structural_window_frame_res_01_b
physicsasset,#lm_structural_window_frame_res_02_a
xmodeldetailcollision,#lm_structural_window_frame_res_02_a
physicsasset,#lm_structural_window_frame_res_02_b
xmodeldetailcollision,#lm_structural_window_frame_res_02_b
physicsasset,#lm_structural_window_frame_res_03_a
xmodeldetailcollision,#lm_structural_window_frame_res_03_a
physicsasset,#lm_window_frame_metal_02_a
xmodeldetailcollision,#lm_window_frame_metal_02_a
physicsasset,#lm_window_frame_metal_02_b
xmodeldetailcollision,#lm_window_frame_metal_02_b
physicsasset,#lm_window_frame_metal_03_c_glass
xmodeldetailcollision,#lm_window_frame_metal_03_c_glass
physicsasset,#lm_window_frame_metal_exterior_double_dark_01
xmodeldetailcollision,#lm_window_frame_metal_exterior_double_dark_01
physicsasset,#lm_window_frame_metal_exterior_double_dark_02
xmodeldetailcollision,#lm_window_frame_metal_exterior_double_dark_02
physicsasset,#machinery_hose02
xmodeldetailcollision,#machinery_hose02
physicsasset,#me_appliance_vending_machine_snack_a_damaged
xmodeldetailcollision,#me_appliance_vending_machine_snack_a_damaged
physicsasset,#me_construction_plank_bridge_a_04
xmodeldetailcollision,#me_construction_plank_bridge_a_04
physicsasset,#me_construction_plank_bridge_a_05
xmodeldetailcollision,#me_construction_plank_bridge_a_05
physicsasset,#me_construction_plank_bridge_a_07
xmodeldetailcollision,#me_construction_plank_bridge_a_07
physicsasset,#me_construction_plank_bridge_a_08
xmodeldetailcollision,#me_construction_plank_bridge_a_08
physicsasset,#me_construction_plank_bridge_a_09
xmodeldetailcollision,#me_construction_plank_bridge_a_09
physicsasset,#me_construction_plank_bridge_a_10
xmodeldetailcollision,#me_construction_plank_bridge_a_10
physicsasset,#me_construction_plank_bridge_a_13
xmodeldetailcollision,#me_construction_plank_bridge_a_13
physicsasset,#me_construction_plank_bridge_a_14
xmodeldetailcollision,#me_construction_plank_bridge_a_14
physicsasset,#me_construction_plank_bridge_a_16
xmodeldetailcollision,#me_construction_plank_bridge_a_16
physicsasset,#me_construction_plank_bridge_a_17
xmodeldetailcollision,#me_construction_plank_bridge_a_17
physicsasset,#me_construction_plank_bridge_a_18
xmodeldetailcollision,#me_construction_plank_bridge_a_18
physicsasset,#me_construction_plank_bridge_a_20
xmodeldetailcollision,#me_construction_plank_bridge_a_20
physicsasset,#me_construction_plank_bridge_a_20_half
xmodeldetailcollision,#me_construction_plank_bridge_a_20_half
physicsasset,#me_construction_plank_bridge_a_21
xmodeldetailcollision,#me_construction_plank_bridge_a_21
physicsasset,#me_container_gas_plastic_melted
xmodeldetailcollision,#me_container_gas_plastic_melted
physicsasset,#me_debris_concrete_slab_platform_01
xmodeldetailcollision,#me_debris_concrete_slab_platform_01
physicsasset,#me_debris_concrete_slab_platform_02
xmodeldetailcollision,#me_debris_concrete_slab_platform_02
physicsasset,#me_electric_generator_01
xmodeldetailcollision,#me_electric_generator_01
physicsasset,#me_furniture_fancy_table_sm_01
xmodeldetailcollision,#me_furniture_fancy_table_sm_01
physicsasset,#me_light_ceiling_fluorescent_tube
xmodeldetailcollision,#me_light_ceiling_fluorescent_tube
xmodeldetailcollision,#me_light_ceiling_fluorescent_tube_on_warm_lm
physicsasset,#me_light_ceiling_fluorescent_tube_bulb_small
xmodeldetailcollision,#me_light_ceiling_fluorescent_tube_bulb_small
physicsasset,#me_school_chalk_board_01
xmodeldetailcollision,#me_school_chalk_board_01
physicsasset,#military_crate_large_stackable_02
xmodeldetailcollision,#military_crate_large_stackable_02
physicsasset,#mout_pipe_corrugated_96_standing
xmodeldetailcollision,#mout_pipe_corrugated_96_standing
physicsasset,#oil_drum_big_01
xmodeldetailcollision,#oil_drum_big_green_01
physicsasset,#p7_box_cardboard_a_closed
xmodeldetailcollision,#p7_box_cardboard_a_closed
physicsasset,#p7_box_cardboard_a_open01
xmodeldetailcollision,#p7_box_cardboard_a_open01
physicsasset,#p7_box_cardboard_b_closed
xmodeldetailcollision,#p7_box_cardboard_b_closed
physicsasset,#p7_box_cardboard_c_open02
xmodeldetailcollision,#p7_box_cardboard_c_open02
physicsasset,#p7_box_cardboard_d_closed
xmodeldetailcollision,#p7_box_cardboard_d_closed
physicsasset,#p7_foliage_flower_bouquet_glass
xmodeldetailcollision,#p7_foliage_flower_bouquet_glass
physicsasset,#p7_pottery_terracotta_e_orange_soil
xmodeldetailcollision,#uk_foliage_plant_potted_fern_01
physicsasset,#pipe_metal_painted_bend_90_sml
xmodeldetailcollision,#pipe_metal_painted_bend_90_sml
physicsasset,#pipe_metal_painted_straight_128
xmodeldetailcollision,#pipe_metal_painted_straight_128
physicsasset,#pipe_metal_painted_straight_16
xmodeldetailcollision,#pipe_metal_painted_straight_16
physicsasset,#pipe_metal_painted_straight_64
xmodeldetailcollision,#pipe_metal_painted_straight_64
physicsasset,#river_bed_dirt_pile_03
xmodeldetailcollision,#river_bed_dirt_pile_03
physicsasset,#rock_large_scotland_01
xmodeldetailcollision,#rock_large_scotland_01
physicsasset,#rock_large_scotland_03
xmodeldetailcollision,#rock_large_scotland_03_snow
physicsasset,#rock_medium_scotland_01
xmodeldetailcollision,#rock_medium_scotland_01_snow
physicsasset,#rock_medium_scotland_02
xmodeldetailcollision,#rock_medium_scotland_02_snow
physicsasset,#rock_medium_scotland_03
xmodeldetailcollision,#rock_medium_scotland_03_snow
physicsasset,#rock_medium_scotland_04
xmodeldetailcollision,#rock_medium_scotland_04_snow
physicsasset,#roof_asbestos_sheet_128x128_01
xmodeldetailcollision,#roof_asbestos_sheet_128x128_01_2sided
physicsasset,#roof_asbestos_sheet_32x64_01
xmodeldetailcollision,#roof_asbestos_sheet_32x64_01_2sided
physicsasset,#roof_asbestos_sheet_64x32_01
xmodeldetailcollision,#roof_asbestos_sheet_64x32_01_2sided
xmodeldetailcollision,#roof_asbestos_sheet_64x32_02_2sided
physicsasset,#roof_asbestos_sheet_64x64_01
xmodeldetailcollision,#roof_asbestos_sheet_64x64_02_2sided
physicsasset,#sandbag_01
xmodeldetailcollision,#sandbag_01_brown
physicsasset,#sandbag_wall_pieces_arrey_mp_long_01
xmodeldetailcollision,#sandbag_wall_pieces_arrey_mp_long_01_brown
physicsasset,#sandbag_wall_pieces_endcap_mp_02
xmodeldetailcollision,#sandbag_wall_pieces_endcap_mp_02_brown
physicsasset,#sandbag_wall_pieces_endcap_sp_01
xmodeldetailcollision,#sandbag_wall_pieces_endcap_sp_01
physicsasset,#school_locker_closed_01
xmodeldetailcollision,#school_locker_closed_01
physicsasset,#sign_public_bathroom_fancy_man
xmodeldetailcollision,#sign_public_bathroom_fancy_man
physicsasset,#sign_public_bathroom_fancy_woman
xmodeldetailcollision,#sign_public_bathroom_fancy_woman
physicsasset,#small_branch_01
xmodeldetailcollision,#small_branch_01
physicsasset,#terrain_snow_pile_b
xmodeldetailcollision,#terrain_snow_pile_b
physicsasset,#terrain_snow_pile_f
xmodeldetailcollision,#terrain_snow_pile_f
physicsasset,#terrain_snow_pile_frozen_01
xmodeldetailcollision,#terrain_snow_pile_frozen_01
physicsasset,#terrain_snow_pile_frozen_02
xmodeldetailcollision,#terrain_snow_pile_frozen_02
physicsasset,#terrain_snow_pile_g
xmodeldetailcollision,#terrain_snow_pile_g
physicsasset,#terrain_snow_pile_h
xmodeldetailcollision,#terrain_snow_pile_h
physicsasset,#terrain_snow_pile_i
xmodeldetailcollision,#terrain_snow_pile_i
physicsasset,#tool_bow_rake_01
xmodeldetailcollision,#tool_bow_rake_01
physicsasset,#tool_broom_wood_01
xmodeldetailcollision,#tool_broom_wood_01
physicsasset,#tool_rake_shovel_01
xmodeldetailcollision,#tool_rake_shovel_01
physicsasset,#tool_shop_broom
xmodeldetailcollision,#tool_shop_broom
physicsasset,#tool_watercan_01
xmodeldetailcollision,#tool_watercan_01
physicsasset,#trash_can_garbagebin_trashbundle
xmodeldetailcollision,#trash_can_garbagebin_trashbundle
physicsasset,#trash_plastic_bags
xmodeldetailcollision,#trash_plastic_bags_white
physicsasset,#trash_plastic_bin_green_open_01
xmodeldetailcollision,#trash_plastic_bin_blue_open_01
physicsasset,#trq_choco_shop_shelf_01_corner
xmodeldetailcollision,#trq_choco_shop_shelf_01_corner
physicsasset,#trq_choco_shop_shelf_01_straight
xmodeldetailcollision,#trq_choco_shop_shelf_01_straight
physicsasset,#uk_appliance_microwave_02
xmodeldetailcollision,#uk_appliance_microwave_02
physicsasset,#uk_appliance_oven_wall_lid_01
xmodeldetailcollision,#uk_appliance_oven_wall_lid_01
physicsasset,#uk_appliance_refrigerator_slim_01
xmodeldetailcollision,#uk_appliance_refrigerator_slim_01
physicsasset,#uk_brick_wall_pillar_cap_01
xmodeldetailcollision,#uk_brick_wall_pillar_cap_01
physicsasset,#uk_building_exterior_concrete_stairs_32_center_01
xmodeldetailcollision,#uk_building_exterior_concrete_stairs_32_center_01
physicsasset,#uk_building_exterior_concrete_stairs_worn_03
xmodeldetailcollision,#uk_building_exterior_concrete_stairs_worn_03
physicsasset,#uk_car_body_paint_filler_01_destr
xmodeldetailcollision,#container_paint_can_01
physicsasset,#uk_corkboard_garage_32x24_01
xmodeldetailcollision,#uk_corkboard_garage_32x24_01
physicsasset,#uk_corkboard_garage_96x48_01_old
xmodeldetailcollision,#uk_corkboard_garage_96x48_01_old
physicsasset,#uk_decor_fast_food_table_01
xmodeldetailcollision,#uk_decor_fast_food_table_01
physicsasset,#uk_decor_white_board_rolling_01
xmodeldetailcollision,#uk_decor_white_board_rolling_01
physicsasset,#uk_decor_window_curtain_02_tied_l
xmodeldetailcollision,#uk_decor_window_curtain_02_tied_l
physicsasset,#uk_decor_window_curtain_02_tied_r
xmodeldetailcollision,#uk_decor_window_curtain_02_tied_r
physicsasset,#uk_decor_window_curtain_rod_01
xmodeldetailcollision,#uk_decor_window_curtain_rod_01
physicsasset,#uk_desk_office_01_static
xmodeldetailcollision,#uk_desk_office_01_static
physicsasset,#uk_electrical_box_high_voltage_01
xmodeldetailcollision,#uk_electrical_box_high_voltage_01
physicsasset,#uk_foliage_plant_potted_fern_01_hanging
xmodeldetailcollision,#uk_foliage_plant_potted_fern_01_hanging
physicsasset,#uk_furniture_cabinet_curio_01
xmodeldetailcollision,#uk_furniture_cabinet_curio_01
physicsasset,#uk_furniture_chair_rocking_01
xmodeldetailcollision,#uk_furniture_chair_rocking_01
physicsasset,#uk_furniture_side_table_01
xmodeldetailcollision,#uk_furniture_side_table_01
physicsasset,#uk_furniture_wall_table_small_01
xmodeldetailcollision,#uk_furniture_wall_table_small_01
physicsasset,#uk_garage_workbench_01
xmodeldetailcollision,#uk_garage_workbench_01
physicsasset,#uk_house_baseboard_01_128
xmodeldetailcollision,#uk_house_baseboard_01_128
physicsasset,#uk_house_baseboard_01_16
xmodeldetailcollision,#uk_house_baseboard_01_16
physicsasset,#uk_house_baseboard_01_32
xmodeldetailcollision,#uk_house_baseboard_01_32
physicsasset,#uk_house_baseboard_01_4
xmodeldetailcollision,#uk_house_baseboard_01_4
physicsasset,#uk_house_baseboard_01_64
xmodeldetailcollision,#uk_house_baseboard_01_64
physicsasset,#uk_house_baseboard_01_8
xmodeldetailcollision,#uk_house_baseboard_01_8
physicsasset,#uk_house_baseboard_01_8_corner_in
xmodeldetailcollision,#uk_house_baseboard_01_8_corner_in
physicsasset,#uk_house_gutter_128_01
xmodeldetailcollision,#uk_house_gutter_128_01_tin
physicsasset,#uk_house_gutter_32_01
xmodeldetailcollision,#uk_house_gutter_32_01_tin
physicsasset,#uk_house_gutter_64_01
xmodeldetailcollision,#uk_house_gutter_64_01_tin
physicsasset,#uk_house_gutter_corner_01
xmodeldetailcollision,#uk_house_gutter_corner_01_tin
physicsasset,#uk_house_gutter_head_cap_01
xmodeldetailcollision,#uk_house_gutter_head_cap_01_tin
physicsasset,#uk_house_gutter_pipe_128_01
xmodeldetailcollision,#uk_house_gutter_pipe_128_01_tin
physicsasset,#uk_house_gutter_pipe_128_curved_01
xmodeldetailcollision,#uk_house_gutter_pipe_128_curved_01_tin
physicsasset,#uk_house_gutter_pipe_24_01
xmodeldetailcollision,#uk_house_gutter_pipe_24_01_tin
physicsasset,#uk_house_gutter_pipe_32_end_01
xmodeldetailcollision,#uk_house_gutter_pipe_32_end_01_tin
physicsasset,#uk_house_gutter_pipe_64_01
xmodeldetailcollision,#uk_house_gutter_pipe_64_01_tin
physicsasset,#uk_house_gutter_pipe_elbow_section_02
xmodeldetailcollision,#uk_house_gutter_pipe_elbow_section_02
physicsasset,#uk_house_gutter_pipe_groundspout_01
xmodeldetailcollision,#uk_house_gutter_pipe_groundspout_01_tin
physicsasset,#uk_house_staircase_01_handrail_flat
xmodeldetailcollision,#uk_house_staircase_01_handrail_flat
physicsasset,#uk_house_staircase_01_handrail_flat_corner
xmodeldetailcollision,#uk_house_staircase_01_handrail_flat_corner
physicsasset,#uk_house_staircase_01_handrail_post
xmodeldetailcollision,#uk_house_staircase_01_handrail_post
physicsasset,#uk_industrial_light_01
xmodeldetailcollision,#uk_industrial_light_01
xmodeldetailcollision,#uk_industrial_light_01_on_lm
physicsasset,#uk_industrial_light_02
xmodeldetailcollision,#uk_industrial_light_02
physicsasset,#uk_int_wood_beam_100_01
xmodeldetailcollision,#uk_int_wood_beam_100_01
physicsasset,#uk_janitor_mop_bucket_01
xmodeldetailcollision,#uk_janitor_mop_bucket_01
physicsasset,#uk_kitchen_cabinet_01_16_top
xmodeldetailcollision,#uk_kitchen_cabinet_02_16_top
physicsasset,#uk_kitchen_cabinet_01_36_top
xmodeldetailcollision,#uk_kitchen_cabinet_02_36_top
physicsasset,#uk_kitchen_cabinet_01_38_btm
xmodeldetailcollision,#uk_kitchen_cabinet_02_38_btm
physicsasset,#uk_kitchen_cabinet_01_btm_corner_a
xmodeldetailcollision,#uk_kitchen_cabinet_02_btm_corner_a
physicsasset,#uk_kitchen_cabinet_01_btm_corner_a_door_l
xmodeldetailcollision,#uk_kitchen_cabinet_02_btm_corner_a_door_l
physicsasset,#uk_kitchen_cabinet_01_btm_corner_a_door_r
xmodeldetailcollision,#uk_kitchen_cabinet_02_btm_corner_a_door_r
physicsasset,#uk_kitchen_cabinet_01_door_top_l
xmodeldetailcollision,#uk_kitchen_cabinet_02_door_top_l
physicsasset,#uk_kitchen_cabinet_01_door_top_r
xmodeldetailcollision,#uk_kitchen_cabinet_02_door_top_r
physicsasset,#uk_kitchen_cabinet_01_island_b
xmodeldetailcollision,#uk_kitchen_cabinet_02_island_b
physicsasset,#uk_kitchen_cabinet_01_sink_a
xmodeldetailcollision,#uk_kitchen_cabinet_02_sink_a
physicsasset,#uk_kitchen_light_hanging_ceiling_lamp_01_on
xmodeldetailcollision,#uk_kitchen_light_hanging_ceiling_lamp_01_on_lm
physicsasset,#uk_kitchen_light_hanging_ceiling_lamp_01_pristine_static
xmodeldetailcollision,#uk_kitchen_light_hanging_ceiling_lamp_01_pristine_static
physicsasset,#uk_kitchen_stove_electronic_01
xmodeldetailcollision,#uk_kitchen_stove_electronic_01
physicsasset,#uk_lighting_ceiling_fixture_02
xmodeldetailcollision,#uk_lighting_ceiling_fixture_02
physicsasset,#uk_lighting_ceiling_fixture_02_off
xmodeldetailcollision,#uk_lighting_ceiling_fixture_02_off
physicsasset,#uk_lighting_ceiling_fixture_02_on
physicsasset,#uk_lighting_victorian_outdoor_lamp_01
xmodeldetailcollision,#uk_lighting_victorian_outdoor_lamp_01
physicsasset,#uk_metal_frame_warehouse_04
xmodeldetailcollision,#uk_metal_frame_warehouse_04
physicsasset,#uk_metal_frame_warehouse_05
xmodeldetailcollision,#uk_metal_frame_warehouse_05
physicsasset,#uk_metal_frame_warehouse_05_04
xmodeldetailcollision,#uk_metal_frame_warehouse_05_04
physicsasset,#uk_nursery_dresser_01_worn
xmodeldetailcollision,#uk_nursery_dresser_01
physicsasset,#uk_nursery_dresser_drawer_lg_01_worn
xmodeldetailcollision,#uk_nursery_dresser_drawer_lg_01_worn
physicsasset,#uk_nursery_dresser_drawer_sm_01_worn
xmodeldetailcollision,#uk_nursery_dresser_drawer_sm_02_worn
physicsasset,#uk_portable_radio_01
xmodeldetailcollision,#uk_portable_radio_01
physicsasset,#uk_scaffold_kit_256_01
xmodeldetailcollision,#uk_scaffold_kit_256_01
physicsasset,#uk_scaffold_kit_256_03
xmodeldetailcollision,#uk_scaffold_kit_256_03
physicsasset,#uk_scaffold_kit_base_256_01
xmodeldetailcollision,#uk_scaffold_kit_base_256_01
physicsasset,#uk_scaffold_kit_pole_128_02
xmodeldetailcollision,#uk_scaffold_kit_pole_128_02_wet
physicsasset,#uk_shelf_garage_02_19x54x71
xmodeldetailcollision,#uk_shelf_garage_02_19x54x71
physicsasset,#uk_siding_metal_corrugated_01_128x40
xmodeldetailcollision,#uk_siding_metal_corrugated_01_128x40_unpainted_2sided
physicsasset,#uk_stairs_int_wood_worn_02_2step
xmodeldetailcollision,#uk_stairs_int_wood_worn_02_2step
physicsasset,#uk_stairs_int_wood_worn_02_4step
xmodeldetailcollision,#uk_stairs_int_wood_worn_02_4step
physicsasset,#uk_storage_wall_light_01
xmodeldetailcollision,#uk_storage_wall_light_01_broken
physicsasset,#uk_tire_stack_01
xmodeldetailcollision,#uk_tire_stack_01
physicsasset,#uk_tv_vcr_player_01
xmodeldetailcollision,#uk_tv_vcr_player_01
physicsasset,#uk_wall_brick_corner_02_24
xmodeldetailcollision,#uk_wall_brick_corner_02_24
physicsasset,#uk_wall_brick_corner_02_64
xmodeldetailcollision,#uk_wall_brick_corner_02_64
physicsasset,#uk_wall_brick_corner_02_72
xmodeldetailcollision,#uk_wall_brick_corner_02_72
physicsasset,#uk_wall_wood_stud_frame_01_2x120
xmodeldetailcollision,#uk_wall_wood_stud_frame_01_2x120
physicsasset,#uk_wall_wood_stud_frame_01_32x120
xmodeldetailcollision,#uk_wall_wood_stud_frame_01_32x120
physicsasset,#uk_wall_wood_stud_frame_01_64x120
xmodeldetailcollision,#uk_wall_wood_stud_frame_01_64x120
physicsasset,#uk_wall_wood_stud_frame_01_64x24
xmodeldetailcollision,#uk_wall_wood_stud_frame_01_64x24
physicsasset,#uk_walls_drywall_01_64x120
xmodeldetailcollision,#uk_walls_drywall_01_64x120
physicsasset,#uk_window_sill_brick_end_01_40a
xmodeldetailcollision,#uk_window_sill_brick_end_01_40a
physicsasset,#uk_windows_sill_concrete_01
xmodeldetailcollision,#uk_windows_sill_concrete_01
physicsasset,#un_furniture_bench_wood_worn
xmodeldetailcollision,#un_furniture_bench_wood_worn
physicsasset,#un_industrial_wooden_pallet_01
xmodeldetailcollision,#un_industrial_wooden_pallet_01
physicsasset,#un_military_duffle_bag_small_01
xmodeldetailcollision,#un_military_duffle_bag_small_04
physicsasset,#un_office_desk_phone_01
xmodeldetailcollision,#un_office_desk_phone_cordless_rig
physicsasset,#un_wall_set_marble_01_mid_pillar
xmodeldetailcollision,#un_wall_set_brick_01_mid_pillar
physicsasset,#utility_vent_adapter_01_md
xmodeldetailcollision,#utility_vent_adapter_01_md
physicsasset,#utility_vent_box_01_04
xmodeldetailcollision,#utility_vent_box_01_04
physicsasset,#utility_vent_box_01_32
xmodeldetailcollision,#utility_vent_box_01_32
physicsasset,#utility_vent_box_01_48
xmodeldetailcollision,#utility_vent_box_01_48
physicsasset,#utility_vent_box_01_64
xmodeldetailcollision,#utility_vent_box_01_64
physicsasset,#utility_vent_box_curve_01
xmodeldetailcollision,#utility_vent_box_curve_01
physicsasset,#utility_vent_round_01_16
xmodeldetailcollision,#utility_vent_round_01_16
physicsasset,#utility_vent_round_01_curve_02
xmodeldetailcollision,#utility_vent_round_01_curve_02
physicsasset,#veh8_civ_air_plima_table_01
xmodeldetailcollision,#veh8_civ_air_plima_table_01
physicsasset,#veh8_civ_lnd_buniform_long_static_ee_lm
xmodeldetailcollision,#veh8_civ_lnd_buniform_long_static_ee_lm_black
physicsasset,#veh8_civ_lnd_buniform_long_static_ee_lm_doors_op
xmodeldetailcollision,#veh8_civ_lnd_buniform_long_static_ee_lm_doors_op_black
physicsasset,#veh8_civ_lnd_buniform_long_static_ee_lm_wheel_back
xmodeldetailcollision,#veh8_civ_lnd_buniform_long_static_ee_lm_wheel_back
physicsasset,#veh8_civ_lnd_buniform_long_static_ee_lm_wheel_front
xmodeldetailcollision,#veh8_civ_lnd_buniform_long_static_ee_lm_wheel_front
physicsasset,#veh8_civ_lnd_palfa_interior_bench_02
xmodeldetailcollision,#veh8_civ_lnd_palfa_interior_bench_02
physicsasset,#veh8_civ_lnd_skilo_static_dst
xmodeldetailcollision,#veh8_civ_lnd_skilo_static_dst_grey
physicsasset,#veh8_ind_lnd_buniform_static
xmodeldetailcollision,#veh8_ind_lnd_buniform_static
physicsasset,#vehicle_boat_wood_01
xmodeldetailcollision,#vehicle_boat_wood_01_lm
physicsasset,#vent_industrial_exhaust_01
xmodeldetailcollision,#vent_industrial_exhaust_01
physicsasset,#watertank_ladder_144
xmodeldetailcollision,#watertank_ladder_144
physicsasset,#watertank_ladder_288
xmodeldetailcollision,#watertank_ladder_288
physicsasset,#watertank_ladder_36
xmodeldetailcollision,#watertank_ladder_36
physicsasset,#watertank_ladder_72
xmodeldetailcollision,#watertank_ladder_72
physicsasset,#watertank_ladder_short_top
xmodeldetailcollision,#watertank_ladder_short_top
physicsasset,#window_exterior_metal_bar_d_1
xmodeldetailcollision,#window_exterior_metal_bar_d_1
physicsasset,#worn_cardboard_box_stack_01
xmodeldetailcollision,#me_garbage_box_cardboard_stack_01
xmodeldetailcollision,#com_fire_extinguisher_incase
xmodeldetailcollision,#ee_ground_geo_rock_sharp_snow
xmodeldetailcollision,#ee_sign_commercial_test_96x72
xmodeldetailcollision,#lm_tree_dead_branch_01
xmodeldetailcollision,#lm_window_blocker_cardboard_02
xmodeldetailcollision,#lm_window_blocker_foil_02
xmodeldetailcollision,#uk_lighting_spotlight_01_on_lm
collisiontile,#collisiontile624